0 0.0 0.0 0.0 -5.551115e-17 -3.330669e-16 2.220446e-16
1 0.001761073131854416 0.009663326128391249 0.961878269967822 -0.01101102 -0.01712164 0.961713
2 0.0019057067130276025 0.01831167535345027 1.9251615837949871 -0.01699529 -0.03304158 1.924885
3 0.02247067959735746 0.016039130020734697 2.888690105773176 -0.03106702 -0.06341853 2.888054
4 -0.011406710399910518 0.015190771691932751 3.8489664151503424 -0.04462738 -0.09503621 3.848312
5 -0.019513829394357567 0.02412499507061415 4.807554816276404 -0.05337242 -0.1222173 4.806551
6 -0.009383588927521821 0.022353709997644095 5.740247667559902 -0.06458549 -0.1448705 5.738958
7 0.0076369501814049535 0.007003513740837589 6.677507500429563 -0.07542792 -0.1535673 6.676395
8 0.02791825125932579 0.012741361024474797 7.607245226052614 -0.08936429 -0.1678814 7.606157
9 -0.004939393621024819 0.012187761977783096 8.536138301569757 -0.1013034 -0.1791661 8.535486
10 -0.04603244853862937 0.02485103608035637 9.465644229813963 -0.1141317 -0.1865848 9.465868
11 -0.046549320426600024 0.03638663654309412 10.38873542896061 -0.1275574 -0.1916301 10.38892
12 -0.04655491115908688 0.044604988388246926 11.339446996983563 -0.1421945 -0.1997185 11.33952
13 -0.07076190371704212 0.05340238619812142 12.223234744911691 -0.1548813 -0.2155601 12.22345
14 -0.11403191815016503 0.04873535404667315 13.132326188025829 -0.1693123 -0.2354858 13.13325
15 -0.19672876079725315 0.073764482667696 14.036790169863488 -0.1849063 -0.2602522 14.04136
16 -0.203722562230176 0.07531812384873297 14.941174224565101 -0.1992846 -0.2760574 14.94552
17 -0.18519210934712044 0.05777667131984521 15.841781491350716 -0.2169483 -0.2851106 15.84627
18 -0.26920480253160567 0.06349931429630731 16.73489623403919 -0.236713 -0.293361 16.74309
19 -0.2590009206741305 0.08082618525534986 17.62661737458652 -0.2548521 -0.2982439 17.63484
20 -0.2652003947052539 0.08683423777365919 18.51878306263268 -0.2730779 -0.3044055 18.52684
21 -0.3443664916064416 0.08574426705556186 19.40288579189355 -0.2937433 -0.3138402 19.41419
22 -0.34034599220984296 0.0781504165470912 20.28373597438491 -0.3146034 -0.3236882 20.29478
0 0.0 0.0 0.0 -5.551115e-17 -3.330669e-16 2.220446e-16
1 0.001761073131854416 0.009663326128391249 0.961878269967822 -0.01101102 -0.01712164 0.961713
2 0.0019057067130276025 0.01831167535345027 1.9251615837949871 -0.01699529 -0.03304158 1.924885
3 0.02247067959735746 0.016039130020734697 2.888690105773176 -0.03106702 -0.06341853 2.888054
4 -0.011406710399910518 0.015190771691932751 3.8489664151503424 -0.04462738 -0.09503621 3.848312
5 -0.019513829394357567 0.02412499507061415 4.807554816276404 -0.05337242 -0.1222173 4.806551
6 -0.009383588927521821 0.022353709997644095 5.740247667559902 -0.06458549 -0.1448705 5.738958
7 0.0076369501814049535 0.007003513740837589 6.677507500429563 -0.07542792 -0.1535673 6.676395
8 0.02791825125932579 0.012741361024474797 7.607245226052614 -0.08936429 -0.1678814 7.606157
9 -0.004939393621024819 0.012187761977783096 8.536138301569757 -0.1013034 -0.1791661 8.535486
10 -0.04603244853862937 0.02485103608035637 9.465644229813963 -0.1141317 -0.1865848 9.465868
11 -0.046549320426600024 0.03638663654309412 10.38873542896061 -0.1275574 -0.1916301 10.38892
12 -0.04655491115908688 0.044604988388246926 11.339446996983563 -0.1421945 -0.1997185 11.33952
13 -0.07076190371704212 0.05340238619812142 12.223234744911691 -0.1548813 -0.2155601 12.22345
14 -0.11403191815016503 0.04873535404667315 13.132326188025829 -0.1693123 -0.2354858 13.13325
15 -0.19672876079725315 0.073764482667696 14.036790169863488 -0.1849063 -0.2602522 14.04136
16 -0.203722562230176 0.07531812384873297 14.941174224565101 -0.1992846 -0.2760574 14.94552
17 -0.18519210934712044 0.05777667131984521 15.841781491350716 -0.2169483 -0.2851106 15.84627
18 -0.26920480253160567 0.06349931429630731 16.73489623403919 -0.236713 -0.293361 16.74309
19 -0.2590009206741305 0.08082618525534986 17.62661737458652 -0.2548521 -0.2982439 17.63484
20 -0.2652003947052539 0.08683423777365919 18.51878306263268 -0.2730779 -0.3044055 18.52684
21 -0.3443664916064416 0.08574426705556186 19.40288579189355 -0.2937433 -0.3138402 19.41419
22 -0.34034599220984296 0.0781504165470912 20.28373597438491 -0.3146034 -0.3236882 20.29478
23 -0.3452050996061799 0.07177036602296137 21.158026423826875 -0.3335669 -0.3220398 21.1689
24 -0.3707273968194357 0.07017082476855299 22.02687224998451 -0.3517749 -0.3205089 22.03793
25 -0.43131347118290464 0.07397429498993201 22.887951347843977 -0.372549 -0.3172185 22.90089
26 -0.39896426233813004 0.07237371032475602 23.744433028230553 -0.3933684 -0.3159266 23.75773
27 -0.4044825780262057 0.06888355875386283 24.602314885197025 -0.4121035 -0.3140241 24.61543
28 -0.46185370855786384 0.05739695795848549 25.427187342588965 -0.4280328 -0.3057383 25.44218
29 -0.5006194924568482 0.04993707971660129 26.25052788109316 -0.4474023 -0.2988492 26.26621
30 -0.5128537151761904 0.04437378609614689 27.064886113960362 -0.4690774 -0.293049 27.08037
31 -0.5132611493839416 0.04168983348856776 27.86180055182828 -0.491623 -0.2934051 27.87697
32 -0.5251727411592453 0.03661983493336234 28.654646394387065 -0.5147234 -0.2982767 28.66957
33 -0.5394170959986985 0.041664092446277154 29.439992428273435 -0.5377287 -0.3030386 29.45471
34 -0.5661657699996191 0.036893745961186976 30.211806750181307 -0.5610502 -0.3024561 30.22665
35 -0.6135592340761946 0.02920909329201974 30.977349998519816 -0.5837097 -0.2893166 30.99325
36 -0.6478286403255131 0.02261939872740579 31.737071997276086 -0.6098827 -0.284946 31.75331
37 -0.6709866938957093 0.04055306031190303 32.48114306695896 -0.6373473 -0.2859582 32.49745
38 -0.7145980566251525 0.03663811903607422 33.218013156356726 -0.669497 -0.2913155 33.2349
39 -0.7911825408091498 0.020391792188768302 33.942172763093396 -0.7070281 -0.2980989 33.96228
40 -0.7893550063332974 0.02428916113533706 34.68452603730443 -0.7475972 -0.3011809 34.70353
41 -0.8198573655139182 0.017918268967874934 35.3745380707249 -0.7861231 -0.3012987 35.39317
42 -0.8229879175632314 0.019062269994989577 36.06808866007781 -0.8225011 -0.2935002 36.08573
43 -0.8768648984372197 0.03273723667234159 36.754463977388866 -0.8579745 -0.2845601 36.77338
44 -0.8790159756756424 0.0341549579307262 37.43147431899504 -0.8979841 -0.2829222 37.44921
45 -0.9389673524332995 0.06520759452098723 38.09117474325693 -0.9356939 -0.2753503 38.11124
46 -1.0272751148287396 0.07931106524459419 38.73814034523301 -0.966244 -0.2643952 38.76355
47 -1.0636471789855693 0.06925165764374448 39.374732648390655 -0.9940685 -0.2590333 39.40063
48 -1.081044196757045 0.07919949119415745 40.011937706923874 -1.022967 -0.2546909 40.03748
49 -1.1190898368687274 0.09664197911897371 40.66070933756903 -1.054571 -0.2561416 40.68683
50 -1.1392172271680583 0.07908171434291857 41.26605726659334 -1.082779 -0.2559993 41.29211
51 -1.1906813467721604 0.07453997392386266 41.86311251817438 -1.107347 -0.2542439 41.89089
52 -1.2239644971725658 0.08717470559865907 42.4471864522036 -1.127463 -0.2504927 42.47569
53 -1.239310726314314 0.09710520554236497 43.015680199282876 -1.143225 -0.2472759 43.04425
54 -1.2709186939055612 0.10752084589807118 43.56297177453787 -1.156523 -0.2461265 43.59239
55 -1.2537464776454887 0.09388246092264893 44.08964426776836 -1.163695 -0.2463307 44.11947
56 -1.2351267768265872 0.0897922666594081 44.596868808448775 -1.165311 -0.2460311 44.62705
57 -1.2697210965009984 0.08775022569333375 45.07908086412615 -1.165281 -0.2401569 45.11047
58 -1.2737113941733376 0.09838175570642173 45.542983016959 -1.162119 -0.2348502 45.57447
59 -1.260166027421052 0.08770360881800976 45.9822057460332 -1.153911 -0.2368661 46.01395
60 -1.2186404172934442 0.08971388944663573 46.40206329940139 -1.139704 -0.2380301 46.43562
61 -1.1670729394716586 0.09049058450906663 46.79629070056997 -1.11911 -0.2395256 46.83267
62 -1.1544766113802247 0.0849529821423731 47.168516370041395 -1.098158 -0.2391747 47.20456
63 -1.1399468890148212 0.09476309158599747 47.53142745809125 -1.077742 -0.2387525 47.56732
64 -1.1014179893743143 0.10279070698403392 47.8405517986808 -1.059487 -0.2404154 47.8784
65 -1.0813621471584691 0.10674989418136901 48.13903204800184 -1.036133 -0.2443984 48.17664
66 -1.0465345320262036 0.09339838824135756 48.412504688216856 -1.006263 -0.2532706 48.45088
67 -1.0266533454993507 0.09566074718971655 48.679603661608226 -0.9730963 -0.2607772 48.71656
68 -1.0201050759146868 0.0925741552922166 48.94113125420731 -0.9369557 -0.2675893 48.97559
69 -0.977095427278125 0.09779091304375948 49.19733593879215 -0.8977462 -0.2734425 49.23239
70 -0.9143363778396455 0.10863241850756677 49.447421759552135 -0.8567415 -0.280568 49.48708
71 -0.8502521269553884 0.1135489395523208 49.70665665663858 -0.8084309 -0.2860922 49.7497
72 -0.8003474646412736 0.10610905560898491 49.94322638037242 -0.7577117 -0.2915714 49.98615
73 -0.7516310606525833 0.10252838812893691 50.19031668711775 -0.6971579 -0.2967619 50.23058
74 -0.6870956523747929 0.10343279788508322 50.43791943824233 -0.6296551 -0.3022908 50.47733
75 -0.5952791080657794 0.10311418012183986 50.65917768081007 -0.5626253 -0.3067843 50.70727
76 -0.5086406893378621 0.08658646559184513 50.89227730361112 -0.4889211 -0.3117062 50.9453
77 -0.4330378966461405 0.08344578866901277 51.13045572408981 -0.4074937 -0.3179085 51.18149
78 -0.31798269639349397 0.07267119332903174 51.35813060540019 -0.3172192 -0.3255041 51.4202
79 -0.2304486045272791 0.06868676201511234 51.60056682903231 -0.2212449 -0.3340796 51.6593
80 -0.13285165349966732 0.06945227676894777 51.84596178037177 -0.114714 -0.3439537 51.90075
81 0.0015963804893382727 0.0605456228587045 52.06425228326895 0.0002735872 -0.3544958 52.12982
82 0.1408743685542831 0.061371972684817686 52.28540453063401 0.1309526 -0.3642721 52.35595
83 0.3111658196923109 0.06808155365641723 52.49152870842189 0.2760316 -0.3733939 52.58045
84 0.4741646563421856 0.06119492113170851 52.7034054492078 0.4279778 -0.3824345 52.80031
85 0.6201622511599195 0.06453413282414946 52.933842288920744 0.5907911 -0.3919068 53.01901
86 0.8009823795192922 0.06311174850462506 53.157987040265574 0.7701079 -0.4025973 53.24411
87 1.0040603271987256 0.06848981077436633 53.37991684692341 0.965237 -0.4147601 53.4728
88 1.2220948796163427 0.04784598972558649 53.590671863436526 1.172293 -0.4302534 53.69477
89 1.4526109553977995 0.04253044162532129 53.82213871502593 1.401712 -0.4467404 53.9268
90 1.685932468005325 0.04155761855289795 54.073260603190015 1.658262 -0.4647131 54.15343
91 1.9666327101425694 0.04710057463456258 54.298275765755136 1.94608 -0.4776399 54.36895
92 2.287946192233136 0.052292390928341 54.517909826784035 2.269729 -0.4777691 54.58519
93 2.6175138953929444 0.0426253298926288 54.74337701780983 2.612681 -0.4832195 54.78988
94 2.9802696749810176 0.05846556638373724 54.93356034325411 2.973763 -0.4792758 54.98383
95 3.3803627783234464 0.029984733008020265 55.08279294963626 3.359263 -0.4860892 55.16957
96 3.796269172339607 0.003505068379225682 55.222093656921004 3.766145 -0.4913921 55.33541
97 4.215764034379092 -0.013038811806584026 55.40447940379592 4.198361 -0.5166196 55.48396
98 4.667053586863906 -0.01767154621776964 55.51045337851868 4.641416 -0.5396177 55.61845
99 5.120858460958283 -0.025107906108222482 55.64814330788483 5.103719 -0.5645924 55.72143
100 5.604321437381151 -0.05489678524681796 55.71907398667911 5.585536 -0.5957735 55.80227
101 6.107371322700303 -0.08768218282815937 55.77121059466267 6.088519 -0.6266796 55.85617
102 6.628309523634145 -0.10709496671332182 55.84569808594731 6.612372 -0.6532414 55.9028
103 7.141410661197608 -0.08913477376663162 55.89739341780279 7.126377 -0.6821309 55.9379
104 7.672728449207311 -0.09795528158269703 55.95178685121119 7.658631 -0.724289 55.95413
105 8.224298704448671 -0.08884917077428905 55.99626757843508 8.20958 -0.7737852 55.97135
106 8.790971431260553 -0.07859161059246624 56.003228212462275 8.774944 -0.8137508 55.97751
107 9.36871963184943 -0.05881992771158014 56.02206258520504 9.351661 -0.857379 55.98323
108 9.949941623327106 -0.026625019201636166 55.984858827914664 9.933246 -0.9020616 55.98182
109 10.554982051930276 -0.0015317905866947604 56.01097233788808 10.53767 -0.947374 55.97984
110 11.1565406659289 0.017524115696372116 56.00587365316799 11.13754 -0.9965387 55.979
111 11.774245868117914 0.03708347050504167 55.95083617700685 11.75501 -1.055254 55.96304
112 12.405087897602757 0.06318073391217874 55.93118566103139 12.38276 -1.117194 55.92954
113 13.044932955665718 0.07963419956132568 55.92591799271058 13.02027 -1.167977 55.90304
114 13.698915255700477 0.10018328186061054 55.8960791695618 13.67308 -1.217524 55.8833
115 14.358342316721352 0.1400417064136622 55.840098799059994 14.33357 -1.269538 55.85852
116 15.039017453604602 0.16139652567803456 55.79766499055598 15.01321 -1.317429 55.82149
117 15.72654832920879 0.18101325589079623 55.79643876435467 15.69798 -1.366117 55.77901
118 16.41762270699313 0.1987310463351678 55.76239749076278 16.38718 -1.417061 55.74074
119 17.113263923313262 0.21807005211623776 55.710732937527126 17.08252 -1.462354 55.70318
120 17.812162395521717 0.25220400257366626 55.63305892475671 17.78472 -1.502437 55.6721
121 18.53038898291014 0.2940719714746383 55.574215714192654 18.50468 -1.545746 55.643
122 19.26774030834823 0.337931104133656 55.55256634004262 19.24155 -1.593908 55.61503
123 20.004947165606424 0.37523020668519397 55.51573969050259 19.97824 -1.647724 55.59027
124 20.739486457108683 0.4051605762896407 55.56047332455685 20.71281 -1.696725 55.56904
125 21.463615956289548 0.4178027632823665 55.48865148424967 21.4385 -1.741686 55.53688
126 22.192571484403384 0.4614644772567472 55.46653660733179 22.16714 -1.787932 55.51011
127 22.928761040881227 0.49661806471984515 55.50379692076892 22.90332 -1.839076 55.50537
128 23.658288294769612 0.5242004366762759 55.54208051637236 23.63216 -1.895775 55.50164
129 24.400314393974327 0.5550348254022104 55.582643575267525 24.37331 -1.955801 55.48454
130 25.138976586557746 0.5806978961609206 55.537228420890514 25.11164 -2.008471 55.46362
131 25.861069943062272 0.5900772971123281 55.47081033653229 25.83505 -2.059391 55.46181
132 26.58951981451029 0.6360415646851382 55.558089937412795 26.56806 -2.113697 55.47262
133 27.323990247518747 0.6763067331513674 55.629440773664044 27.30492 -2.167614 55.48963
134 28.063835668265995 0.7044185920228107 55.671957641071224 28.04413 -2.226546 55.49768
135 28.7982935630572 0.7487863720360559 55.69789918120611 28.77765 -2.288673 55.51027
136 29.533314738743414 0.7956972918773945 55.71975545473322 29.51232 -2.343893 55.52232
137 30.266076018683826 0.8519607310401205 55.7580660394021 30.2463 -2.395401 55.5362
138 31.003892865037454 0.8904935772707444 55.70038702034711 30.98559 -2.445222 55.54859
139 31.743461319551955 0.8978892677405403 55.766731011405135 31.7263 -2.496112 55.56188
140 32.48241971957764 0.93583220934445 55.7849469021307 32.46495 -2.537443 55.58466
141 33.224738308602966 0.9704020248249089 55.823599862820664 33.2074 -2.578228 55.61348
142 33.967788381350935 1.0205666424187234 55.85191093238539 33.95101 -2.620601 55.63975
143 34.71478466025988 1.0555139155712592 55.79977592763423 34.69841 -2.667716 55.67316
144 35.45922464404544 1.1077817411806825 55.805656741898474 35.44252 -2.711893 55.7093
145 36.21509218444538 1.1458180188267832 55.8472600282299 36.19785 -2.761384 55.74855
146 36.96826223677987 1.2014977496715862 55.876372300908365 36.95093 -2.812393 55.78704
147 37.72236305782493 1.259611587772246 55.9045144248756 37.70474 -2.867554 55.8266
148 38.486073944711144 1.2854861661095796 55.91126586111813 38.46575 -2.922992 55.86855
149 39.249343185561465 1.3248723096164325 55.98444022624984 39.23007 -2.973413 55.92107
150 40.02288399123477 1.359740850056268 56.03183236641984 40.0022 -3.024315 55.97631
151 40.80008864666583 1.3988189431893434 56.08007547786984 40.7783 -3.080932 56.02494
152 41.57934898283381 1.4257090267833832 56.1236220695697 41.5555 -3.135919 56.07788
153 42.35905703589232 1.4704927190964248 56.23103343034453 42.33951 -3.188774 56.1413
154 43.15084271555731 1.535666731277187 56.26459190494802 43.13031 -3.244326 56.20333
155 43.95989311892906 1.5729896320553622 56.32398970462538 43.93795 -3.297181 56.26972
156 44.73912035596668 1.5910011050309114 56.37754581598504 44.71372 -3.352539 56.34391
157 45.5304934083401 1.6243827802340256 56.45843959460121 45.5044 -3.40258 56.42297
158 46.333917223363166 1.6566391516269894 56.55448081168717 46.30756 -3.461241 56.5081
159 47.15165284700659 1.6954966860987075 56.638482754731825 47.12224 -3.525277 56.60533
160 47.94596670895203 1.7043088564985647 56.74251280690505 47.91411 -3.592468 56.70663
161 48.759621078906406 1.7289259658432474 56.8603858575046 48.72687 -3.662244 56.81192
162 49.57058476677186 1.7411430499938707 57.00456055820667 49.54068 -3.727642 56.92162
163 50.394003795004004 1.7574837926552513 57.083938323849814 50.35682 -3.792894 57.04097
164 51.197397603438375 1.7923004700657597 57.25870500844217 51.16788 -3.850124 57.16787
165 52.02478950482921 1.802924595694279 57.36020162485617 51.98907 -3.91255 57.29726
166 52.81346078033748 1.8341749190942465 57.47054635785484 52.77379 -3.968025 57.4249
167 53.59956592017966 1.8631443121827218 57.622583804554 53.56153 -4.023164 57.56033
168 54.37643751707551 1.8881556996307662 57.794161420271806 54.34318 -4.082523 57.69851
169 55.14261078127072 1.9085139302221954 57.91692649496185 55.10439 -4.143701 57.83752
170 55.908355525315564 1.9079897158968948 58.0732882339872 55.87053 -4.204409 57.9795
171 56.684435193239175 1.9336425723092006 58.21724111973273 56.64546 -4.26212 58.12033
172 57.43721861877603 1.9404680635867841 58.31552014822719 57.38911 -4.318314 58.26251
173 58.191703758860825 1.9595343784760118 58.436570467399704 58.13668 -4.369152 58.41357
174 58.935368720497905 1.9853461060892095 58.57512168879796 58.87601 -4.420802 58.56727
175 59.66485275021187 1.9820039989927278 58.700756895143236 59.59961 -4.467621 58.71611
176 60.37781731252626 1.9978765541311359 58.85709345797555 60.31245 -4.516372 58.86609
177 61.07970731695915 2.0098782333552614 59.01388607808888 61.01319 -4.564529 59.02108
178 61.77306786764175 2.015322524570918 59.16340207025788 61.70436 -4.614787 59.17238
179 62.44986605514012 2.0200344478073746 59.321507552070905 62.38199 -4.657586 59.32091
180 63.1275718235654 2.0281594601387622 59.4593005361692 63.05593 -4.706379 59.46843
181 63.80441567536897 2.043547215651769 59.56173079369094 63.72231 -4.758759 59.61689
182 64.46561396155468 2.0470078074722258 59.70710349901534 64.3816 -4.814707 59.76019
183 65.12441062756515 2.0592979362519186 59.82065294494993 65.03281 -4.867829 59.90218
184 65.76473340710238 2.058234374138625 59.95483536249169 65.67175 -4.913385 60.03522
185 66.39593593637935 2.0604333100112724 60.08811992438984 66.30099 -4.9654 60.16765
186 67.02331754047417 2.0650403311442354 60.19770738243442 66.92208 -5.018319 60.29836
187 67.64280169803783 2.055651644494707 60.360262092162074 67.54573 -5.076711 60.43224
188 68.21140303736225 2.0520153057346517 60.51666334932744 68.12018 -5.130339 60.55436
189 68.81713939670864 2.0405602314368645 60.64458044904288 68.72472 -5.182058 60.67792
190 69.39083901960419 2.0620825156006037 60.79637480527156 69.30307 -5.231855 60.80309
191 69.97381484679651 2.0794970937501787 60.90789206518356 69.88288 -5.285896 60.91928
192 70.54057739518342 2.093763829138657 61.03560496332366 70.44995 -5.342758 61.033
193 71.08605208761469 2.0911725012915854 61.176297709238284 71.00066 -5.393054 61.14039
194 71.6327873829765 2.088206398432041 61.280084593840584 71.54538 -5.440828 61.24382
195 72.17072504491966 2.1096510968817483 61.404949940676836 72.08654 -5.485365 61.34673
196 72.71797969710617 2.1250911354681516 61.43569467143954 72.62287 -5.532216 61.45078
197 73.2537439632269 2.1386687714544106 61.54811766423968 73.15814 -5.583135 61.55451
198 73.79613654763148 2.1332976668842334 61.66365543660698 73.70114 -5.63017 61.65701
199 74.34191272451862 2.154745430634673 61.738616442847274 74.24267 -5.676448 61.7495
200 74.89108131488017 2.167726817593566 61.81388826796745 74.78759 -5.7208 61.84178
201 75.44029725363622 2.182724630077368 61.918312703642314 75.33524 -5.768173 61.94475
202 75.98789177987481 2.2305242485891457 62.04973183171985 75.88674 -5.817062 62.05821
203 76.54223413955178 2.245880424204269 62.13520567587265 76.43447 -5.862448 62.17121
204 77.1052743368174 2.2496829212710887 62.24196671605178 76.9926 -5.912287 62.29135
205 77.68608509515568 2.264856084586616 62.3601882556904 77.56843 -5.961148 62.42394
206 78.25368133691818 2.286167901087236 62.461165874569645 78.12868 -6.008758 62.55305
207 78.82259552821623 2.3154555193074464 62.5851784353353 78.69259 -6.059871 62.69195
208 79.41248388510196 2.3442522648378903 62.75295514794316 79.28502 -6.107865 62.8458
209 79.97533561803158 2.35467648282472 62.927473879927675 79.85086 -6.150779 63.00502
210 80.5819718478056 2.3893087750188613 63.089276521620995 80.4534 -6.192815 63.17985
211 81.18442087513802 2.4238394638241396 63.24195739020926 81.04837 -6.239009 63.35684
212 81.79801430205414 2.4391430602632576 63.40631607603496 81.65468 -6.285674 63.54111
213 82.41013516858081 2.454735240465348 63.605856474701945 82.26579 -6.324963 63.74049
214 83.03260911904083 2.473294648115376 63.83700402841248 82.89509 -6.371173 63.94808
215 83.66352237571937 2.5182479593188942 64.07957714910833 83.53476 -6.414738 64.1668
216 84.32360421224772 2.5492760052921715 64.31232416500636 84.19403 -6.458457 64.39981
217 84.97964413222473 2.578330124960633 64.58097658957541 84.86139 -6.498607 64.63735
218 85.66347036875955 2.610862372488074 64.81592811159953 85.53876 -6.545009 64.88814
219 86.34525470900851 2.644008459401471 65.09242016200716 86.22445 -6.585584 65.15377
220 87.03972719975194 2.6631815686521016 65.38799393765593 86.92746 -6.605047 65.4284
221 87.74334146271565 2.6830563920186665 65.66435311618847 87.63165 -6.624344 65.70333
222 88.46715461221316 2.7097277726135345 65.96000274824586 88.35787 -6.646336 65.99341
223 89.17472230445733 2.7647221658665173 66.27959041207535 89.07692 -6.684073 66.28897
224 89.88610868508854 2.8235947924823352 66.59665290044597 89.79244 -6.725361 66.59944
225 90.59502214587762 2.879743763413634 66.9040958051688 90.50245 -6.763694 66.90709
226 91.30310515154412 2.9346202603780944 67.24121667111484 91.2181 -6.813377 67.22868
227 92.01466765990291 2.98862977603625 67.55524019847782 91.92183 -6.870738 67.55932
228 92.70508687022122 3.028666763087575 67.89358265671693 92.60904 -6.914272 67.90371
229 93.38347958041744 3.061953020242091 68.24391344366872 93.28887 -6.975179 68.24748
230 94.05752871168114 3.100213557794654 68.57714374947813 93.9613 -7.03488 68.58083
231 94.73995129738415 3.1487947852048808 68.89971428530981 94.63312 -7.110019 68.92013
232 95.41314554420315 3.1704519343083106 69.167854816501 95.27546 -7.183014 69.2482
233 96.07074728214525 3.182980300675436 69.49968802372521 95.92749 -7.259679 69.5824
234 96.72409319252272 3.214536407722476 69.84103810124397 96.58342 -7.329268 69.91299
235 97.35718533849483 3.254808443335143 70.14922759109076 97.20647 -7.398532 70.23613
236 97.9940874660549 3.2789729040729663 70.49363370422276 97.84561 -7.469536 70.56975
237 98.58293817131582 3.319938736735296 70.81261330670075 98.43505 -7.533159 70.88389
238 99.18680873979218 3.3512351285378448 71.11938741420033 99.03309 -7.592121 71.19793
239 99.79624142485197 3.3561755443065864 71.40649505525825 99.6279 -7.650212 71.50888
240 100.38659187494328 3.3958773567050935 71.70534584545003 100.2122 -7.709739 71.81621
241 100.97314015987388 3.4108291794303236 71.99674246308852 100.7869 -7.766662 72.12549
242 101.54582663634326 3.4467713904337915 72.29471887091512 101.353 -7.82354 72.43265
243 102.1062788897103 3.4759838998886194 72.58760833792815 101.9055 -7.88334 72.73582
244 102.65158829858117 3.506341319210958 72.87736140183769 102.4447 -7.943074 73.03236
245 103.19107274255315 3.5455580693944975 73.17467466309809 102.983 -8.002376 73.32849
246 103.72161769791042 3.5567699530824286 73.46766839802277 103.5115 -8.05369 73.6209
247 104.24538356901733 3.593189604254865 73.75897574158465 104.0361 -8.096619 73.90981
248 104.7591095483202 3.6296608112369397 74.04710741127678 104.5505 -8.139292 74.19588
249 105.25471296616436 3.6584868161129838 74.3587449199837 105.0601 -8.181955 74.48234
250 105.76375931723861 3.676943457705498 74.63587983886637 105.564 -8.22375 74.76626
251 106.24920757687264 3.6987132590262184 74.94970157066605 106.0641 -8.265059 75.05403
252 106.76852458597786 3.724616609406508 75.20657300321953 106.565 -8.308372 75.34311
253 107.26612904792549 3.7518186787721923 75.49625330937104 107.0595 -8.363102 75.63421
254 107.73892859077905 3.7800891556730103 75.80429077483468 107.5403 -8.418748 75.92569
255 108.22391302390065 3.800775802484223 76.11773868160297 108.0289 -8.475876 76.22883
256 108.72382227160496 3.822858565648929 76.3899597823276 108.5079 -8.530283 76.53231
257 109.23424763554557 3.8530212616762327 76.6600320756778 108.9938 -8.586122 76.8408
258 109.70903591746811 3.872777945947658 77.00746202007616 109.4846 -8.642339 77.16092
259 110.20700789035689 3.892383651750259 77.34658689472596 109.9856 -8.706456 77.48994
260 110.71693182632357 3.916452060353797 77.68638093890056 110.4964 -8.763095 77.82451
261 111.22969535198432 3.914364615502339 78.04211133715457 111.0125 -8.817849 78.17109
262 111.72587651394139 3.9247720706367972 78.43253680358899 111.5367 -8.867411 78.51965
263 112.24799829941229 3.9469248925742573 78.78699065585455 112.0557 -8.915374 78.87613
264 112.80287932171092 3.9572371667723165 79.11806663807415 112.5829 -8.963221 79.24678
265 113.34687023301835 3.9634262169121657 79.48651240375654 113.1161 -9.011645 79.62766
266 113.91739711115098 3.9755455572119827 79.85356735202438 113.6686 -9.057118 80.01888
267 114.48089589286666 3.9652468147183466 80.25847260206196 114.2286 -9.105368 80.42589
268 115.021868556216 3.95538393215617 80.71419707718401 114.7933 -9.158005 80.84871
269 115.59121417496294 3.9549865283019194 81.15972931387158 115.3671 -9.217043 81.28451
270 116.18096345560421 3.964097018205732 81.59574059782854 115.9476 -9.273702 81.72926
271 116.73699580351051 3.9552377653292625 82.08897433359819 116.5301 -9.317811 82.18891
272 117.29627853517904 3.979981517906756 82.58884276238196 117.1091 -9.366338 82.66397
273 117.91747070726211 3.993413880758514 83.03876801435936 117.7001 -9.410224 83.15109
274 118.49542884124287 4.009405720407629 83.56548393261711 118.2986 -9.457628 83.65236
275 119.09087883775142 4.00162151811349 84.0941819470957 118.9071 -9.501459 84.16417
276 119.7122206671987 3.991362453829287 84.61089404809114 119.523 -9.549903 84.68521
277 120.32446397102083 4.054979027306728 85.17947414318763 120.1636 -9.590647 85.22386
278 120.94008231841666 4.062006563450992 85.70357153678385 120.7812 -9.63523 85.74376
279 121.5891629796683 4.066590535974087 86.2581932909858 121.4334 -9.682937 86.29266
280 122.2328708737354 4.081718394453377 86.82777852842928 122.0849 -9.728697 86.85165
281 122.8645428865801 4.092534415508618 87.39810538658453 122.73 -9.773963 87.405
282 123.51542077900203 4.122626889328565 87.96879753753527 123.3777 -9.820354 87.97821
283 124.10959200485586 4.1636535676500595 88.59568641790742 124.0203 -9.868055 88.55484
284 124.7577950005017 4.183846644059036 89.21174666772141 124.6768 -9.916275 89.16047
285 125.36159609396498 4.216170064574276 89.83693350011852 125.3111 -9.964397 89.75362
286 126.01811934831868 4.216965828890729 90.44090236872101 125.9636 -10.01373 90.35993
287 126.67291926905456 4.224897582014647 91.05988922229437 126.619 -10.0578 90.97676
288 127.32478256807241 4.242944825098503 91.68618877627046 127.2756 -10.10087 91.59686
289 127.96445522753636 4.272000129997891 92.32039713516482 127.9271 -10.14276 92.21818
290 128.63040728953146 4.296045507101497 92.93155755973795 128.5815 -10.1842 92.84078
291 129.27716470205593 4.336416507068728 93.55141655540251 129.2245 -10.23342 93.4639
292 129.91926624881143 4.373681672908441 94.20721159317662 129.8788 -10.28691 94.10638
293 130.57270533931032 4.420032575126136 94.81930676336793 130.5065 -10.3407 94.74426
294 131.21636167663777 4.4524025361068595 95.47908526471842 131.1491 -10.39963 95.40323
295 131.87356363179492 4.493591506119734 96.13293186896661 131.7916 -10.456 96.07042
296 132.52228684426916 4.54096159257759 96.79198036324155 132.4272 -10.50523 96.742
297 133.1486241713579 4.572375903212824 97.4752077074562 133.059 -10.55248 97.41926
298 133.77715649255583 4.644903533757412 98.15585288412105 133.6847 -10.60432 98.10439
299 134.40652054097126 4.695652418674823 98.85273652580148 134.3191 -10.66004 98.79631
300 135.02087702406686 4.749784058416242 99.56329539082064 134.9539 -10.71551 99.48856
301 135.64792787683606 4.78576388154298 100.29020597842351 135.6011 -10.77139 100.1963
302 136.27638472642337 4.862093517392279 100.9632304378586 136.2215 -10.81998 100.8793
303 136.92876329241065 4.927192295764291 101.64192348017954 136.8528 -10.86978 101.5789
304 137.57207913020144 4.986257588315279 102.33168167379768 137.4843 -10.91832 102.2803
305 138.20091122944112 5.049423029545573 103.04231971450477 138.1207 -10.96869 102.9852
306 138.8342486376167 5.107180874315938 103.77004548234106 138.7684 -11.01807 103.7008
307 139.4432956033006 5.156243685841066 104.46341116689463 139.3904 -11.06529 104.3827
308 140.07547510966586 5.219564200087179 105.15112654596317 140.0213 -11.11507 105.0727
309 140.6964221618961 5.259401656293651 105.87400994341365 140.6686 -11.1641 105.7715
310 141.3197135480007 5.290738680795461 106.57682046304404 141.3096 -11.21534 106.457
311 141.97665884071856 5.330317679568998 107.2348913423055 141.9472 -11.26171 107.1334
312 142.59213488933747 5.390888554309253 107.93424303409556 142.5933 -11.3094 107.8056
313 143.22104930951016 5.436524453424949 108.60072946254759 143.2295 -11.35965 108.4648
314 143.85142354446936 5.485392420377715 109.2595639396399 143.8589 -11.4107 109.1244
315 144.48223015464413 5.537190901174487 109.92834944183546 144.4994 -11.4626 109.7839
316 145.13783581958182 5.577963879240115 110.59381232018498 145.1538 -11.52141 110.4492
317 145.78432886993735 5.618791352180431 111.23117340324175 145.7899 -11.57854 111.0957
318 146.45650825163614 5.6522136033924815 111.87698086126852 146.4484 -11.63357 111.754
319 147.06698591169535 5.710563058104998 112.523630312365 147.0826 -11.68264 112.3782
320 147.70630392577203 5.733224130115033 113.1661028702166 147.7333 -11.73221 113.0076
321 148.38450880388618 5.763938935585926 113.782977076621 148.3963 -11.78416 113.6394
322 149.01805275893415 5.806100607404711 114.41766816372684 149.0522 -11.835 114.2503
323 149.66873431060017 5.843243649568796 115.01573327150383 149.7073 -11.88352 114.8427
324 150.29917159720597 5.898973538178705 115.65120622393582 150.3763 -11.92783 115.4384
325 150.96454299359084 5.932617903713588 116.25755042819657 151.0476 -11.97578 116.0372
326 151.6274377438758 5.965785699230074 116.87404816824534 151.7272 -12.02409 116.6342
327 152.2900564083512 5.9987745149594245 117.47929216534531 152.4041 -12.07204 117.2224
328 152.96361932438919 6.02742784488766 118.08378283998178 153.086 -12.12501 117.8158
329 153.59758175775616 6.025835094936424 118.72767858358237 153.7739 -12.17933 118.3992
330 154.28940567745155 6.0538456078259015 119.33504487809084 154.4786 -12.23831 118.9893
331 154.98197573770415 6.103168320661325 119.9342769097282 155.189 -12.299 119.5662
332 155.6709056190305 6.132969949562387 120.56336416316012 155.9127 -12.36503 120.152
333 156.37601787790854 6.136015343541982 121.17261502516641 156.6454 -12.42646 120.7245
334 157.10767781279912 6.177375491390592 121.7556596879032 157.3838 -12.47643 121.2983
335 157.86384583181254 6.192809679852811 122.31920132376325 158.1338 -12.52578 121.8681
336 158.60300346670226 6.222342828089818 122.9277454516122 158.9058 -12.58374 122.4322
337 159.3427519455056 6.2351267013004295 123.47046767226828 159.646 -12.63933 122.9716
338 160.09992564362014 6.267700255190351 124.00761424758133 160.4008 -12.70216 123.5094
339 160.88922301375166 6.287650850105489 124.57305274721324 161.1947 -12.77762 124.0636
340 161.64755996903662 6.316222096675271 125.11223191244366 161.9638 -12.85193 124.5828
341 162.40869943042603 6.347984961312829 125.62997677397863 162.7291 -12.9194 125.0909
342 163.1765764548797 6.364648771585498 126.14775793657864 163.4987 -12.98726 125.6019
343 163.95489765630003 6.390903566469993 126.6525241926469 164.2698 -13.05527 126.1138
344 164.73389902188435 6.408798643935072 127.1358936876714 165.0417 -13.12226 126.6042
345 165.4907817613681 6.430253656947027 127.63038923667892 165.8008 -13.18289 127.092
346 166.25501341524745 6.485310498757491 128.09655255127873 166.5531 -13.23954 127.577
347 167.01127779584232 6.5284124105451955 128.54496641083676 167.2915 -13.29978 128.0524
348 167.75911498444611 6.570176609482154 129.03397160623683 168.0469 -13.36429 128.5271
349 168.4790491958233 6.5975146572753 129.4847227380508 168.764 -13.42431 128.9792
350 169.18212452077847 6.616249768559121 129.95238887050468 169.4764 -13.48459 129.4289
351 169.91436227433178 6.633396004189834 130.38409243647888 170.1931 -13.54899 129.8817
352 170.6460829391642 6.644272250631871 130.8069375243309 170.9121 -13.61181 130.3215
353 171.36612384204443 6.658546387999523 131.22358047360734 171.6213 -13.67121 130.7525
354 172.05767885068946 6.684212813837326 131.66143853394507 172.3205 -13.72813 131.175
355 172.76337451658696 6.717318740256335 132.0543584184882 173.0101 -13.7841 131.5931
356 173.4369346169743 6.753029111856608 132.4754258251185 173.6861 -13.84508 132.0073
357 174.09692533238513 6.795019705060459 132.90202942537746 174.3545 -13.90627 132.4182
358 174.78228399177445 6.854428691895956 133.30235325727264 175.035 -13.96378 132.827
359 175.42958824154564 6.8853693786777095 133.70834945556717 175.6897 -14.01825 133.2184
360 176.0957837306912 6.906848356819215 134.12026740096417 176.3532 -14.07865 133.6308
361 176.74306556946016 6.976936949749902 134.52830377537325 177.0072 -14.134 134.0303
362 177.38667155508574 6.997321846363364 134.91442907026718 177.652 -14.18089 134.4121
363 178.01349222942792 7.048659820231215 135.30397110427165 178.2937 -14.22293 134.7778
364 178.64856078996027 7.082389575828392 135.67198039139728 178.9314 -14.26465 135.1404
365 179.2742082253379 7.11386938144919 136.03860368586103 179.5573 -14.31261 135.5048
366 179.89084855151071 7.140502515515208 136.40163812831426 180.1748 -14.36322 135.8638
367 180.4998085720927 7.147670115816822 136.75046854332808 180.7795 -14.41258 136.2166
368 181.10520298113883 7.169425940301829 137.10503167902698 181.3913 -14.45852 136.5576
369 181.6980997664901 7.184253723819702 137.45153700186646 181.9903 -14.50312 136.8908
370 182.29241872737728 7.200600003712313 137.7708718273453 182.5812 -14.54745 137.2138
371 182.87860122080204 7.20428015163353 138.09099553939055 183.1665 -14.59096 137.5326
372 183.4723610679009 7.199604308390152 138.37856687899708 183.7467 -14.63103 137.8441
373 184.0618418030605 7.252842783736887 138.66650014907617 184.3283 -14.67151 138.1496
374 184.6441607674113 7.242879178462474 138.96908147686645 184.9104 -14.71237 138.45
375 185.24818259822948 7.259248976876463 139.2507524205134 185.5029 -14.7551 138.7526
376 185.8369331997235 7.273914275773212 139.5665654334636 186.0967 -14.79763 139.0562
377 186.42379508571423 7.313715602501806 139.90290639968993 186.7023 -14.84501 139.3564
378 187.02319721951662 7.327622657586961 140.22937051458157 187.3167 -14.89366 139.65
379 187.64761901773437 7.347990678114346 140.52022786200516 187.939 -14.94259 139.942
380 188.28440408105214 7.344134946224765 140.79176346808097 188.564 -14.99292 140.2354
381 188.91416022950546 7.358573682420348 141.09479703384943 189.1978 -15.03908 140.5266
382 189.55621434350803 7.373303829888787 141.3875314430806 189.8399 -15.08795 140.8155
383 190.20062863716606 7.382064777268283 141.70215065662327 190.4965 -15.14579 141.0981
384 190.87225008633374 7.388691254662753 141.98789118090232 191.1667 -15.20551 141.381
385 191.5398670320806 7.415511552894564 142.29200712549317 191.8455 -15.26383 141.6544
386 192.22146647414746 7.430641043419854 142.60136879731206 192.5394 -15.32526 141.9287
387 192.93789792219104 7.44690847694289 142.85506608239956 193.245 -15.38822 142.2045
388 193.65224750362734 7.470314294924563 143.14602731020562 193.9627 -15.45199 142.4808
389 194.3785720936194 7.475419519400342 143.44469461517204 194.6963 -15.51367 142.7543
390 195.14840802759176 7.482600302887449 143.70555615989144 195.46 -15.57305 143.0263
391 195.89511749472535 7.50333441846752 143.99642663320236 196.2138 -15.62684 143.2937
392 196.67749909847964 7.511015145307111 144.2453505110085 196.9859 -15.68196 143.5675
393 197.4591813690755 7.5272814177759235 144.53001688260173 197.7721 -15.74033 143.8336
394 198.2467649560769 7.5337118503771885 144.7979681093625 198.5592 -15.79846 144.0967
395 199.02285974801055 7.5452666539179445 145.06682584655562 199.3386 -15.85428 144.35
396 199.83082128046615 7.564383112175481 145.32844071844877 200.1451 -15.92437 144.6074
397 200.66703275225464 7.591782155346354 145.58006110590298 200.9751 -16.00532 144.8679
398 201.50867567021416 7.633914335528023 145.87441186697168 201.8244 -16.08857 145.1297
399 202.38281336485568 7.6594036338030005 146.1353112816514 202.6924 -16.17598 145.3976
400 203.22097351783572 7.707305614310361 146.40487594146413 203.5316 -16.26124 145.6544
401 204.05104040623283 7.746240545592476 146.68448099222823 204.3673 -16.33869 145.908
402 204.93252667418616 7.7832707680041535 146.96242010721184 205.2495 -16.42655 146.1719
403 205.7882142245341 7.816234702734977 147.2255142097428 206.1048 -16.51609 146.4228
404 206.66841509257375 7.817957139671523 147.48676596421194 206.9819 -16.6098 146.6776
405 207.53801907347236 7.858032110541139 147.77729713554314 207.8609 -16.69858 146.926
406 208.42449895562163 7.872319982155688 148.0353477340105 208.7471 -16.78439 147.1708
407 209.3249498457533 7.893449229357579 148.27384175798957 209.644 -16.8739 147.4068
408 210.22592987694048 7.912937456392454 148.54084208853052 210.5492 -16.96319 147.6436
409 211.14615065016685 7.911273994371213 148.7665320285295 211.462 -17.05443 147.8807
410 212.05051972766304 7.948319658060542 149.06367359911584 212.3811 -17.14388 148.1148
411 212.9782347619908 7.948348769140013 149.28049444367375 213.3004 -17.23376 148.3482
412 213.89948125380835 7.978290913008543 149.54939214956653 214.2272 -17.32239 148.5829
413 214.82819169715765 7.996678866798504 149.80003373743523 215.1568 -17.41109 148.8145
414 215.76279790646305 8.011242143498949 150.02159588988803 216.0841 -17.50032 149.0489
415 216.68473551508 8.03313485652107 150.27816448682492 217.0093 -17.58912 149.2778
416 217.6058796170872 8.055581112686589 150.53468961721478 217.9343 -17.67768 149.5044
417 218.52542836765352 8.077538896008045 150.7971572812869 218.8603 -17.76862 149.7262
418 219.45721802021578 8.097292571173641 151.04373048197047 219.7937 -17.85886 149.9499
419 220.377506007172 8.122411614264342 151.29686100489928 220.7197 -17.94623 150.1656
420 221.30498841936904 8.13073255575511 151.52072660519977 221.6448 -18.03413 150.3821
421 222.22055779915482 8.137291164901068 151.80457164733497 222.5742 -18.12038 150.6004
422 223.157434189154 8.148357331307226 152.02077735475996 223.5075 -18.20847 150.8144
423 224.06909985473519 8.16124989512902 152.21382564301592 224.4121 -18.29363 151.0218
424 224.97309812173714 8.174606520223648 152.485095070382 225.3277 -18.38635 151.2317
425 225.92361136928912 8.177258263453789 152.69796965079507 226.2731 -18.4808 151.4464
426 226.81497545107064 8.193158773538261 152.9251217933974 227.1676 -18.56752 151.6432
427 227.75806667137834 8.202874726538077 153.11312441049574 228.1038 -18.65508 151.845
428 228.66661056762806 8.215051023409568 153.2909342732195 229.0056 -18.73661 152.0382
429 229.58083216251447 8.193631578716575 153.49377655414835 229.9189 -18.81652 152.2303
430 230.50220786838346 8.18399655973099 153.68505133723158 230.8378 -18.89376 152.4181
431 231.43328163890317 8.186200110875465 153.8307082760041 231.7587 -18.96992 152.6032
432 232.3673145705416 8.195802780569862 154.010405552972 232.6895 -19.04112 152.7858
433 233.29987986324298 8.211310647273642 154.16844451436776 233.6155 -19.11494 152.9646
434 234.2150991632717 8.211456649889165 154.35710544418137 234.5305 -19.18701 153.1401
435 235.1411211205183 8.186071789922996 154.50372461919497 235.4493 -19.26118 153.3132
436 236.06685687756703 8.175281219028342 154.70144569065977 236.3787 -19.33366 153.478
437 236.97884673888097 8.140456565041154 154.8736600304669 237.2897 -19.41011 153.6418
438 237.89222795822232 8.111873912758691 155.03660095148746 238.1998 -19.49555 153.8032
439 238.8027487074446 8.086515876009921 155.18393729360275 239.1054 -19.5793 153.959
440 239.73016142058339 8.05889095819843 155.24749854771616 240.0191 -19.66444 154.11
441 240.64820179553428 8.021756055530933 155.39726748930252 240.9342 -19.75257 154.2564
442 241.5700051024276 8.004795274444206 155.52544756460847 241.85 -19.83999 154.3982
443 242.4840511010597 7.9822132355457915 155.67729751687656 242.7628 -19.92378 154.5354
444 243.39179474217698 7.960756393279439 155.8206711529854 243.6688 -20.00434 154.6684
445 244.30156743785395 7.959341544883667 155.95437273115374 244.5757 -20.08388 154.7979
446 245.20574855128532 7.93366793218856 156.0615988558861 245.4743 -20.16399 154.9236
447 246.10155027365897 7.879114313107764 156.18169180213033 246.3684 -20.24532 155.0412
448 247.00929352025116 7.84614155019219 156.28446668997722 247.2733 -20.3235 155.1446
449 247.91017268343842 7.8256691705922545 156.41540674919713 248.1739 -20.40379 155.2524
450 248.8104075042201 7.788320770732452 156.5056058455342 249.0698 -20.48204 155.3582
451 249.69828927760923 7.752846634117764 156.59743451543002 249.9549 -20.55749 155.4527
452 250.58166102303193 7.741231990151279 156.68243811261473 250.8345 -20.6346 155.5425
453 251.47440903606804 7.725264344965359 156.7953074349626 251.7259 -20.71972 155.6328
454 252.37311040855647 7.709826285188286 156.8872875648698 252.6209 -20.80615 155.7215
455 253.26980687742613 7.670449183424109 156.9659753795128 253.5136 -20.89449 155.8057
456 254.165355832532 7.658274608514928 157.00079536134214 254.4024 -20.98217 155.8813
457 255.04780266067038 7.629934182167953 157.08322166687003 255.2821 -21.06516 155.9558
458 255.92935390840745 7.5949227606118965 157.16845391648155 256.1621 -21.14494 156.0255
459 256.8120805554646 7.5886527164356945 157.2504841549379 257.0428 -21.22381 156.0897
460 257.68819218473726 7.505468402590211 157.314093691041 257.9199 -21.30232 156.1451
461 258.55902280456735 7.44008071413928 157.36557693263862 258.7907 -21.3755 156.1854
462 259.43163484518516 7.422358669676236 157.3686393187696 259.6601 -21.44205 156.224
463 260.30030927051797 7.373271489405215 157.38968673204732 260.527 -21.51116 156.258
464 261.1738324768338 7.318649805528924 157.36887087082934 261.3989 -21.58418 156.2883
465 262.0488003464282 7.279217295831192 157.3834824572035 262.2717 -21.65347 156.3158
466 262.91952050436635 7.235646600792775 157.38505509639836 263.1403 -21.72636 156.3324
467 263.78462936120997 7.157453227505893 157.38220639763497 264.006 -21.79663 156.3451
468 264.646199431417 7.136491898694564 157.42019008384295 264.8657 -21.86707 156.3569
469 265.5124177506535 7.12879028806866 157.45578341204848 265.7295 -21.94115 156.3616
470 266.37993652638494 7.117340867503739 157.49150983115575 266.5945 -22.0171 156.3599
471 267.2475508133654 7.091469465163407 157.51228510415913 267.4594 -22.09328 156.3596
472 268.11111986013503 7.054392507200431 157.50287156340195 268.3206 -22.16749 156.3531
473 268.97546865961107 7.027307229930031 157.47390522605303 269.1826 -22.2424 156.3491
474 269.8355790227365 7.025153178625825 157.46562845692446 270.0395 -22.31694 156.3437
475 270.69246935797537 7.001223450381654 157.4657200016394 270.8934 -22.39231 156.3409
476 271.54586292692653 6.969875297873356 157.4571869244036 271.7439 -22.46937 156.334
477 272.3940092736074 6.967656054317172 157.47848396574318 272.5882 -22.55275 156.33
478 273.24479169240504 6.967654482248186 157.53568035953145 273.4367 -22.63729 156.3283
479 274.0526065502267 6.957734792045081 157.53182356956603 274.2406 -22.71743 156.3276
480 274.87125167881516 6.933382900951569 157.50132954984852 275.0562 -22.79801 156.3301
481 275.6805878139695 6.927068623086709 157.5047269942495 275.8616 -22.87783 156.3361
482 276.4880197752566 6.924875824264785 157.52647424983192 276.6656 -22.95477 156.3455
483 277.27400347857616 6.897379407364171 157.5194570727883 277.4484 -23.02961 156.3596
484 278.0525140687997 6.896445664446672 157.54568666550128 278.2238 -23.10166 156.3778
485 278.8178604686119 6.880183915782881 157.57430424619758 278.9862 -23.17205 156.4029
486 279.57298112182497 6.865797482253402 157.58857638764255 279.7382 -23.23843 156.4295
487 280.31790770464494 6.852928573919623 157.6155458130426 280.4806 -23.30168 156.455
488 281.0594549024096 6.848456669881086 157.66341284200425 281.2202 -23.36731 156.4848
489 281.7799909794719 6.826099061871666 157.6991288806394 281.9382 -23.43189 156.5202
490 282.49624592716253 6.806435313528625 157.73198254572816 282.6515 -23.49597 156.56
491 283.18574887629893 6.792258942032425 157.74969673561722 283.3383 -23.55164 156.5937
492 283.86300709986324 6.779196871865036 157.7653718923121 284.0121 -23.6105 156.634
493 284.52780185082355 6.772463051416141 157.8210679851535 284.6753 -23.6696 156.6761
494 285.1829355041218 6.740254269044444 157.83410142883568 285.3276 -23.7268 156.7166
495 285.825395228434 6.708187759774172 157.82756904642767 285.967 -23.78128 156.7616
496 286.4525503456184 6.680926689222698 157.88728826797177 286.5937 -23.83446 156.8069
497 287.0710633877916 6.676962354714662 157.92511570264043 287.2092 -23.89017 156.8523
498 287.67312082462706 6.647482820719383 157.98456360190065 287.8108 -23.94344 156.8983
499 288.27502518011227 6.635791757777416 158.03022770481758 288.4106 -23.99582 156.9431
500 288.83859420213196 6.605008086413861 158.09696754746932 288.9746 -24.04626 156.9918
501 289.4152526409955 6.580225336159201 158.14876981650528 289.5493 -24.10169 157.0416
502 289.9739532964447 6.551581148410725 158.22598845744693 290.1099 -24.15117 157.0886
503 290.52521378824815 6.526635940184307 158.27786607461553 290.6604 -24.19669 157.1342
504 291.06355757242545 6.515649505555295 158.34243302275343 291.199 -24.24004 157.1804
505 291.59455917900857 6.4767263209324994 158.36625023302048 291.7281 -24.28194 157.2288
506 292.116011473326 6.44527907998909 158.41282088781674 292.2488 -24.32193 157.2772
507 292.6273237559697 6.404271902633414 158.45209930330142 292.7596 -24.36116 157.3242
508 293.1272498211482 6.377016633958512 158.5036024884901 293.2587 -24.40494 157.3722
509 293.61940902210233 6.345082547946688 158.574540475259 293.7527 -24.44767 157.4213
510 294.10572526439387 6.32617369212972 158.62095840019242 294.2374 -24.49148 157.4678
511 294.5947183159663 6.274761489160839 158.63440240628375 294.7246 -24.53746 157.5174
512 295.0800229841844 6.255860345022669 158.69814827482432 295.2096 -24.58496 157.567
513 295.57266466001056 6.231565253119937 158.76128510914947 295.702 -24.63307 157.617
514 296.07384453737524 6.221063270328723 158.78866517091276 296.1993 -24.67824 157.6689
515 296.5754793887406 6.196659726787765 158.85488217068126 296.7013 -24.72333 157.7197
516 297.0857057954625 6.171691787148326 158.88839521700294 297.209 -24.77055 157.7654
517 297.5949587132436 6.173878194762671 158.96713837513857 297.7199 -24.82169 157.8091
518 298.1190590483033 6.167649869486493 158.98751833722278 298.2403 -24.87488 157.8477
519 298.6502440582299 6.170004706892177 159.00554303056538 298.7679 -24.92374 157.8894
520 299.1920618073107 6.165237008910933 159.08371923050444 299.3114 -24.96956 157.9364
521 299.7462128097216 6.150702342413466 159.15610058443502 299.8664 -25.02054 157.9801
522 300.31380697416756 6.142697630433331 159.2200621406467 300.4328 -25.085 158.0169
523 300.89516968709785 6.115324660925469 159.2786060400271 301.0133 -25.15046 158.0468
524 301.4843666823257 6.123635153486331 159.31381412188088 301.5988 -25.21321 158.0882
525 302.0793524398564 6.125737635598706 159.3502333792129 302.1893 -25.27483 158.1416
526 302.6807096958409 6.117164850272881 159.42354661489765 302.7896 -25.33868 158.193
527 303.305052911967 6.119161004545306 159.4298246675742 303.4095 -25.40269 158.2314
528 303.93635610018674 6.112409743457937 159.48023087668852 304.0385 -25.46722 158.2678
529 304.58278226734984 6.106364721018402 159.51154062773435 304.6811 -25.53204 158.3096
530 305.2388305769946 6.0857370399891435 159.53760163860588 305.3328 -25.59815 158.3588
531 305.905467158104 6.0865322996738715 159.56352633510932 305.9952 -25.66221 158.4057
532 306.5804533747804 6.077616105873941 159.5653068925846 306.6661 -25.72467 158.4467
533 307.2671381741586 6.07730045475222 159.6010815521548 307.3491 -25.79503 158.4838
534 307.9709411185165 6.073129186300905 159.64295157045632 308.0487 -25.86821 158.5319
535 308.67339711799224 6.050369551931162 159.68951303890265 308.7476 -25.94126 158.5802
536 309.3858984268562 6.015495316843991 159.7330980213424 309.4569 -26.01685 158.6244
537 310.1077668228466 5.992176307618137 159.76364498156678 310.1745 -26.09606 158.6611
538 310.8327480817969 5.950596740735775 159.81409298835217 310.8972 -26.1748 158.6982
539 311.57237710331714 5.940777573466647 159.85978813994575 311.6329 -26.25448 158.7386
540 312.325196608818 5.9420221171239715 159.90495326087466 312.3814 -26.34091 158.7711
541 313.0880823134661 5.9204222250024445 159.94681173557115 313.1397 -26.43175 158.8018
542 313.8586255451653 5.899279831122151 159.97350004131536 313.9052 -26.52053 158.8338
543 314.63463838558846 5.868341595321403 159.98138081944433 314.6762 -26.60789 158.8676
544 315.41668737665043 5.846053006460713 160.01154853042075 315.4536 -26.69381 158.9033
545 316.2076931007545 5.827390965743474 160.05688842753986 316.2406 -26.78025 158.9387
546 317.01030291259775 5.82409405869702 160.06563892678074 317.0373 -26.87072 158.9755
547 317.8211405888114 5.807545679601497 160.11435612684093 317.8436 -26.96318 159.0134
548 318.63666093440213 5.795077915207825 160.12726143111993 318.6531 -27.05549 159.0532
549 319.4629769938651 5.772275576531194 160.210731864954 319.4779 -27.14548 159.0967
550 320.2890720146376 5.758346680456506 160.2891524139764 320.3018 -27.23538 159.1401
551 321.1318819530472 5.7570288264849765 160.32253039891935 321.1391 -27.32655 159.1855
552 321.981371964168 5.723418926668023 160.34318416710607 321.9833 -27.4181 159.2317
553 322.8294988843884 5.717886341342405 160.46847569952985 322.8344 -27.50858 159.2816
554 323.69190927714476 5.706410241109634 160.48985181913125 323.6909 -27.59901 159.3323
555 324.563476267972 5.701085026840508 160.52042950859934 324.5567 -27.68936 159.3854
556 325.4482488055302 5.698331648390981 160.54316383924683 325.435 -27.78207 159.4432
557 326.3301178834762 5.68606314179727 160.61737297620905 326.3133 -27.8748 159.501
558 327.2204797125135 5.691663220562268 160.68095681543772 327.199 -27.96791 159.5617
559 328.1184676350656 5.687857590905601 160.75771060709292 328.0932 -28.06283 159.6224
560 329.01962817855394 5.679724730941516 160.80718233991624 328.9883 -28.15786 159.6885
561 329.92105807166234 5.681430625315774 160.91864758039497 329.888 -28.25775 159.7631
562 330.82505759752837 5.659003051713104 161.01744657217245 330.789 -28.35861 159.8373
563 331.7388094486976 5.67767499051494 161.0909072370629 331.697 -28.45992 159.9145
564 332.6525761385033 5.68853937861299 161.184230910762 332.6065 -28.5625 159.9925
565 333.5704294056322 5.7100211035124175 161.25693928453103 333.518 -28.66639 160.0736
566 334.4910659899624 5.70387333315874 161.3270371768852 334.4313 -28.77189 160.1589
567 335.4065400234979 5.6701782389493705 161.4498786708864 335.3462 -28.87348 160.2423
568 336.322465048752 5.665072044201988 161.55523318900663 336.2589 -28.97212 160.3277
569 337.2409089103819 5.674580319492422 161.67074858770064 337.1754 -29.07108 160.4126
570 338.1589800957351 5.674528429973658 161.76052262365513 338.0878 -29.17312 160.5022
571 339.0737165437936 5.670772793160445 161.8581257864394 338.9981 -29.27516 160.5872
572 339.9854095066302 5.6636606332523245 161.9587288360724 339.9061 -29.37509 160.6703
573 340.89179955109495 5.660648567451964 162.05539961942927 340.8083 -29.47693 160.7513
574 341.7970217477744 5.655279109555546 162.17656143544704 341.7122 -29.57782 160.8345
575 342.7060912688554 5.64223373405127 162.2595295523329 342.6161 -29.6802 160.9116
576 343.61530686105567 5.627389788291004 162.3434835550617 343.5205 -29.78018 160.9891
577 344.52509847045326 5.601000514294779 162.39537380547236 344.4236 -29.87756 161.0668
578 345.4358922569665 5.5785486499554935 162.45275166824632 345.3276 -29.97769 161.1449
579 346.3383393987586 5.55833468218232 162.51961729303267 346.2235 -30.07709 161.2272
580 347.2400207429259 5.542115535042051 162.5522713348453 347.1167 -30.17753 161.3076
581 348.1360695140284 5.536653264024346 162.6595428012334 348.0099 -30.27574 161.3912
582 349.0403007957318 5.528168443411809 162.71436829355332 348.9065 -30.37548 161.4741
583 349.9443388315246 5.515425636091879 162.80368975346934 349.8059 -30.47413 161.5564
584 350.84261238261155 5.50395685893189 162.86596217568072 350.6977 -30.56953 161.637
585 351.73894063909404 5.507320163503922 162.95864995919808 351.5901 -30.66501 161.7177
586 352.63438926595074 5.519905359015606 163.05853591974494 352.4825 -30.76035 161.7983
587 353.5322350448075 5.527833834258562 163.1768600895891 353.3785 -30.8605 161.884
588 354.4327561553333 5.5250748904984075 163.25902248139187 354.2731 -30.96097 161.9694
589 355.33185715252364 5.537743642652734 163.36763775642356 355.17 -31.05569 162.0527
590 356.2255145252824 5.562860599942077 163.51046431372464 356.0658 -31.14982 162.144
591 357.1235336803722 5.582593802419678 163.65758393923974 356.966 -31.24424 162.2399
592 358.023501228432 5.5743102931391 163.7854480839918 357.8634 -31.34268 162.3464
593 358.92313846030595 5.5763977258656485 163.92983666820385 358.7644 -31.43232 162.4482
594 359.8259686960749 5.583689938677487 164.0612182236586 359.6666 -31.52203 162.5502
595 360.726046296567 5.598822772050669 164.2403822904979 360.5743 -31.60985 162.6543
596 361.6213532400727 5.606166969112042 164.4228598304308 361.4763 -31.69958 162.7695
597 362.5250814845349 5.617788552582639 164.55184026057006 362.3757 -31.79176 162.8963
598 363.4253280149305 5.627106510057956 164.69667016141602 363.2722 -31.88456 163.0348
599 364.3196108663486 5.652609794910124 164.87306206633582 364.1687 -31.97736 163.1733
600 365.21772298746293 5.643678509962063 165.0286834930633 365.0628 -32.07264 163.323
601 366.1146546374497 5.6274598848592206 165.19033565497855 365.9547 -32.16864 163.4848
602 367.00182225492347 5.634482601100861 165.3869096104316 366.8412 -32.26554 163.6594
603 367.8848141479344 5.631536772161175 165.61402245147934 367.727 -32.36548 163.8508
604 368.75105842068723 5.632706424995864 165.86342808941723 368.6005 -32.46696 164.049
605 369.63168800050744 5.621842664204216 166.07812106542497 369.4767 -32.56385 164.2602
606 370.5006385011367 5.65009500694304 166.32216400157733 370.3486 -32.65824 164.4754
607 371.3741300476894 5.65418189867705 166.55392340163897 371.22 -32.75253 164.6956
608 372.25283482637576 5.6499939949005125 166.77298778892202 372.0932 -32.84871 164.9156
609 373.1272614310636 5.626085750669992 167.00484645809777 372.9644 -32.94965 165.1387
610 374.001605132899 5.60869081400187 167.2597347068246 373.8419 -33.04904 165.362
611 374.88412361307354 5.608999192238224 167.4921506726127 374.7198 -33.14733 165.5911
612 375.75299327325996 5.62489463493717 167.78314252285747 375.5998 -33.24711 165.8267
613 376.63825958771685 5.608615518030281 168.01516215939844 376.4772 -33.34844 166.0669
614 377.52179840355797 5.588951358480248 168.26956268638546 377.3568 -33.45186 166.3146
615 378.3959861248757 5.57299709781784 168.53627073250314 378.2299 -33.55204 166.5661
616 379.2650865841841 5.584776518368125 168.8058068929371 379.0956 -33.65147 166.8284
617 380.1224714542116 5.596154673859989 169.07372394414043 379.9484 -33.75068 167.0928
618 380.98114125156974 5.587245389145768 169.33988336657518 380.8018 -33.85006 167.3575
619 381.8406746256338 5.5673024888602685 169.57056743125713 381.646 -33.94947 167.6218
620 382.6869752563288 5.563742851512469 169.8270213599989 382.4797 -34.05166 167.8984
621 383.53836854326465 5.5472772230704885 170.07757503017882 383.3184 -34.15042 168.1718
622 384.3746938896807 5.5234557774698185 170.37606342287026 384.1565 -34.24855 168.4494
623 385.2107725071416 5.493578857761793 170.6529014793102 384.9855 -34.34893 168.7309
624 386.03493965321667 5.4941944663248785 170.94905085370863 385.8082 -34.44909 169.0139
625 386.84456915743743 5.496147571931558 171.25343852391518 386.6213 -34.54404 169.2932
626 387.65428454993287 5.482169300957233 171.55871268380506 387.4349 -34.639 169.5726
627 388.4736929573188 5.4472803505749265 171.835022494428 388.2465 -34.73778 169.8564
628 389.2705805162438 5.4268070141326685 172.15447360778566 389.0518 -34.83651 170.1379
629 390.09232049499775 5.374360478505049 172.4034687238384 389.8585 -34.93537 170.4198
630 390.88607378119536 5.358326661066828 172.69045003498752 390.6508 -35.03121 170.695
631 391.6829308907216 5.34047306256391 172.95669348451815 391.4405 -35.12143 170.9678
632 392.4756091384178 5.316078569474082 173.2227810476177 392.2273 -35.21056 171.2375
633 393.26326929468985 5.293215701202586 173.5014565477532 393.0148 -35.29819 171.5035
634 394.06915198813533 5.283205651524662 173.7573188259627 393.8158 -35.37808 171.7624
635 394.8723823299707 5.2918538411032765 174.0168583820461 394.6157 -35.45946 172.0196
636 395.66273919744185 5.282479037633141 174.28932553364618 395.4044 -35.54302 172.2841
637 396.459990261128 5.26646451499699 174.5195105188559 396.1902 -35.62299 172.539
638 397.2484007237606 5.267233856916106 174.7926096682951 396.9791 -35.70992 172.7964
639 398.0606445585131 5.275537574100139 175.0412571729827 397.7804 -35.79994 173.0637
640 398.8632391441205 5.26075550356077 175.33282247603557 398.5862 -35.89106 173.3316
641 399.6750010780318 5.259723282678662 175.6090486145029 399.394 -35.98738 173.6026
642 400.48790750875713 5.248841221477472 175.8918450310809 400.2054 -36.08162 173.874
643 401.32217482869305 5.236139139341042 176.18519485653894 401.042 -36.17291 174.146
644 402.1396895174758 5.226542912372329 176.45736318028824 401.857 -36.26143 174.4114
645 402.9956538238654 5.225849757611636 176.7964149695822 402.7259 -36.35992 174.6994
646 403.8091697389697 5.198583614629475 177.08447038043025 403.54 -36.4565 174.9704
647 404.6625704323392 5.195719457836371 177.3640940741013 404.3866 -36.55987 175.2516
648 405.51466670552384 5.183456204349683 177.65890937210784 405.2387 -36.65818 175.5298
649 406.377793683183 5.139592036279948 177.94890972261894 406.0994 -36.76127 175.8119
650 407.2394303780818 5.156466312889753 178.21889442087547 406.9522 -36.86062 176.092
651 408.10414022497395 5.142090698640264 178.49391300716147 407.8104 -36.9606 176.3696
652 408.95265041841384 5.160495375929141 178.81177708673388 408.6653 -37.05716 176.6545
653 409.8040582339658 5.185663987417258 179.13114858313384 409.5217 -37.14867 176.9473
654 410.672242570832 5.184128371493281 179.4167310915336 410.3808 -37.23727 177.2463
655 411.5437009543274 5.187729896675037 179.66911290892924 411.2375 -37.3234 177.5323
656 412.39181561608666 5.190444300967633 179.9861629129006 412.0933 -37.40675 177.816
657 413.2487882532231 5.187567104737531 180.25584922056422 412.9441 -37.49169 178.0918
658 414.1010073850528 5.220674718778133 180.54999146053663 413.8009 -37.5727 178.3624
659 414.9485738271058 5.2362214746469915 180.8650664152499 414.6582 -37.66188 178.6362
660 415.7835386987791 5.258419446010849 181.17428179445793 415.5021 -37.74912 178.9073
661 416.6172300190012 5.275332957702888 181.4782011352517 416.3431 -37.83262 179.1783
662 417.4445755948868 5.2704548263503135 181.7546602322209 417.1677 -37.91664 179.4502
663 418.25594430727296 5.286773718593818 182.0606892916529 417.987 -38.00097 179.722
664 419.04856409089496 5.296569714370487 182.3833421230021 418.7969 -38.08222 179.9864
665 419.8489520829923 5.3050999805337264 182.68656378971738 419.6091 -38.15827 180.2456
666 420.62927021138563 5.299759722779854 182.98238850157858 420.4007 -38.23307 180.499
667 421.3906392116341 5.317805565300732 183.3031848935914 421.1854 -38.30596 180.7477
668 422.1352557055479 5.339301094517391 183.6304189285193 421.9594 -38.37484 180.9889
669 422.90285603751977 5.34783051565547 183.86984074087496 422.7235 -38.44427 181.2296
670 423.6439204220077 5.352080917566475 184.1499140772123 423.4737 -38.52223 181.472
671 424.40464558104435 5.357713889810559 184.3754067700702 424.2251 -38.60018 181.7147
672 425.11965402284636 5.38448170517581 184.70299347097918 424.9706 -38.6818 181.9531
673 425.8677162745605 5.398391315349206 184.94084247077774 425.7139 -38.76538 182.1916
674 426.614450416028 5.393317738873845 185.1734342272708 426.4553 -38.84576 182.4274
675 427.34929416289884 5.392816638040148 185.4156559690338 427.1913 -38.9186 182.6547
676 428.07555539353564 5.396772119540775 185.64735594538251 427.9167 -38.9893 182.8782
677 428.8031457418538 5.391822443133131 185.86777968761035 428.639 -39.06082 183.1044
678 429.50831936603737 5.422941902643534 186.15933595215552 429.3649 -39.13224 183.3307
679 430.23713514303347 5.426895745712218 186.37673001998303 430.0878 -39.20176 183.5566
680 430.947160267603 5.4345746089983 186.6340729430227 430.8055 -39.26661 183.7827
681 431.6919681067649 5.441391738516509 186.84889829038212 431.5424 -39.32909 184.0151
682 432.389115400403 5.450635369342209 187.11776190108873 432.2521 -39.38552 184.2421
683 433.1246644000765 5.45660104272547 187.32672349904496 432.9778 -39.44566 184.4755
684 433.85212783153696 5.44758968125361 187.5805635741949 433.7097 -39.51541 184.7061
685 434.56111829198255 5.4605229633494625 187.88769472339897 434.4438 -39.58607 184.9369
686 435.2817347737167 5.458571789064594 188.16453502045127 435.1772 -39.6556 185.1676
687 435.98599937993885 5.46467958653524 188.4401237205695 435.8944 -39.72678 185.3968
688 436.6731446315379 5.4819411551731045 188.71137005428292 436.5933 -39.80189 185.6247
689 437.37191820145375 5.495443403855399 188.96550207778185 437.295 -39.87998 185.8583
690 438.0609340485088 5.504196019063415 189.22372264984003 437.987 -39.96184 186.0948
691 438.7359100075477 5.508206028610668 189.45094473094764 438.6578 -40.03698 186.322
692 439.39843868252177 5.519206034370179 189.68590808470825 439.3183 -40.11521 186.5498
693 440.0613108809127 5.531337570338883 189.9110341250399 439.9765 -40.19335 186.7754
694 440.71221618227815 5.554225525532158 190.15078495624047 440.6294 -40.26688 186.999
695 441.3315720355098 5.568176052510874 190.3975824172581 441.2583 -40.33301 187.2107
696 441.96665740939477 5.589769550697391 190.60776712367948 441.8895 -40.3994 187.4232
697 442.6014784847204 5.579099479063503 190.83357166724247 442.5242 -40.4691 187.6386
698 443.19948223545833 5.574694205077501 191.00966899165277 443.1116 -40.5317 187.8378
699 443.80396292373865 5.583145011536509 191.20217424941552 443.7097 -40.58993 188.0413
700 444.4127188014166 5.600805960308552 191.39460867118308 444.3114 -40.65105 188.2466
701 444.9743763036881 5.583712215598565 191.59138263702698 444.871 -40.71269 188.4403
702 445.54065057046483 5.59167746848625 191.83282354891415 445.4493 -40.77681 188.6415
703 446.0827829622324 5.604330706531105 192.00150564921935 445.9827 -40.83615 188.8272
704 446.6296245758405 5.646118674834699 192.1830871376247 446.5258 -40.89361 189.0156
705 447.15527139130467 5.6536002179104665 192.3889781136427 447.0563 -40.94722 189.2012
706 447.6775880653739 5.664065484073089 192.57792434169002 447.5777 -41.00285 189.3847
707 448.1888692576258 5.675831922311876 192.76972855405435 448.0907 -41.0568 189.5643
708 448.6981413075218 5.677156909641203 192.9253242239919 448.5905 -41.11097 189.7399
709 449.19440876342014 5.670385645665842 193.09333702767157 449.0822 -41.16507 189.9127
710 449.6660909014178 5.708926976383117 193.2596057923885 449.5511 -41.22241 190.0814
711 450.1400497536873 5.705042876371544 193.40751258811613 450.015 -41.2784 190.2493
712 450.59110696741476 5.720129589545529 193.60057270603295 450.4737 -41.33399 190.415
713 451.03479653368396 5.721249650640167 193.76032959366847 450.9162 -41.38482 190.5699
714 451.46554966373884 5.763339074557926 193.928681685851 451.3527 -41.43116 190.7215
715 451.8981910373206 5.756343174068486 194.05850038112092 451.7763 -41.47778 190.8714
716 452.304525020218 5.771160956859533 194.22899188840472 452.1892 -41.5232 191.0192
717 452.70903308754686 5.769753367058297 194.38493558676018 452.5961 -41.57027 191.1612
718 453.0926515969816 5.778373087916472 194.51112339176288 452.9753 -41.61612 191.2926
719 453.46373503643224 5.779154469622248 194.65373778377196 453.3477 -41.66274 191.4237
720 453.8253080721428 5.79233266167593 194.78861957498657 453.7102 -41.70389 191.5502
721 454.1765385810742 5.786877635951832 194.9029698469151 454.0561 -41.74707 191.6725
722 454.5207919891922 5.795549677821066 195.0370404711732 454.4021 -41.79023 191.7949
723 454.8364287563093 5.784332833463321 195.192267306954 454.7312 -41.8346 191.9114
724 455.1476677204512 5.787858176893652 195.32904544392622 455.0471 -41.87896 192.029
725 455.46865570029206 5.774730623264958 195.39901439227765 455.3537 -41.9151 192.1421
726 455.77402121437655 5.795950822652188 195.48928444459796 455.6532 -41.94952 192.2468
727 456.07408852954046 5.79125252026024 195.565108417225 455.9458 -41.97617 192.3442
728 456.35067405061636 5.795271519044633 195.67651893773336 456.2262 -42.00704 192.4409
729 456.63523207058955 5.804429135053125 195.75496829361325 456.5053 -42.03355 192.5337
730 456.9171302480872 5.813336295751967 195.83293168509792 456.7802 -42.06007 192.6304
731 457.1581344696147 5.848912781068896 195.98752544887384 457.0499 -42.08984 192.7285
732 457.4280582697315 5.857965353809581 196.08785740119856 457.3193 -42.1196 192.8262
733 457.67391222275523 5.868176764515756 196.22901741846266 457.5849 -42.14874 192.9215
734 457.9414016856835 5.877027420363193 196.31419676580347 457.8478 -42.17833 193.0158
735 458.2074877010087 5.870793312863774 196.40098026626305 458.1099 -42.20107 193.1115
736 458.4708635073269 5.884282274771012 196.49635468973656 458.3727 -42.22298 193.2069
737 458.7227912940838 5.909566305493743 196.61736088854545 458.6339 -42.24587 193.3069
738 458.9885376662284 5.901962221401274 196.7168220970495 458.8966 -42.27315 193.4109
739 459.24894924766187 5.919354745092108 196.82958243925802 459.1567 -42.30207 193.522
740 459.5155473513347 5.93015628788695 196.96156080980143 459.4284 -42.32982 193.6404
741 459.79446405336404 5.926105729527176 197.06071476033313 459.6977 -42.35796 193.7601
742 460.06973167246093 5.928633575532352 197.18115900250055 459.9699 -42.38822 193.8837
743 460.3560211861031 5.933175767595273 197.30383650235203 460.2494 -42.41641 194.0183
744 460.63821797028373 5.932009657014518 197.4544052693132 460.5317 -42.44519 194.1659
745 460.9359835132921 5.927867864485912 197.58352488576074 460.8164 -42.46997 194.3198
746 461.23150903382725 5.936679496671107 197.69058024877762 461.0905 -42.49464 194.4719
747 461.53862051074555 5.962470484033452 197.78855015291109 461.3703 -42.52156 194.6318
748 461.83485971161565 5.936400379741957 197.9150763633581 461.6462 -42.55214 194.7973
749 462.07280754759125 5.932299504006454 198.11204865245665 461.9028 -42.58029 194.967
750 462.33704303840244 5.929354485125077 198.27303172721778 462.1586 -42.6007 195.1399
751 462.59742448234124 5.922860514338723 198.4287139098714 462.4096 -42.6202 195.3093
752 462.86327115270234 5.92317681625357 198.55332810573614 462.6558 -42.6418 195.4678
753 463.13765399285774 5.908691929331575 198.62662818744894 462.8996 -42.66193 195.6128
754 463.3777986731556 5.874261635778929 198.74648870559608 463.1354 -42.68335 195.7438
755 463.6050955691026 5.850643186634318 198.88850236287186 463.3755 -42.69452 195.8647
756 463.79994583424684 5.833721722909379 199.0135626137058 463.5862 -42.70011 195.962
757 464.0599800411519 5.806541477645944 199.1394450509505 463.8526 -42.71946 196.0754
758 464.3118711914497 5.806548506077369 199.23354233227275 464.1011 -42.73706 196.1766
759 464.5734585082192 5.792030208320774 199.30467855958085 464.3543 -42.75047 196.2736
760 464.814371923691 5.781514979348695 199.41585129277263 464.6036 -42.76345 196.3641
761 465.07106407833334 5.7810629392320445 199.53624046797046 464.8704 -42.78446 196.4577
762 465.34245408871635 5.795774941571811 199.62519316805017 465.1394 -42.8119 196.5508
763 465.59269603733435 5.790097445865648 199.74479559943998 465.4025 -42.83862 196.6346
764 465.8760963524196 5.790192295913281 199.79001235422217 465.6751 -42.87317 196.7174
765 466.14265570539624 5.780501644810245 199.896732362758 465.9486 -42.90391 196.7998
766 466.41066928065396 5.772754354701095 199.9484620551362 466.2106 -42.93432 196.8705
767 466.6847989289796 5.773408256199287 199.97384296965274 466.4742 -42.97107 196.9409
768 466.92699177337084 5.790004731554269 200.03618486192005 466.714 -43.00329 197.0063
769 467.17536910014826 5.7668335934033434 200.03836015493422 466.9526 -43.03319 197.0727
770 467.405024478422 5.777806334474168 200.13567776168316 467.1914 -43.05471 197.1423
771 467.62517256502946 5.796296288541948 200.19697770019567 467.4097 -43.07618 197.209
772 467.837863803459 5.7829550926179785 200.24960814753004 467.6176 -43.09856 197.2758
773 468.0451993064876 5.804974174663102 200.31738707721922 467.8226 -43.12385 197.3493
774 468.23796276161033 5.806603890496056 200.36987979381317 468.0046 -43.15132 197.427
775 468.3854184442501 5.791410966202818 200.47138534838365 468.1669 -43.18329 197.4971
776 468.5549224553268 5.803510569874162 200.53157019215604 468.3295 -43.20345 197.5723
777 468.70707584250215 5.779095166694868 200.61981390274582 468.491 -43.22371 197.6433
778 468.84698961464795 5.771666672465614 200.66300784025358 468.6283 -43.24139 197.6916
779 468.9771167655395 5.762857789637246 200.72451249279425 468.7634 -43.2591 197.7388
780 469.1026296809403 5.765868988217361 200.76300517847238 468.8842 -43.27329 197.7883
781 469.182848407935 5.765985845578551 200.8606008990942 468.9924 -43.28474 197.8525
782 469.26555873011824 5.78984240315611 200.9467956748344 469.0948 -43.29185 197.9181
783 469.36877843207105 5.804779972927965 201.02058704111852 469.204 -43.29579 197.9843
784 469.4618365413425 5.806141520019655 201.0751728093035 469.2991 -43.29833 198.0352
785 469.4618365413425 5.806141520019655 201.0751728093035 469.3867 -43.30684 198.0824
786 469.37323201421503 5.822755121101017 201.02927627205258 469.473 -43.31315 198.1348
787 469.37323201421503 5.822755121101017 201.02927627205258 469.5559 -43.31632 198.181
788 469.37323201421503 5.822755121101017 201.02927627205258 469.6341 -43.31351 198.2243
789 469.37323201421503 5.822755121101017 201.02927627205258 469.7087 -43.32229 198.2622
790 469.37323201421503 5.822755121101017 201.02927627205258 469.7717 -43.3356 198.3029
791 469.37323201421503 5.822755121101017 201.02927627205258 469.8181 -43.34418 198.3492
792 469.37323201421503 5.822755121101017 201.02927627205258 469.8578 -43.34935 198.4001
793 469.37323201421503 5.822755121101017 201.02927627205258 469.8944 -43.35196 198.4424
794 469.37323201421503 5.822755121101017 201.02927627205258 469.9367 -43.35745 198.4781
795 469.37323201421503 5.822755121101017 201.02927627205258 469.9846 -43.36013 198.5051
796 469.37323201421503 5.822755121101017 201.02927627205258 470.0301 -43.36564 198.5343
797 469.37323201421503 5.822755121101017 201.02927627205258 470.0664 -43.37479 198.5661
798 469.37323201421503 5.822755121101017 201.02927627205258 470.0932 -43.3869 198.6001
799 469.37323201421503 5.822755121101017 201.02927627205258 470.1173 -43.3898 198.6341
800 469.37323201421503 5.822755121101017 201.02927627205258 470.1424 -43.39187 198.6644
