0 0.0 0.0 0.0 -5.551115e-17 -3.330669e-16 2.220446e-16
1 -0.0020042044735984876 -0.017208252049224892 0.9617723986019603 -0.01101102 -0.01712164 0.961713
2 -0.032400077962375845 -0.012084455534002695 1.9246012489929116 -0.01699529 -0.03304158 1.924885
3 0.00709270147689714 0.01089741995083812 2.8872680911604682 -0.03106702 -0.06341853 2.888054
4 0.04152197415572362 0.01785683334813202 3.847499927418715 -0.04462738 -0.09503621 3.848312
5 0.04684697825025611 0.03021770835767288 4.806069758781867 -0.05337242 -0.1222173 4.806551
6 0.03779335716533613 0.02957955852122515 5.738775145690349 -0.06458549 -0.1448705 5.738958
7 0.03930940878444676 0.021460738333215924 6.676278803247901 -0.07542792 -0.1535673 6.676395
8 0.06962484824347775 0.023918471879056456 7.605757918767884 -0.08936429 -0.1678814 7.606157
9 0.07017313528277715 0.05396960069194218 8.534746027454467 -0.1013034 -0.1791661 8.535486
10 0.1344072641915145 0.052014930543108996 9.46302423158431 -0.1141317 -0.1865848 9.465868
11 0.1004048760202545 0.059061052376823686 10.385534333936764 -0.1275574 -0.1916301 10.38892
12 0.10146881332306397 0.06770565749449768 11.336241526373396 -0.1421945 -0.1997185 11.33952
13 0.04321502990568761 0.0642891220503849 12.218476744491511 -0.1548813 -0.2155601 12.22345
14 -0.004024848953773058 0.055342533780464755 13.127338493981037 -0.1693123 -0.2354858 13.13325
15 -0.013646581912773932 0.02812579049746579 14.035461277884673 -0.1849063 -0.2602522 14.04136
16 0.013427586082714405 0.04426453040826229 14.939324307308587 -0.1992846 -0.2760574 14.94552
17 -0.009093342152716259 0.02358616528985602 15.839774051733768 -0.2169483 -0.2851106 15.84627
18 0.03566396990932422 -0.0017918766124065365 16.735373048423934 -0.236713 -0.293361 16.74309
19 -0.007002809830910069 -0.00994721958844227 17.626262473913297 -0.2548521 -0.2982439 17.63484
20 -0.01704136687890935 -0.029138168691569235 18.51820702372854 -0.2730779 -0.3044055 18.52684
21 -0.081491300972907 -0.039545190882705 19.40344371225068 -0.2937433 -0.3138402 19.41419
22 -0.11031297508831994 -0.03219486453444474 20.283833488872244 -0.3146034 -0.3236882 20.29478
23 -0.13406550463520753 -0.033195227576213245 21.15783744914286 -0.3335669 -0.3220398 21.1689
24 -0.1391790562189362 -0.028681002349333524 22.027032760439237 -0.3517749 -0.3205089 22.03793
25 -0.15983437680929824 -0.0047458808975264395 22.889669891135203 -0.372549 -0.3172185 22.90089
26 -0.2221719399495349 -0.00943702641000639 23.74448093657009 -0.3933684 -0.3159266 23.75773
27 -0.25886241273487903 -0.015551354713912478 24.601580894378067 -0.4121035 -0.3140241 24.61543
28 -0.2993840029773532 -0.043598457593089966 25.427056103166578 -0.4280328 -0.3057383 25.44218
29 -0.37299653058436094 -0.03445665583468291 26.247998062971885 -0.4474023 -0.2988492 26.26621
30 -0.4229035182663957 -0.04266951543460116 27.060895227069373 -0.4690774 -0.293049 27.08037
31 -0.45987259634922845 -0.04137398674245724 27.85695527490351 -0.491623 -0.2934051 27.87697
32 -0.47595502616016544 -0.04306554003800325 28.64974188873194 -0.5147234 -0.2982767 28.66957
33 -0.5252474930693057 -0.055561785899353684 29.433585518332308 -0.5377287 -0.3030386 29.45471
34 -0.5994451544956844 -0.07131698128221273 30.202143958612425 -0.5610502 -0.3024561 30.22665
35 -0.7038695556793031 -0.08301900410763317 30.96195990112728 -0.5837097 -0.2893166 30.99325
36 -0.739799153332377 -0.07132340759310757 31.72154374028397 -0.6098827 -0.284946 31.75331
37 -0.8209485288935948 -0.061260767698929415 32.46168777391958 -0.6373473 -0.2859582 32.49745
38 -0.8646972133805934 -0.08030185816907288 33.19831406713259 -0.669497 -0.2913155 33.2349
39 -0.9068987555176387 -0.0731294142623819 33.92543431047095 -0.7070281 -0.2980989 33.96228
40 -0.9456095926900061 -0.06848628154249638 34.666775544655835 -0.7475972 -0.3011809 34.70353
41 -1.0020333162656325 -0.060443613428226066 35.355135383225104 -0.7861231 -0.3012987 35.39317
42 -1.0007811353488667 -0.04590542938868823 36.0485404613245 -0.8225011 -0.2935002 36.08573
43 -1.032887292298042 -0.015578013151936538 36.73574512698527 -0.8579745 -0.2845601 36.77338
44 -1.1896139735103068 -0.024568046395933546 37.39430838621481 -0.8979841 -0.2829222 37.44921
45 -1.2110825052420908 -0.02845680972435783 38.0570957301274 -0.9356939 -0.2753503 38.11124
46 -1.2249166422077582 -0.03161289375867365 38.71005845089636 -0.966244 -0.2643952 38.76355
47 -1.2225842853542832 -0.037850600512929135 39.347733548652116 -0.9940685 -0.2590333 39.40063
48 -1.26940790454915 -0.04276375039967597 39.98351284359943 -1.022967 -0.2546909 40.03748
49 -1.353447729669809 -0.041284662048188085 40.628176678429504 -1.054571 -0.2561416 40.68683
50 -1.3037789226814636 -0.022087067431588153 41.231769299231466 -1.082779 -0.2559993 41.29211
51 -1.3043428990066852 -0.0211375506835884 41.83105465430182 -1.107347 -0.2542439 41.89089
52 -1.3313375037593147 -0.008932844151602557 42.41546213321543 -1.127463 -0.2504927 42.47569
53 -1.4300525347451376 -0.011752781507222055 42.97561091046752 -1.143225 -0.2472759 43.04425
54 -1.3923444610700366 -0.014819660070169292 43.522606626136266 -1.156523 -0.2461265 43.59239
55 -1.4379856465431622 -0.011090427781927592 44.047742590146335 -1.163695 -0.2463307 44.11947
56 -1.4708384205372254 -0.013516158005032801 44.554255145459564 -1.165311 -0.2460311 44.62705
57 -1.4625003983248726 -0.029975828276092097 45.037358612809776 -1.165281 -0.2401569 45.11047
58 -1.463032006277623 -0.030124899218357072 45.501399402482114 -1.162119 -0.2348502 45.57447
59 -1.4374187946323187 -0.0052913146966912065 45.93951053220359 -1.153911 -0.2368661 46.01395
60 -1.4505046308979377 -0.0020999883591602962 46.36120634552219 -1.139704 -0.2380301 46.43562
61 -1.4072066014941056 0.008872875164371097 46.756275869494985 -1.11911 -0.2395256 46.83267
62 -1.6548837819163114 0.05389163541693837 47.03081294724267 -1.098158 -0.2391747 47.20456
63 -1.9748471075498664 0.08573028443080083 47.19999208185249 -1.077742 -0.2387525 47.56732
64 -2.2413134998978936 0.1189639842416364 47.35809951244106 -1.059487 -0.2404154 47.8784
65 -2.483770705711772 0.14401985738492018 47.53157884197329 -1.036133 -0.2443984 48.17664
66 -2.558302082078946 0.1646244056126537 47.26662783336607 -1.006263 -0.2532706 48.45088
67 -2.6765979151812767 0.151569722542448 47.026673853292785 -0.9730963 -0.2607772 48.71656
68 -2.5920260393660026 0.1898218227577722 47.27128264958795 -0.9369557 -0.2675893 48.97559
69 -2.6894755686087195 0.1858462782260908 47.03043898839559 -0.8977462 -0.2734425 49.23239
70 -2.6190470428865282 0.16399750064160096 47.27774771843762 -0.8567415 -0.280568 49.48708
71 -2.8262322996912275 0.12155431293578167 47.44086283250783 -0.8084309 -0.2860922 49.7497
72 -2.6924164944718054 0.12671426059468738 47.64230207048027 -0.7577117 -0.2915714 49.98615
73 -2.6022434388351505 0.12046249657026598 47.877396656484336 -0.6971579 -0.2967619 50.23058
74 -2.5368338836947926 0.13275683254094722 48.12446587480671 -0.6296551 -0.3022908 50.47733
75 -2.4663020447409436 0.13036756342519298 48.35338756516647 -0.5626253 -0.3067843 50.70727
76 -2.4249618099503576 0.1604496955141051 48.59731555743816 -0.4889211 -0.3117062 50.9453
77 -2.3281630476633985 0.15840685525317383 48.827707468145604 -0.4074937 -0.3179085 51.18149
78 -2.226203112480751 0.17196129338777139 49.06139548969146 -0.3172192 -0.3255041 51.4202
79 -2.0925896985731867 0.17452668773681437 49.28183661524779 -0.2212449 -0.3340796 51.6593
80 -1.967645017893161 0.16138451204824988 49.51413070254568 -0.114714 -0.3439537 51.90075
81 -1.8611835863428623 0.15939593820638415 49.74751526747838 0.0002735872 -0.3544958 52.12982
82 -1.7333201628174684 0.12665179932819798 49.97309479585266 0.1309526 -0.3642721 52.35595
83 -1.5872476354921692 0.12084373786268045 50.19706009820785 0.2760316 -0.3733939 52.58045
84 -1.4447428483436564 0.11309673402652447 50.42320202115475 0.4279778 -0.3824345 52.80031
85 -1.299959452468769 0.11646171818206624 50.65440329771859 0.5907911 -0.3919068 53.01901
86 -1.0913418313421648 0.11353246817046689 50.85292009600612 0.7701079 -0.4025973 53.24411
87 -0.86690108696367 0.10455779742659571 51.05309058088967 0.965237 -0.4147601 53.4728
88 -0.6981560346107846 0.09326240632223594 51.30563846115619 1.172293 -0.4302534 53.69477
89 -0.4485498452865744 0.09553173163168477 51.5164331955394 1.401712 -0.4467404 53.9268
90 -0.19467965107092 0.13342164019335512 51.743625529616466 1.658262 -0.4647131 54.15343
91 0.135879977026436 0.1269482348237186 51.88555368389636 1.94608 -0.4776399 54.36895
92 0.4003602195204393 0.1164708132243483 52.170946140805405 2.269729 -0.4777691 54.58519
93 0.7712610602962876 0.1159855371864024 52.319189549033545 2.612681 -0.4832195 54.78988
94 1.1516845294209694 0.08784923998236566 52.46918521201244 2.973763 -0.4792758 54.98383
95 1.5594519402458507 0.07912904842561429 52.59882207771023 3.359263 -0.4860892 55.16957
96 1.9827915028114167 0.08680642884826888 52.71633233627965 3.766145 -0.4913921 55.33541
97 2.212081280770588 0.0802530194208346 53.112435164419715 4.198361 -0.5166196 55.48396
98 2.660601281686885 0.054265498603256475 53.22675341872939 4.641416 -0.5396177 55.61845
99 3.1331675139246444 0.04853708977527033 53.26676618331766 5.103719 -0.5645924 55.72143
100 3.6132805325817756 0.01870390865925556 53.35763124099467 5.585536 -0.5957735 55.80227
101 4.119084215152274 -0.013110546442215387 53.359295708155194 6.088519 -0.6266796 55.85617
102 4.6455369520860215 -0.023723191058771746 53.353234414774306 6.612372 -0.6532414 55.9028
103 5.161494514712921 -0.017563426191326163 53.34903869074417 7.126377 -0.6821309 55.9379
104 5.695454723671716 -0.02779051245776793 53.35985260616779 7.658631 -0.724289 55.95413
105 6.248601314642497 -0.03512679236107717 53.34353602840079 8.20958 -0.7737852 55.97135
106 6.8105836787324945 -0.05640212320941372 53.27286191695628 8.774944 -0.8137508 55.97751
107 7.3858131391378095 -0.05516445711757725 53.21246181440094 9.351661 -0.857379 55.98323
108 7.968339933544537 -0.04766957581707801 53.183375810545556 9.933246 -0.9020616 55.98182
109 8.571873809352695 -0.010940271607342171 53.14114638083105 10.53767 -0.947374 55.97984
110 9.172896549998317 0.021089609255208912 53.14391083102007 11.13754 -0.9965387 55.979
111 9.79035981831774 0.03835944465039948 53.08549615807044 11.75501 -1.055254 55.96304
112 10.409912022484196 0.04561259298342105 52.9624866696082 12.38276 -1.117194 55.92954
113 11.034872556295374 0.060458357580210134 52.82499449659102 13.02027 -1.167977 55.90304
114 11.684767723300125 0.07363232618696552 52.74456945469475 13.67308 -1.217524 55.8833
115 12.344120183708812 0.11901342050979588 52.692020107152906 14.33357 -1.269538 55.85852
116 13.00659519212122 0.14051238107851477 52.53003258817552 15.01321 -1.317429 55.82149
117 13.686020346998218 0.13724262659678033 52.42300085330219 15.69798 -1.366117 55.77901
118 14.377096308094952 0.15699357188734325 52.455870903353194 16.38718 -1.417061 55.74074
119 15.065389388833948 0.1676854719180167 52.34142334623836 17.08252 -1.462354 55.70318
120 15.762860411625372 0.1892041021768574 52.247996507444185 17.78472 -1.502437 55.6721
121 16.482008016714115 0.22291390284870521 52.195506008162994 18.50468 -1.545746 55.643
122 17.21511941728952 0.2194651620073507 52.10268857134762 19.24155 -1.593908 55.61503
123 17.951122398795153 0.23280306044277047 52.03678646792027 19.97824 -1.647724 55.59027
124 18.68371725507617 0.24498000063980913 51.96194400350979 20.71281 -1.696725 55.56904
125 19.40984313334528 0.26954065084149936 51.91928586723325 21.4385 -1.741686 55.53688
126 20.137030288355064 0.30121487794282664 51.85630047255871 22.16714 -1.787932 55.51011
127 20.86917977928511 0.3285212830049714 51.76792257990755 22.90332 -1.839076 55.50537
128 21.58660057975039 0.37228204965182 51.63439795497555 23.63216 -1.895775 55.50164
129 22.298163681954186 0.36516898072605564 51.41800431133376 24.37331 -1.955801 55.48454
130 23.036228177352275 0.39704748244310917 51.36713658127784 25.11164 -2.008471 55.46362
131 23.75940641746759 0.43576345626300045 51.329288767670086 25.83505 -2.059391 55.46181
132 24.48964187364314 0.4804797071236671 51.40088690513925 26.56806 -2.113697 55.47262
133 25.226839713668323 0.5001453758785562 51.35280729695004 27.30492 -2.167614 55.48963
134 25.967724276081498 0.5213041004850969 51.37753745616628 28.04413 -2.226546 55.49768
135 26.698696488858065 0.5658446585568682 51.30160574036724 28.77765 -2.288673 55.51027
136 27.432079498027175 0.5839471362701432 51.23264109752252 29.51232 -2.343893 55.52232
137 28.16554048739917 0.6360543575989455 51.20277165797553 30.2463 -2.395401 55.5362
138 28.903322651030336 0.6606171718409871 51.13750684796875 30.98559 -2.445222 55.54859
139 29.64457851113248 0.6879073740057806 51.10268278976126 31.7263 -2.496112 55.56188
140 30.38158262265996 0.7497320548758893 51.13155580290332 32.46495 -2.537443 55.58466
141 31.123973333361487 0.7717778844783612 51.085773435268855 33.2074 -2.578228 55.61348
142 31.864909354807953 0.8499980756016061 51.06742050763539 33.95101 -2.620601 55.63975
143 32.60778643761695 0.9026137465636208 50.98193341895286 34.69841 -2.667716 55.67316
144 33.35330675262001 0.929315795896087 50.960865445433974 35.44252 -2.711893 55.7093
145 34.109821959520076 0.9761874366442906 50.95980643480183 36.19785 -2.761384 55.74855
146 34.84849924891707 1.0338157013271803 50.8106497057557 36.95093 -2.812393 55.78704
147 35.60449767956241 1.0680836703053491 50.79927760019394 37.70474 -2.867554 55.8266
148 36.36785329064502 1.0999691207652753 50.78375588889491 38.46575 -2.922992 55.86855
149 37.133864977399114 1.1374990784337 50.74765480754612 39.23007 -2.973413 55.92107
150 37.90697492634953 1.1785633806613964 50.7970707768318 40.0022 -3.024315 55.97631
151 38.686200038625664 1.1981652821137316 50.77902745544432 40.7783 -3.080932 56.02494
152 39.4667042636246 1.2213121459940735 50.76705117804605 41.5555 -3.135919 56.07788
153 40.254348768704396 1.2522106027722784 50.77925144490049 42.33951 -3.188774 56.1413
154 41.04449418595792 1.3007298375862464 50.854181339137185 43.13031 -3.244326 56.20333
155 41.85649127121301 1.3120686538039017 50.85020421592737 43.93795 -3.297181 56.26972
156 42.63747720207608 1.3323139177989851 50.85643817483951 44.71372 -3.352539 56.34391
157 43.43176278521831 1.3709913838993455 50.81714550746446 45.5044 -3.40258 56.42297
158 44.240744670218604 1.4052382821476719 50.8057580089356 46.30756 -3.461241 56.5081
159 45.06362682762749 1.4095842489452326 50.81594879824191 47.12224 -3.525277 56.60533
160 45.863443645415444 1.4410012013845792 50.849719354411086 47.91411 -3.592468 56.70663
161 46.68263124058259 1.4605527445456818 50.778424803705654 48.72687 -3.662244 56.81192
162 47.50349875137513 1.49774889211179 50.83665435664479 49.54068 -3.727642 56.92162
163 48.32940934282698 1.525350993955658 50.877843730340736 50.35682 -3.792894 57.04097
164 49.1454981017585 1.5464016795660693 50.981541428873236 51.16788 -3.850124 57.16787
165 49.97833879564686 1.5373696656645568 51.017410566086554 51.98907 -3.91255 57.29726
166 50.77480226061394 1.5635135267470988 51.02824436160481 52.77379 -3.968025 57.4249
167 51.57436474544812 1.6006038915825795 51.063458556230714 53.56153 -4.023164 57.56033
168 52.367421515753485 1.6031854279426951 51.13163641571491 54.34318 -4.082523 57.69851
169 53.14161984257202 1.6360802330980706 51.17682573335946 55.10439 -4.143701 57.83752
170 53.91919927421407 1.6705112851136732 51.247529420733734 55.87053 -4.204409 57.9795
171 54.705637389709345 1.675050983770518 51.31946435628904 56.64546 -4.26212 58.12033
172 55.461449771395934 1.6811017942387996 51.39087354279834 57.38911 -4.318314 58.26251
173 56.21688598321993 1.6953059726473283 51.506540746122084 58.13668 -4.369152 58.41357
174 56.97105795396161 1.7251452982604096 51.56341353921837 58.87601 -4.420802 58.56727
175 57.70508097169768 1.7291482518476793 51.65899863302071 59.59961 -4.467621 58.71611
176 58.43212729246718 1.725038143708423 51.72531816609822 60.31245 -4.516372 58.86609
177 59.14065764369094 1.7347737037272555 51.84887991023795 61.01319 -4.564529 59.02108
178 59.8440976502468 1.748422316218329 51.938987612560005 61.70436 -4.614787 59.17238
179 60.538063173135505 1.7551155994294625 51.97696635928323 62.38199 -4.657586 59.32091
180 61.22244340334231 1.7652642391406967 52.07625752939963 63.05593 -4.706379 59.46843
181 61.899414344578574 1.7759265678171556 52.17844852640469 63.72231 -4.758759 59.61689
182 62.57288825880213 1.7925329845775755 52.24542230177077 64.3816 -4.814707 59.76019
183 63.23998835455222 1.7999561622887172 52.28991870350034 65.03281 -4.867829 59.90218
184 63.89063324506568 1.8380391159357474 52.34675381083944 65.67175 -4.913385 60.03522
185 64.5336470317006 1.8475245726883458 52.39803284195953 66.30099 -4.9654 60.16765
186 65.1681060708399 1.8526146594164257 52.4534776923293 66.92208 -5.018319 60.29836
187 65.80858295623952 1.8542381519196465 52.46119300858351 67.54573 -5.076711 60.43224
188 66.39464060155719 1.8476185809791394 52.526574022106296 68.12018 -5.130339 60.55436
189 67.01048346731848 1.8448149173389399 52.59091875244307 68.72472 -5.182058 60.67792
190 67.59904121761969 1.8431659750388205 52.66986840829203 69.30307 -5.231855 60.80309
191 68.18814528781526 1.8664351380810942 52.74068593727544 69.88288 -5.285896 60.91928
192 68.76472034383393 1.8783352540522948 52.81247383570505 70.44995 -5.342758 61.033
193 69.32635127087322 1.8800641862492782 52.85619472776414 71.00066 -5.393054 61.14039
194 69.88076344850836 1.888724510022813 52.90365138649597 71.54538 -5.440828 61.24382
195 70.42982112828915 1.9383188164759222 52.94243575332306 72.08654 -5.485365 61.34673
196 70.97696920862009 1.969559286636999 52.96044405183473 72.62287 -5.532216 61.45078
197 71.51743681974357 1.9929515692317068 53.04538045629414 73.15814 -5.583135 61.55451
198 72.07170517698229 1.9747860507069446 53.04046687047569 73.70114 -5.63017 61.65701
199 72.61741162452753 1.9933680277568613 53.11669007901795 74.24267 -5.676448 61.7495
200 73.16665570417022 2.0165248370765183 53.18890647510349 74.78759 -5.7208 61.84178
201 73.72457936618297 2.0364821894148784 53.15588472495386 75.33524 -5.768173 61.94475
202 74.28509720402408 2.0696193545154093 53.22020608743963 75.88674 -5.817062 62.05821
203 74.84242767482888 2.08983858846754 53.281939148167965 76.43447 -5.862448 62.17121
204 75.40989572356021 2.1337728990191405 53.34884529471973 76.9926 -5.912287 62.29135
205 75.99362587361735 2.179473685669672 53.44221683393164 77.56843 -5.961148 62.42394
206 76.56917163566041 2.2056798902861328 53.471822193815534 78.12868 -6.008758 62.55305
207 77.13673108155832 2.27815415706042 53.583732840746784 78.69259 -6.059871 62.69195
208 77.74568772185638 2.282545536638436 53.66182943131456 79.28502 -6.107865 62.8458
209 78.32635150388552 2.28806628855854 53.76265908436292 79.85086 -6.150779 63.00502
210 78.94399395835283 2.32082172234281 53.87593699833207 80.4534 -6.192815 63.17985
211 79.5504194440653 2.3732451038751843 54.006123656569834 81.04837 -6.239009 63.35684
212 80.1777306117324 2.3902230626507697 54.10580975921684 81.65468 -6.285674 63.54111
213 80.80957734261055 2.4231903944293833 54.225952614747186 82.26579 -6.324963 63.74049
214 81.45144367210747 2.483831189248782 54.385883134854566 82.89509 -6.371173 63.94808
215 82.10377081850159 2.523563196388405 54.56422190857184 83.53476 -6.414738 64.1668
216 82.77949703168973 2.5535307115732317 54.74680881063508 84.19403 -6.458457 64.39981
217 83.47110349546432 2.5939818162249844 54.89994551785337 84.86139 -6.498607 64.63735
218 84.16585460040184 2.629557760861411 55.09978080241373 85.53876 -6.545009 64.88814
219 84.86563839466068 2.6502354292317305 55.32836662644593 86.22445 -6.585584 65.15377
220 85.59202893434065 2.6930166745872417 55.52973706687417 86.92746 -6.605047 65.4284
221 86.31463123135055 2.75593906069113 55.74358076889041 87.63165 -6.624344 65.70333
222 87.06498434352012 2.8085451315214947 55.95858856231483 88.35787 -6.646336 65.99341
223 87.80621572079147 2.8451011178163004 56.19322104617724 89.07692 -6.684073 66.28897
224 88.54863412681414 2.842255963959692 56.43585658714825 89.79244 -6.725361 66.59944
225 89.28134680828263 2.911542299086754 56.67785590877727 90.50245 -6.763694 66.90709
226 90.05285152992025 2.933424130717696 56.827338687131 91.2181 -6.813377 67.22868
227 90.79114090349033 2.9802180716868123 57.07348525887855 91.92183 -6.870738 67.55932
228 91.48005606311136 3.07297067634946 57.40446882724503 92.60904 -6.914272 67.90371
229 92.18482261665207 3.1462589863033514 57.690806448041634 93.28887 -6.975179 68.24748
230 92.87891827908219 3.1796096210784754 57.98057788099661 93.9613 -7.03488 68.58083
231 93.59542194435613 3.229465048127078 58.21774745274603 94.63312 -7.110019 68.92013
232 94.28598859299228 3.2546885556203917 58.43692853994601 95.27546 -7.183014 69.2482
233 94.96781841213787 3.326240308383034 58.706555555516594 95.92749 -7.259679 69.5824
234 95.6427912401204 3.3600215389816857 59.002608003345514 96.58342 -7.329268 69.91299
235 96.30536701170503 3.4199832885964807 59.236715242208746 97.20647 -7.398532 70.23613
236 96.95309894230809 3.456460865163141 59.55913817021024 97.84561 -7.469536 70.56975
237 97.56533838419443 3.499690064576193 59.830183261377385 98.43505 -7.533159 70.88389
238 98.19190285668726 3.5152248284912506 60.08888214727348 99.03309 -7.592121 71.19793
239 98.82494876528051 3.5120473012725295 60.319329937054846 99.6279 -7.650212 71.50888
240 99.44140817626314 3.5467931300987523 60.560519084031085 100.2122 -7.709739 71.81621
241 100.04462090303687 3.6144138771616396 60.806966395142126 100.7869 -7.766662 72.12549
242 100.64736148889445 3.6755105961555943 61.03284813316499 101.353 -7.82354 72.43265
243 101.2264504869533 3.738001000420981 61.280830432134 101.9055 -7.88334 72.73582
244 101.79954299737267 3.7664699670699906 61.51103741464137 102.4447 -7.943074 73.03236
245 102.37032751979594 3.8072439978178894 61.742379372536206 102.983 -8.002376 73.32849
246 102.95361599284703 3.8406908003437215 61.903949336646235 103.5115 -8.05369 73.6209
247 103.5274307915564 3.8890277103999136 62.0739998204719 104.0361 -8.096619 73.90981
248 104.07790726212232 3.9306453020113064 62.2825855852085 104.5505 -8.139292 74.19588
249 104.60970123781135 3.996764371795361 62.52006202446249 105.0601 -8.181955 74.48234
250 105.16014101819113 4.0290308148521685 62.69963797845664 105.564 -8.22375 74.76626
251 105.6825448567758 4.09210161406304 62.93991764904883 106.0641 -8.265059 75.05403
252 106.24194475568905 4.126378840594253 63.089051472194946 106.565 -8.308372 75.34311
253 106.75809681109727 4.156035362038023 63.34394827353565 107.0595 -8.363102 75.63421
254 107.27653483465033 4.216134774051064 63.56036404035057 107.5403 -8.418748 75.92569
255 107.79183180214547 4.264091376705049 63.81737887948675 108.0289 -8.475876 76.22883
256 108.32358133925801 4.319662402772483 64.01398895779255 108.5079 -8.530283 76.53231
257 108.87337523607442 4.364497043042476 64.1874807733813 108.9938 -8.586122 76.8408
258 109.35019033762387 4.4054220987903205 64.53025519517415 109.4846 -8.642339 77.16092
259 109.88490571448439 4.477402464936429 64.79907566077786 109.9856 -8.706456 77.48994
260 110.45608405485291 4.5054208123464035 65.02050731371679 110.4964 -8.763095 77.82451
261 110.97309190338683 4.54066895975189 65.36826492984449 111.0125 -8.817849 78.17109
262 111.50016677436851 4.548228635090031 65.71593005195541 111.5367 -8.867411 78.51965
263 112.04383827720538 4.56340724348449 66.03675764836711 112.0557 -8.915374 78.87613
264 112.60655933232675 4.589261513805892 66.35343914251892 112.5829 -8.963221 79.24678
265 113.17368806070883 4.574331551373005 66.68488868595124 113.1161 -9.011645 79.62766
266 113.78454577336859 4.635385660960897 66.97385647432131 113.6686 -9.057118 80.01888
267 114.36804341154809 4.650083552751178 67.3492225367402 114.2286 -9.105368 80.42589
268 114.97812538253591 4.691692366890309 67.70489400232404 114.7933 -9.158005 80.84871
269 115.5919932420793 4.756017262988097 68.08130086225836 115.3671 -9.217043 81.28451
270 116.21589416373479 4.782665670177543 68.46604825618415 115.9476 -9.273702 81.72926
271 116.83705080153806 4.801352853929593 68.87390263811155 116.5301 -9.317811 82.18891
272 117.44625797769554 4.8216238474062125 69.31177656593859 117.1091 -9.366338 82.66397
273 118.02053809818221 4.867244071972353 69.8183474037494 117.7001 -9.410224 83.15109
274 118.67951456161403 4.870038397101219 70.23961123379651 118.2986 -9.457628 83.65236
275 119.32995610517133 4.886804643711387 70.69872731285538 118.9071 -9.501459 84.16417
276 120.02024758428091 4.906504769858176 71.11857477519676 119.523 -9.549903 84.68521
277 120.70422806952077 4.949684200380265 71.60073500647559 120.1636 -9.590647 85.22386
278 121.33665214290254 4.977926361444625 72.1036819078823 120.7812 -9.63523 85.74376
279 122.03963107809228 5.022768258699619 72.58611514552153 121.4334 -9.682937 86.29266
280 122.69972023472145 5.070876727060704 73.13473516727844 122.0849 -9.728697 86.85165
281 123.38144368435948 5.108100123323811 73.64293473461419 122.73 -9.773963 87.405
282 124.07864644360487 5.144745371493898 74.1555774535405 123.3777 -9.820354 87.97821
283 124.7642975031318 5.184443296958023 74.6809525591407 124.0203 -9.868055 88.55484
284 125.4260445379271 5.246442999037242 75.27957766234114 124.6768 -9.916275 89.16047
285 126.09918521199172 5.301005217736627 75.82765040987965 125.3111 -9.964397 89.75362
286 126.80853269586059 5.3407782298014554 76.36713726387075 125.9636 -10.01373 90.35993
287 127.50212577667628 5.406849112430052 76.93856866877711 126.619 -10.0578 90.97676
288 128.20249994071074 5.44135582429013 77.50934700761773 127.2756 -10.10087 91.59686
289 128.88605347260273 5.482197486029865 78.09529247624458 127.9271 -10.14276 92.21818
290 129.59701714196362 5.539075505522273 78.65106486252111 128.5815 -10.1842 92.84078
291 130.29938008188148 5.593329681927981 79.20594586577538 129.2245 -10.23342 93.4639
292 131.0138338071022 5.653497470225673 79.78012870448585 129.8788 -10.28691 94.10638
293 131.688429798709 5.729950413967223 80.36567694673516 130.5065 -10.3407 94.74426
294 132.37563452012805 5.794669271447985 80.97740409681579 131.1491 -10.39963 95.40323
295 133.04318896458926 5.844069422667334 81.62009921251185 131.7916 -10.456 96.07042
296 133.73420578936418 5.915633982870934 82.23231233790273 132.4272 -10.50523 96.742
297 134.38166859089893 5.982497176179623 82.89292277084284 133.059 -10.55248 97.41926
298 135.11021609557642 6.02355499206159 83.46835633058993 133.6847 -10.60432 98.10439
299 135.78368119006132 6.096449670897448 84.12062352822282 134.3191 -10.66004 98.79631
300 136.5173298327557 6.133793268346852 84.70852075410694 134.9539 -10.71551 99.48856
301 137.1835388943595 6.228211337069363 85.39418615102858 135.6011 -10.77139 100.1963
302 137.88110086340703 6.294172624834431 85.99651708660708 136.2215 -10.81998 100.8793
303 138.58534825029238 6.3890616072488715 86.61739677630672 136.8528 -10.86978 101.5789
304 139.2535996111679 6.4722708073965665 87.28044028113786 137.4843 -10.91832 102.2803
305 139.94836442378116 6.551050047004166 87.92505008052146 138.1207 -10.96869 102.9852
306 140.64866255487954 6.6501212443075355 88.58368841818864 138.7684 -11.01807 103.7008
307 141.325625075771 6.726407204691728 89.208191049053 139.3904 -11.06529 104.3827
308 142.01659315343943 6.804820403159992 89.83510997869955 140.0213 -11.11507 105.0727
309 142.70079404849562 6.878530046474421 90.49553309654657 140.6686 -11.1641 105.7715
310 143.4006532169689 6.961437531966351 91.11741755587427 141.3096 -11.21534 106.457
311 144.1025032677486 7.023909320717199 91.72545100785763 141.9472 -11.26171 107.1334
312 144.80674238144687 7.119108993242822 92.33089025269436 142.5933 -11.3094 107.8056
313 145.509151483215 7.180717477874254 92.91795582899287 143.2295 -11.35965 108.4648
314 146.1986818161913 7.227980965541831 93.51472773277108 143.8589 -11.4107 109.1244
315 146.93273152268398 7.282555089724962 94.0679607789349 144.4994 -11.4626 109.7839
316 147.65884832065072 7.337926222894827 94.65448486149417 145.1538 -11.52141 110.4492
317 148.3393289677037 7.373734065690919 95.25574452609892 145.7899 -11.57854 111.0957
318 149.03754801125274 7.4523319215646495 95.86919540854797 146.4484 -11.63357 111.754
319 149.73887410887735 7.507168807015147 96.41634965159533 147.0826 -11.68264 112.3782
320 150.4367537302049 7.559270183062939 96.99277095207754 147.7333 -11.73221 113.0076
321 151.10574267493706 7.6066277687399895 97.61859048948827 148.3963 -11.78416 113.6394
322 151.78913615664845 7.665430954677429 98.19781743989543 149.0522 -11.835 114.2503
323 152.46549051083954 7.721066777761898 98.7651774694679 149.7073 -11.88352 114.8427
324 153.16796923123246 7.779592389208812 99.31968740292257 150.3763 -11.92783 115.4384
325 153.89197288982356 7.846832937987998 99.8514784741588 151.0476 -11.97578 116.0372
326 154.55060229534564 7.902637582385531 100.47090737560377 151.7272 -12.02409 116.6342
327 155.26030459501 7.96586510442505 101.01753062685442 152.4041 -12.07204 117.2224
328 155.975659033649 7.995065260229024 101.57190628371583 153.086 -12.12501 117.8158
329 156.69413750526493 8.039853015980832 102.11807052198041 153.7739 -12.17933 118.3992
330 157.4406245892883 8.08165317941465 102.6559445965771 154.4786 -12.23831 118.9893
331 158.1640177249853 8.114400399624513 103.21879007883216 155.189 -12.299 119.5662
332 158.94029579050024 8.16990369076029 103.73412981199223 155.9127 -12.36503 120.152
333 159.69701356540278 8.187722926843817 104.27767361783674 156.6454 -12.42646 120.7245
334 160.48343513240448 8.240216351777521 104.7834043368892 157.3838 -12.47643 121.2983
335 161.25187840174624 8.279507079163771 105.32889369796311 158.1338 -12.52578 121.8681
336 162.08233992445219 8.340851396698712 105.80230969432476 158.9058 -12.58374 122.4322
337 162.8774885957656 8.397793773975602 106.25666066469738 159.646 -12.63933 122.9716
338 163.6843112590254 8.437264341631565 106.71533130169011 160.4008 -12.70216 123.5094
339 164.55347990846263 8.475201105028042 107.14685849946385 161.1947 -12.77762 124.0636
340 165.34478896613345 8.535766290148546 107.6334458602732 161.9638 -12.85193 124.5828
341 166.10530207551207 8.601084653823861 108.14896038260021 162.7291 -12.9194 125.0909
342 166.9682666173037 8.640323407965365 108.4832696097894 163.4987 -12.98726 125.6019
343 167.78708822168826 8.657623214570238 108.91972588134989 164.2698 -13.05527 126.1138
344 168.58204258131468 8.6899522760937 109.37558970749973 165.0417 -13.12226 126.6042
345 169.37629995077356 8.735978880963598 109.80558323024681 165.8008 -13.18289 127.092
346 170.16857104428973 8.785414162310198 110.22301847053788 166.5531 -13.23954 127.577
347 170.93729032869055 8.836870885548146 110.64880180161595 167.2915 -13.29978 128.0524
348 171.73046252157522 8.904994133767913 111.05668399733727 168.0469 -13.36429 128.5271
349 172.47930347007875 8.926454083572363 111.45793943318674 168.764 -13.42431 128.9792
350 173.23193195259344 8.979937483854538 111.83750157777163 169.4764 -13.48459 129.4289
351 174.001744954345 9.02290359462819 112.19579746898333 170.1931 -13.54899 129.8817
352 174.76729290789063 9.066585342487857 112.55126846375796 170.9121 -13.61181 130.3215
353 175.49301043685094 9.103906437970744 112.95647853765999 171.6213 -13.67121 130.7525
354 176.24919502466742 9.16764546405244 113.26429176366402 172.3205 -13.72813 131.175
355 177.0161380843432 9.19466640537235 113.51837171731113 173.0101 -13.7841 131.5931
356 177.7595553973937 9.235074924605378 113.79757424349982 173.6861 -13.84508 132.0073
357 178.46127706559813 9.279607380421151 114.15105005151422 174.3545 -13.90627 132.4182
358 179.2136920562438 9.316379570026811 114.40800253354789 175.035 -13.96378 132.827
359 179.91939801594813 9.367771150893967 114.69805603680847 175.6897 -14.01825 133.2184
360 180.60087549270077 9.418149947460119 115.08146782005907 176.3532 -14.07865 133.6308
361 181.30180345780454 9.440651933954044 115.39543202317681 177.0072 -14.134 134.0303
362 182.0016044410254 9.476576611447673 115.6651076682211 177.652 -14.18089 134.4121
363 182.66432733686506 9.508285283837784 115.99233184982322 178.2937 -14.22293 134.7778
364 183.32280581642095 9.551876347613899 116.31542087705967 178.9314 -14.26465 135.1404
365 183.98314445204176 9.61711603517777 116.60958919804786 179.5573 -14.31261 135.5048
366 184.63205721771456 9.658244578487636 116.90953800630037 180.1748 -14.36322 135.8638
367 185.27351528401655 9.698638354641275 117.19143556149403 180.7795 -14.41258 136.2166
368 185.93934444212914 9.72575842601138 117.41195031731768 181.3913 -14.45852 136.5576
369 186.5720574476061 9.733502070471916 117.67920803688952 181.9903 -14.50312 136.8908
370 187.19675468095392 9.774179198184365 117.93131058909526 182.5812 -14.54745 137.2138
371 187.8102926017983 9.809355220573071 118.19291432996087 183.1665 -14.59096 137.5326
372 188.42400673993959 9.835064521174264 118.43367122686743 183.7467 -14.63103 137.8441
373 189.0228391950733 9.86990044387681 118.70462064939497 184.3283 -14.67151 138.1496
374 189.6494043931652 9.882612236011104 118.89956826410408 184.9104 -14.71237 138.45
375 190.2573627143748 9.916541035185217 119.17101693173504 185.5029 -14.7551 138.7526
376 190.8712285430031 9.9572635668314 119.43195872746506 186.0967 -14.79763 139.0562
377 191.51264211095386 9.982892798516385 119.64886433304486 186.7023 -14.84501 139.3564
378 192.1486185367326 9.99827293177522 119.89655886236397 187.3167 -14.89366 139.65
379 192.79024204601907 10.027575602401246 120.14631086080459 187.939 -14.94259 139.942
380 193.43479100315136 10.071221152152448 120.39509465598942 188.564 -14.99292 140.2354
381 194.09446844326328 10.087342694139178 120.62573809615488 189.1978 -15.03908 140.5266
382 194.74537421217542 10.106161323294563 120.8979722528906 189.8399 -15.08795 140.8155
383 195.4218393146187 10.104387450657548 121.13613942979009 190.4965 -15.14579 141.0981
384 196.11654837893806 10.138212868966688 121.35750357645506 191.1667 -15.20551 141.381
385 196.82140419250783 10.147750376078097 121.56245610860583 191.8455 -15.26383 141.6544
386 197.54258660772683 10.16877252576683 121.76236943507848 192.5394 -15.32526 141.9287
387 198.28219132922337 10.195029476385884 121.93614052037243 193.245 -15.38822 142.2045
388 199.01831229352953 10.23219504292191 122.16471488348654 193.9627 -15.45199 142.4808
389 199.77938864330275 10.267219362912963 122.35527122482694 194.6963 -15.51367 142.7543
390 200.54607727180212 10.2911655952913 122.62427456920139 195.46 -15.57305 143.0263
391 201.31129382486947 10.328839786339659 122.86014497077939 196.2138 -15.62684 143.2937
392 202.0999587607103 10.360191098991011 123.08634792958003 196.9859 -15.68196 143.5675
393 202.88514096743825 10.394268371586032 123.35957740937742 197.7721 -15.74033 143.8336
394 203.70308109571974 10.409439238716455 123.51080871644508 198.5592 -15.79846 144.0967
395 204.5026348806725 10.423807256130482 123.6985543620492 199.3386 -15.85428 144.35
396 205.3447738660804 10.488923769193951 123.78895008696252 200.1451 -15.92437 144.6074
397 206.20670895774444 10.512038577125216 123.92982860169191 200.9751 -16.00532 144.8679
398 207.0977218193017 10.531128796957097 123.97994782501297 201.8244 -16.08857 145.1297
399 207.97845762781705 10.577844722126061 124.21437686765577 202.6924 -16.17598 145.3976
400 208.8155499279444 10.63754733446286 124.48490270144553 203.5316 -16.26124 145.6544
401 209.66886932500543 10.671603680617235 124.68337719448179 204.3673 -16.33869 145.908
402 210.57845292766098 10.691162800423303 124.85045364468522 205.2495 -16.42655 146.1719
403 211.46752856424442 10.725363497582116 124.95476633014378 206.1048 -16.51609 146.4228
404 212.3418539209614 10.781846712536614 125.22930927966192 206.9819 -16.6098 146.6776
405 213.25529862039096 10.737724602615026 125.15251430000794 207.8609 -16.69858 146.926
406 214.1697513678883 10.735442542994237 125.28062285123882 208.7471 -16.78439 147.1708
407 215.09246689277253 10.746349034064762 125.40952110060681 209.644 -16.8739 147.4068
408 216.01195363786397 10.789612414475531 125.5995379146433 210.5492 -16.96319 147.6436
409 216.94768756833162 10.853878173308374 125.73376500286759 211.462 -17.05443 147.8807
410 217.88015984858234 10.877493623472425 125.92737977394037 212.3811 -17.14388 148.1148
411 218.81599011447238 10.923930726883944 126.09980881230359 213.3004 -17.23376 148.3482
412 219.7647432909499 10.989831448399714 126.2318016603203 214.2272 -17.32239 148.5829
413 220.6903540706298 11.058482308116215 126.4851673130843 215.1568 -17.41109 148.8145
414 221.6187591601459 11.115635464990916 126.72514262289731 216.0841 -17.50032 149.0489
415 222.55683808933108 11.146497574159897 126.91310842520298 217.0093 -17.58912 149.2778
416 223.47238180064784 11.19139085549115 127.18620133898816 217.9343 -17.67768 149.5044
417 224.39815431303865 11.2135555080595 127.4257745158634 218.8603 -17.76862 149.7262
418 225.3480407906975 11.2419691821072 127.5880361881337 219.7937 -17.85886 149.9499
419 226.2891085162339 11.313051821893918 127.7328629852904 220.7197 -17.94623 150.1656
420 227.22208079974516 11.297476813930416 127.93218385054728 221.6448 -18.03413 150.3821
421 228.16818454109207 11.307625924925397 128.0860117370157 222.5742 -18.12038 150.6004
422 229.11514330085018 11.326034115098807 128.25194842359204 223.5075 -18.20847 150.8144
423 230.0319341772694 11.383024601382495 128.40947530697278 224.4121 -18.29363 151.0218
424 230.96091970274674 11.4259553480953 128.57109588994476 225.3277 -18.38635 151.2317
425 231.92125808313529 11.4750325868141 128.72646536021625 226.2731 -18.4808 151.4464
426 232.82538340382092 11.50056009924158 128.89465156358722 227.1676 -18.56752 151.6432
427 233.7711569554238 11.511884400376925 129.06856126110947 228.1038 -18.65508 151.845
428 234.68332786018192 11.52195585544232 129.22686295789626 229.0056 -18.73661 152.0382
429 235.60950999894249 11.565012233846467 129.36004592309698 229.9189 -18.81652 152.2303
430 236.54758770032356 11.562928013399523 129.43499890700477 230.8378 -18.89376 152.4181
431 237.48331261564877 11.619541390229594 129.53160622558633 231.7587 -18.96992 152.6032
432 238.42472534321146 11.639455014776617 129.66631466608055 232.6895 -19.04112 152.7858
433 239.35941337202524 11.64406373873314 129.81202630204578 233.6155 -19.11494 152.9646
434 240.28086675887556 11.640763225529835 129.96737139329315 234.5305 -19.18701 153.1401
435 241.21412299756952 11.6669461591255 130.05684477384355 235.4493 -19.26118 153.3132
436 242.15534517608964 11.686120104901773 130.15649376212346 236.3787 -19.33366 153.478
437 243.07940304671416 11.6901898133285 130.24974895881618 237.2897 -19.41011 153.6418
438 243.9961935862835 11.698972227752375 130.3948349310982 238.1998 -19.49555 153.8032
439 244.90373123715798 11.698588519359934 130.56149124664935 239.1054 -19.5793 153.959
440 245.8321862714363 11.698471267000667 130.61505191482203 240.0191 -19.66444 154.11
441 246.76071111240054 11.709418217194326 130.68085199760174 240.9342 -19.75257 154.2564
442 247.68569338771246 11.690536589172037 130.78327470446877 241.85 -19.83999 154.3982
443 248.61112956211144 11.696155540055306 130.83411522575574 242.7628 -19.92378 154.5354
444 249.52784473282037 11.679764945791884 130.9002934533823 243.6688 -20.00434 154.6684
445 250.4465411772467 11.667071395458262 130.9377125444767 244.5757 -20.08388 154.7979
446 251.35460310441127 11.664698025990988 131.0092525029022 245.4743 -20.16399 154.9236
447 252.25890772781852 11.651572989437378 131.05307054028117 246.3684 -20.24532 155.0412
448 253.16703257079158 11.649803167219552 131.15773103762598 247.2733 -20.3235 155.1446
449 254.0769456372991 11.664942537303958 131.18898315711087 248.1739 -20.40379 155.2524
450 254.98108957104625 11.653390663598776 131.23739610767282 249.0698 -20.48204 155.3582
451 255.86872660813455 11.652658871418394 131.33801875606432 249.9549 -20.55749 155.4527
452 256.7523634481122 11.668507545245287 131.4195105143728 250.8345 -20.6346 155.5425
453 257.6517691914524 11.682199289432019 131.44909614243468 251.7259 -20.71972 155.6328
454 258.5534456583296 11.689656320915875 131.5064265589798 252.6209 -20.80615 155.7215
455 259.4517535625082 11.724170342354602 131.56691273272565 253.5136 -20.89449 155.8057
456 260.34793948652896 11.737891453195331 131.57248974844367 254.4024 -20.98217 155.8813
457 261.23359832868124 11.72653985348854 131.61478911725257 255.2821 -21.06516 155.9558
458 262.1186662232218 11.715392724645245 131.56838327740408 256.1621 -21.14494 156.0255
459 263.0019990001934 11.713724536500617 131.49291786031847 257.0428 -21.22381 156.0897
460 263.8816454281315 11.726503067286068 131.5607135907644 257.9199 -21.30232 156.1451
461 264.7563905453707 11.717315595609708 131.56364831910037 258.7907 -21.3755 156.1854
462 265.62762135893837 11.714388084749892 131.61583568989448 259.6601 -21.44205 156.224
463 266.4855402699969 11.733109162922549 131.76099927134717 260.527 -21.51116 156.258
464 267.3593649939998 11.721806931007311 131.8135562088054 261.3989 -21.58418 156.2883
465 268.231515124088 11.719514388753622 131.7317877005815 262.2717 -21.65347 156.3158
466 269.1032691355818 11.723038781885304 131.74111476858403 263.1403 -21.72636 156.3324
467 269.9704442335506 11.685113390204501 131.70787823704816 264.006 -21.79663 156.3451
468 270.833035592977 11.687379195400698 131.69710157848388 264.8657 -21.86707 156.3569
469 271.6993220947164 11.674408364247734 131.66485517026132 265.7295 -21.94115 156.3616
470 272.56694017034386 11.68547105110445 131.6314967484749 266.5945 -22.0171 156.3599
471 273.43345595045236 11.69922836614803 131.57842480196996 267.4594 -22.09328 156.3596
472 274.2971706590906 11.722026606866638 131.55211973778015 268.3206 -22.16749 156.3531
473 275.1588747219566 11.701674385475453 131.47646656055196 269.1826 -22.2424 156.3491
474 276.01817121584736 11.692172437225258 131.43928820439564 270.0395 -22.31694 156.3437
475 276.8723169950467 11.686466361715592 131.36692719639885 270.8934 -22.39231 156.3409
476 277.72479903714594 11.719332205002347 131.32780804708193 271.7439 -22.46937 156.334
477 278.57157806926426 11.74472237332137 131.28164177673784 272.5882 -22.55275 156.33
478 279.422679936377 11.766127908149816 131.23400180952638 273.4367 -22.63729 156.3283
479 280.22904613696755 11.776741795709425 131.18563843975133 274.2406 -22.71743 156.3276
480 281.048587940161 11.782030488732344 131.18053854322508 275.0562 -22.79801 156.3301
481 281.85706145839004 11.790703187081569 131.14350143985916 275.8616 -22.87783 156.3361
482 282.66384930057967 11.809302231252966 131.1092731350387 276.6656 -22.95477 156.3455
483 283.4501426957308 11.81744469521693 131.12514993012852 277.4484 -23.02961 156.3596
484 284.22873481749286 11.8342877776422 131.14182988829552 278.2238 -23.10166 156.3778
485 284.98988616424583 11.834114069864576 131.0553017468514 278.9862 -23.17205 156.4029
486 285.74512920220593 11.836360132200992 131.0701601860965 279.7382 -23.23843 156.4295
487 286.4882305411958 11.829504917513388 131.01047787277795 280.4806 -23.30168 156.455
488 287.2310503663989 11.848748559753968 131.01768109556255 281.2202 -23.36731 156.4848
489 287.9526368790016 11.855931185894043 131.00322249564223 281.9382 -23.43189 156.5202
490 288.66990078891473 11.852080107839145 131.00102496659596 282.6515 -23.49597 156.56
491 289.35885858893687 11.830484096295255 131.0293064264961 283.3383 -23.55164 156.5937
492 290.0363330362719 11.824300625532976 131.03853505030156 284.0121 -23.6105 156.634
493 290.70299738354964 11.826259650193391 131.06411375807053 284.6753 -23.6696 156.6761
494 291.35820562946043 11.820302249540525 131.09688636657214 285.3276 -23.7268 156.7166
495 292.00056636699685 11.835492260765037 131.12798904862123 285.967 -23.78128 156.7616
496 292.63034122045894 11.8366268570857 131.09612309440615 286.5937 -23.83446 156.8069
497 293.24892799516556 11.83478971512039 131.1328932068274 287.2092 -23.89017 156.8523
498 293.85386780873364 11.813378701534635 131.15447197781708 287.8108 -23.94344 156.8983
499 294.45710407395376 11.795554817069767 131.17176538308868 288.4106 -23.99582 156.9431
500 295.025300365638 11.787677258507978 131.1819045047176 288.9746 -24.04626 156.9918
501 295.60401614951013 11.786984069941163 131.21223890576434 289.5493 -24.10169 157.0416
502 296.16502883087185 11.779059892035136 131.14796131125559 290.1099 -24.15117 157.0886
503 296.7191873744705 11.768680470343812 131.1464591255215 290.6604 -24.19669 157.1342
504 297.2590935762304 11.758394199396697 131.19645020903891 291.199 -24.24004 157.1804
505 297.79004445316224 11.730052110225612 131.23295873224447 291.7281 -24.28194 157.2288
506 298.3120902042051 11.71671013470208 131.28154345831422 292.2488 -24.32193 157.2772
507 298.82568311195297 11.715120990100328 131.31128287038808 292.7596 -24.36116 157.3242
508 299.3286268285667 11.701087425814633 131.32440443249794 293.2587 -24.40494 157.3722
509 299.8267327616681 11.691302305247152 131.33261380060426 293.7527 -24.44767 157.4213
510 300.31328486996443 11.681985113811157 131.3794741458452 294.2374 -24.49148 157.4678
511 300.80496723657524 11.674508078034274 131.36804153021995 294.7246 -24.53746 157.5174
512 301.2934961297477 11.645606154145684 131.38915099092335 295.2096 -24.58496 157.567
513 301.790167357606 11.633095432141326 131.4099717822789 295.702 -24.63307 157.617
514 302.29128396626334 11.633223726531739 131.4403585716503 296.1993 -24.67824 157.6689
515 302.7969409122542 11.632726610870117 131.47083075482158 296.7013 -24.72333 157.7197
516 303.307020812069 11.63142149922783 131.4273071877748 297.209 -24.77055 157.7654
517 303.82203958958854 11.627617751400217 131.4441888317923 297.7199 -24.82169 157.8091
518 304.3459438662337 11.628171982202224 131.46986562756453 298.2403 -24.87488 157.8477
519 304.8769731031319 11.618379863406544 131.48986596678202 298.7679 -24.92374 157.8894
520 305.4238240539769 11.62204398173781 131.51519054371403 299.3114 -24.96956 157.9364
521 305.982467953601 11.639478637858577 131.52730155435384 299.8664 -25.02054 157.9801
522 306.55356756639213 11.642454620960441 131.53973808901398 300.4328 -25.085 158.0169
523 307.1384113334498 11.637788711548748 131.5299775038278 301.0133 -25.15046 158.0468
524 307.7275163197941 11.662596791940132 131.55829087013288 301.5988 -25.21321 158.0882
525 308.31665020142043 11.699259308383432 131.47512859618624 302.1893 -25.27483 158.1416
526 308.9181772636356 11.705092815115052 131.54730917613708 302.7896 -25.33868 158.193
527 309.54152673722086 11.715783240371271 131.58149979895606 303.4095 -25.40269 158.2314
528 310.1743778570678 11.736803768382126 131.5951993759811 304.0385 -25.46722 158.2678
529 310.821116295946 11.739003831647041 131.6198607587284 304.6811 -25.53204 158.3096
530 311.47709488265 11.748414613761174 131.65314127954437 305.3328 -25.59815 158.3588
531 312.14411421799616 11.750813911087526 131.64063115377613 305.9952 -25.66221 158.4057
532 312.8149430528084 11.752051743265806 131.7159717388274 306.6661 -25.72467 158.4467
533 313.50003229452165 11.749546721990743 131.6571296165229 307.3491 -25.79503 158.4838
534 314.20458192259184 11.774867618722855 131.66594756270126 308.0487 -25.86821 158.5319
535 314.8621828045557 11.806911979570577 131.41561849631424 308.7476 -25.94126 158.5802
536 315.5761123470385 11.810182464208943 131.44829708870472 309.4569 -26.01685 158.6244
537 316.2987786603594 11.792629307165276 131.44427709256934 310.1745 -26.09606 158.6611
538 317.02640343700136 11.789524931781617 131.46487405521395 310.8972 -26.1748 158.6982
539 317.7666934636264 11.81939389821099 131.4471519299464 311.6329 -26.25448 158.7386
540 318.5190533738997 11.864818265630184 131.42127071749275 312.3814 -26.34091 158.7711
541 319.2833741042044 11.864192750987788 131.42643942698905 313.1397 -26.43175 158.8018
542 320.05268119189435 11.886793690388014 131.37592268948362 313.9052 -26.52053 158.8338
543 320.82856312257115 11.9216743193912 131.3783270541831 314.6762 -26.60789 158.8676
544 321.6088762050668 11.933916050151712 131.44132808365222 315.4536 -26.69381 158.9033
545 322.4000271619768 11.952822244331053 131.48395146692857 316.2406 -26.78025 158.9387
546 323.2012141410006 11.98891765984483 131.45129420859774 317.0373 -26.87072 158.9755
547 324.01025607564793 12.020799280552298 131.51867122131782 317.8436 -26.96318 159.0134
548 324.82558499783477 12.045048599267277 131.52546425359765 318.6531 -27.05549 159.0532
549 325.6557408666357 12.072635574166714 131.54458707794987 319.4779 -27.14548 159.0967
550 326.485521458987 12.057239607632932 131.54260900523147 320.3018 -27.23538 159.1401
551 327.32795647022755 12.088499603394554 131.57036658799964 321.1391 -27.32655 159.1855
552 328.1758676970625 12.12747732599545 131.62248924188552 321.9833 -27.4181 159.2317
553 329.03176241402593 12.1626098099782 131.65795461151956 322.8344 -27.50858 159.2816
554 329.88988636797507 12.189042589007194 131.74318906905546 323.6909 -27.59901 159.3323
555 330.7614688689841 12.217647274101198 131.73232221921137 324.5567 -27.68936 159.3854
556 331.645273360471 12.264923754854319 131.73112668785708 325.435 -27.78207 159.4432
557 332.52679850216487 12.314952143468494 131.79245504829711 326.3133 -27.8748 159.501
558 333.4185425113622 12.349404644177548 131.77186137559158 327.199 -27.96791 159.5617
559 334.3184471581999 12.37623888008331 131.81356853065267 328.0932 -28.06283 159.6224
560 335.2174453943494 12.419672066675973 131.88079687737047 328.9883 -28.15786 159.6885
561 336.12414452890835 12.435470736406629 131.9322783645752 329.888 -28.25775 159.7631
562 337.0317181936407 12.481687297947072 131.97294102710103 330.789 -28.35861 159.8373
563 337.946083413337 12.545218630426094 131.99718088896458 331.697 -28.45992 159.9145
564 338.85862504128346 12.574996022188895 132.0980669167612 332.6065 -28.5625 159.9925
565 339.77857906203394 12.609567035290823 132.12437351019477 333.518 -28.66639 160.0736
566 340.69955276680975 12.623169549140648 132.18876012936838 334.4313 -28.77189 160.1589
567 341.6211496972374 12.675566237911143 132.23600187925356 335.3462 -28.87348 160.2423
568 342.5408735785351 12.697898632287682 132.29644644833925 336.2589 -28.97212 160.3277
569 343.4632463298506 12.721228103345876 132.37166336805055 337.1754 -29.07108 160.4126
570 344.37925540107153 12.742578715952463 132.47836676247798 338.0878 -29.17312 160.5022
571 345.2980378511746 12.775551028241129 132.51053643149925 338.9981 -29.27516 160.5872
572 346.21167731242497 12.770529832792644 132.59173579936837 339.9061 -29.37509 160.6703
573 347.12194034435305 12.753632162435776 132.63682356978921 340.8083 -29.47693 160.7513
574 348.0285824478329 12.793953842504424 132.7393443014202 341.7122 -29.57782 160.8345
575 348.94074861691837 12.815014448008776 132.77049900045108 342.6161 -29.6802 160.9116
576 349.8530343350513 12.827568348028635 132.80947050908233 343.5205 -29.78018 160.9891
577 350.761528635956 12.836349789936286 132.88477493061043 344.4236 -29.87756 161.0668
578 351.6706212445927 12.837635669504378 132.96778458267414 345.3276 -29.97769 161.1449
579 352.5747454882955 12.856162679952728 133.00659903658925 346.2235 -30.07709 161.2272
580 353.4744881343814 12.866177095026107 133.07531203321344 347.1167 -30.17753 161.3076
581 354.37686768835164 12.876618264590183 133.068790786814 348.0099 -30.27574 161.3912
582 355.2827411608412 12.886149918685328 133.07259039334969 348.9065 -30.37548 161.4741
583 356.19002244154115 12.910198818562398 133.11367324386148 349.8059 -30.47413 161.5564
584 357.08928592749055 12.931515896356363 133.15581022325463 350.6977 -30.56953 161.637
585 357.9832826532751 12.96569527709686 133.26355206572399 351.5901 -30.66501 161.7177
586 358.88201584992987 12.980252721397411 133.32703873870497 352.4825 -30.76035 161.7983
587 359.7831956948932 13.011656682628029 133.41117666565125 353.3785 -30.8605 161.884
588 360.681511533052 13.05358794465538 133.50587072606643 354.2731 -30.96097 161.9694
589 361.58484842638046 13.075021197729468 133.56802739275903 355.17 -31.05569 162.0527
590 362.48877599183777 13.09371758600675 133.6151356550046 356.0658 -31.14982 162.144
591 363.39436335025505 13.121413402471289 133.70240801274258 356.966 -31.24424 162.2399
592 364.30325859951625 13.13720100009939 133.69797842680595 357.8634 -31.34268 162.3464
593 365.21106037164355 13.187791243078655 133.75744387423404 358.7644 -31.43232 162.4482
594 366.10393400058774 13.236214745553067 133.93868562230574 359.6666 -31.52203 162.5502
595 367.01422127235236 13.291173709817839 134.04272911085843 360.5743 -31.60985 162.6543
596 367.91411064865156 13.344889717850787 134.19186064275152 361.4763 -31.69958 162.7695
597 368.8264395250765 13.368756192606272 134.16773254659878 362.3757 -31.79176 162.8963
598 369.732427725416 13.426055680566783 134.25380512948712 363.2722 -31.88456 163.0348
599 370.6394127895455 13.418701340309688 134.3477750561948 364.1687 -31.97736 163.1733
600 371.5481695342471 13.451769764352317 134.4107896314182 365.0628 -32.07264 163.323
601 372.4415106398622 13.444015363674716 134.59179346642887 365.9547 -32.16864 163.4848
602 373.33091581580686 13.510715848281745 134.76576616071182 366.8412 -32.26554 163.6594
603 374.23325146185147 13.524008662124968 134.8956787720214 367.727 -32.36548 163.8508
604 375.1025299114664 13.5343809083232 135.1340714605501 368.6005 -32.46696 164.049
605 375.97717932542196 13.5729324350896 135.36906451268382 369.4767 -32.56385 164.2602
606 376.8643170089201 13.593450544549423 135.5363841463244 370.3486 -32.65824 164.4754
607 377.7550534951865 13.616204255036301 135.68733905612552 371.22 -32.75253 164.6956
608 378.6381189591411 13.62575388295723 135.88792076859494 372.0932 -32.84871 164.9156
609 379.53104943845904 13.666605204904672 136.0291944823569 372.9644 -32.94965 165.1387
610 380.42266636581763 13.713095019401749 136.2097643139889 373.8419 -33.04904 165.362
611 381.3061841874255 13.727548504804465 136.43789475860552 374.7198 -33.14733 165.5911
612 382.2054843797925 13.745340913323723 136.61341114703617 375.5998 -33.24711 165.8267
613 383.09650380568286 13.763672297025531 136.82208053136821 376.4772 -33.34844 166.0669
614 383.99116819140426 13.780577671291045 137.0342997379514 377.3568 -33.45186 166.3146
615 384.8831284574277 13.80471606781152 137.23283465691705 378.2299 -33.55204 166.5661
616 385.76065724013336 13.803503076146402 137.47380326291028 379.0956 -33.65147 166.8284
617 386.6345575710498 13.837856367737603 137.6790735410339 379.9484 -33.75068 167.0928
618 387.47208185136543 13.896678562258296 138.00051881431318 380.8018 -33.85006 167.3575
619 388.3298555016473 13.897876874619078 138.23849655913324 381.646 -33.94947 167.6218
620 389.1879610778035 13.918775465525624 138.451156181929 382.4797 -34.05166 167.8984
621 390.00122809037293 13.968674556309821 138.80332891597482 383.3184 -34.15042 168.1718
622 390.78822306235634 14.027539497971635 139.21109931658765 384.1565 -34.24855 168.4494
623 391.6644896935095 14.015980116007915 139.30374145719398 384.9855 -34.34893 168.7309
624 392.48638541870884 14.025766187858574 139.60597971634857 385.8082 -34.44909 169.0139
625 393.3250865900495 14.005237443819551 139.81648985472668 386.6213 -34.54404 169.2932
626 394.13627967682606 14.012156241450144 140.1180601248219 387.4349 -34.639 169.5726
627 394.920615541844 14.016616446613622 140.4838358017285 388.2465 -34.73778 169.8564
628 395.7547675646731 14.029153360590357 140.68762780720954 389.0518 -34.83651 170.1379
629 396.57397312408267 14.05007033565564 140.9492965504452 389.8585 -34.93537 170.4198
630 397.3957742068561 14.056212032589366 141.14233772613366 390.6508 -35.03121 170.695
631 398.2082771996761 14.059733042116259 141.35684196280607 391.4405 -35.12143 170.9678
632 399.014394733396 14.054602262323332 141.5801907569109 392.2273 -35.21056 171.2375
633 399.81129054482017 14.075867689540726 141.83138015604985 393.0148 -35.29819 171.5035
634 400.635799394092 14.096778885528074 142.0178218398412 393.8158 -35.37808 171.7624
635 401.4389817913194 14.094088260414232 142.2776397601632 394.6157 -35.45946 172.0196
636 402.2001489800219 14.032916931332489 142.618040689864 395.4044 -35.54302 172.2841
637 403.02570826342657 14.033683676413663 142.70349320642305 396.1902 -35.62299 172.539
638 403.7612294076881 14.01673314179263 143.097061651068 396.9791 -35.70992 172.7964
639 404.5755211376932 14.067272171879186 143.33372462933707 397.7804 -35.79994 173.0637
640 405.41012508443964 14.07409242785463 143.5147678302139 398.5862 -35.89106 173.3316
641 406.22475500153126 14.081525405791872 143.7823163892051 399.394 -35.98738 173.6026
642 407.051229915235 14.084164995763764 144.02281867024024 400.2054 -36.08162 173.874
643 407.89875137231 14.087645847388814 144.27562825781428 401.042 -36.17291 174.146
644 408.7302202700263 14.089806785944319 144.50179800131494 401.857 -36.26143 174.4114
645 409.6175441556774 14.084363906948012 144.74727343210415 402.7259 -36.35992 174.6994
646 410.44135002103417 14.092881663526384 145.00572816784452 403.54 -36.4565 174.9704
647 411.3129541760416 14.092657016050739 145.2220531627183 404.3866 -36.55987 175.2516
648 412.18348363578826 14.115507741237906 145.45612753160916 405.2387 -36.65818 175.5298
649 413.0539505315129 14.130037758572058 145.72647676897398 406.0994 -36.76127 175.8119
650 413.92236582710746 14.130860560127173 145.974364787795 406.9522 -36.86062 176.092
651 414.7998659635425 14.142931279517512 146.2054769006101 407.8104 -36.9606 176.3696
652 415.69883887637747 14.141899888803819 146.32033547374348 408.6653 -37.05716 176.6545
653 416.5772960405842 14.149756572302794 146.5565094843337 409.5217 -37.14867 176.9473
654 417.45073768484025 14.166055380984533 146.82509431807313 410.3808 -37.23727 177.2463
655 418.3202954798205 14.182400050681348 147.0834571634312 411.2375 -37.3234 177.5323
656 419.1560850893027 14.1914468859557 147.4315956932625 412.0933 -37.40675 177.816
657 420.0314718841441 14.184099718301736 147.63354881194294 412.9441 -37.49169 178.0918
658 420.8989661129876 14.23640598217165 147.87564597793886 413.8009 -37.5727 178.3624
659 421.7457951209627 14.247921329337 148.19286960636438 414.6582 -37.66188 178.6362
660 422.6268445569849 14.261922502174546 148.32259661220408 415.5021 -37.74912 178.9073
661 423.4744600780039 14.283678445438639 148.58483478154716 416.3431 -37.83262 179.1783
662 424.30410021410296 14.310568571676898 148.85302929320704 417.1677 -37.91664 179.4502
663 425.1359620734172 14.343609309967954 149.09624408620164 417.987 -38.00097 179.722
664 425.9606039955841 14.354378822152936 149.3249286950238 418.7969 -38.08222 179.9864
665 426.78533445628483 14.345322229126204 149.55378395018556 419.6091 -38.15827 180.2456
666 427.59293399875054 14.351027284742585 149.76399239756455 420.4007 -38.23307 180.499
667 428.3655849022059 14.367571469194939 150.0566621832454 421.1854 -38.30596 180.7477
668 429.1485939882828 14.391539073966808 150.27648078901493 421.9594 -38.37484 180.9889
669 429.93536181418204 14.430609109388442 150.43796064956086 422.7235 -38.44427 181.2296
670 430.6862998549896 14.444893719092791 150.68999947671585 423.4737 -38.52223 181.472
671 431.44064107769174 14.452860287870905 150.9359411486913 424.2251 -38.60018 181.7147
672 432.1987113173583 14.474145657794923 151.14604369308117 424.9706 -38.6818 181.9531
673 432.95630791072966 14.487904305196274 151.35152083958127 425.7139 -38.76538 182.1916
674 433.70918597372986 14.489175528686562 151.5634395755247 426.4553 -38.84576 182.4274
675 434.4593761499751 14.479346763461486 151.75260894524195 427.1913 -38.9186 182.6547
676 435.18615773832414 14.486932056408014 151.98258043514397 427.9167 -38.9893 182.8782
677 435.9032184985965 14.497173385779096 152.2350043279321 428.639 -39.06082 183.1044
678 436.6296438562445 14.500777464527262 152.47066621874666 429.3649 -39.13224 183.3307
679 437.3585741340394 14.528118789417581 152.68598308401076 430.0878 -39.20176 183.5566
680 438.0869992499053 14.519825442308493 152.88535232303568 430.8055 -39.26661 183.7827
681 438.8287142733975 14.526396282487156 153.11063163496937 431.5424 -39.32909 184.0151
682 439.5336283190742 14.534578283787926 153.35845551994103 432.2521 -39.38552 184.2421
683 440.2679748630493 14.5557281420811 153.5706363542452 432.9778 -39.44566 184.4755
684 441.0139416743049 14.57884702588652 153.76225594149227 433.7097 -39.51541 184.7061
685 441.73734580756695 14.592070125277782 154.0336889815258 434.4438 -39.58607 184.9369
686 442.4682664228906 14.60547116265018 154.2816969192864 435.1772 -39.6556 185.1676
687 443.19948028008264 14.619637497898902 154.47431229353245 435.8944 -39.72678 185.3968
688 443.8974245328012 14.647961724820558 154.71537803221457 436.5933 -39.80189 185.6247
689 444.6131575388832 14.668561259428156 154.91625565983617 437.295 -39.87998 185.8583
690 445.3324819339552 14.693607749040973 155.06936476345953 437.987 -39.96184 186.0948
691 446.00462076302796 14.707220841633953 155.30448723742305 438.6578 -40.03698 186.322
692 446.68130207573324 14.736122326064601 155.4930081331699 439.3183 -40.11521 186.5498
693 447.3442808258049 14.74789800670772 155.71783911390594 439.9765 -40.19335 186.7754
694 448.01014505600887 14.759623178330921 155.91320896364033 440.6294 -40.26688 186.999
695 448.6503603050055 14.774293279164876 156.09925868815978 441.2583 -40.33301 187.2107
696 449.29219381539167 14.778669166656623 156.28901621410807 441.8895 -40.3994 187.4232
697 449.93461855178174 14.753406066029044 156.49088640462858 442.5242 -40.4691 187.6386
698 450.5250009568004 14.7732384668149 156.69011855997363 443.1116 -40.5317 187.8378
699 451.12904229719476 14.782650876632953 156.88395369233095 443.7097 -40.58993 188.0413
700 451.75049133175014 14.78069064258047 157.03134395433167 444.3114 -40.65105 188.2466
701 452.32107719034417 14.780188226953756 157.20135238103768 444.871 -40.71269 188.4403
702 452.9094337875619 14.769876572785185 157.38233273549278 445.4493 -40.77681 188.6415
703 453.44904111604865 14.788043231951804 157.5584440330809 445.9827 -40.83615 188.8272
704 454.00816561365326 14.811722948781357 157.70187655655172 446.5258 -40.89361 189.0156
705 454.5506589074427 14.834101163170677 157.85664051816502 447.0563 -40.94722 189.2012
706 455.0852474217043 14.859289981929773 158.0056557882855 447.5777 -41.00285 189.3847
707 455.612147231217 14.862706370037737 158.1495331024381 448.0907 -41.0568 189.5643
708 456.1108365223257 14.844847797696984 158.33543590292115 448.5905 -41.11097 189.7399
709 456.60744994591005 14.831333301688694 158.50201323005015 449.0822 -41.16507 189.9127
710 457.0792586775147 14.822871321481468 158.6721299290324 449.5511 -41.22241 190.0814
711 457.5550620304668 14.810247495090941 158.81348164789975 450.015 -41.2784 190.2493
712 458.03047913151164 14.81599703756678 158.93553881030908 450.4737 -41.33399 190.415
713 458.48049401640367 14.83152528761765 159.07564386277318 450.9162 -41.38482 190.5699
714 458.91344850196987 14.852733881021235 159.24226563384147 451.3527 -41.43116 190.7215
715 459.3455282319969 14.849882658665896 159.37409647936246 451.7763 -41.47778 190.8714
716 459.73178850445 14.8443576262779 159.58662107168448 452.1892 -41.5232 191.0192
717 460.10617943033196 14.83382751041135 159.8049505158211 452.5961 -41.57027 191.1612
718 460.49357835273395 14.8307004271398 159.91928825574976 452.9753 -41.61612 191.2926
719 460.866619673665 14.850863445513808 160.05521477990166 453.3477 -41.66274 191.4237
720 461.1961023831592 14.828980938849709 160.25537502207396 453.7102 -41.70389 191.5502
721 461.50727243184855 14.834235798049667 160.4544081842693 454.0561 -41.74707 191.6725
722 461.8750053715129 14.828099049141569 160.41841692145954 454.4021 -41.79023 191.7949
723 462.19089936992765 14.85729390164452 160.57075338870504 454.7312 -41.8346 191.9114
724 462.52485060146313 14.868747610226023 160.63348908122256 455.0471 -41.87896 192.029
725 462.85151714486693 14.874698195928225 160.67029709054702 455.3537 -41.9151 192.1421
726 463.1664897108283 14.868067004736282 160.72124202547806 455.6532 -41.94952 192.2468
727 463.4541862504234 14.848188866716082 160.8337022550431 455.9458 -41.97617 192.3442
728 463.7401641702482 14.866243101376476 160.91627755936284 456.2262 -42.00704 192.4409
729 464.0147603014654 14.861104770561369 161.02482244582444 456.5053 -42.03355 192.5337
730 464.2986009341327 14.873863904685482 161.09479322646473 456.7802 -42.06007 192.6304
731 464.55120513034694 14.851036917423587 160.9572504999849 457.0499 -42.08984 192.7285
732 464.8317472441951 14.845747685678816 161.02263745575698 457.3193 -42.1196 192.8262
733 465.0925314225838 14.847277592843373 161.1342791204087 457.5849 -42.14874 192.9215
734 465.3468015235167 14.864773916679164 161.2522836225423 457.8478 -42.17833 193.0158
735 465.6054466950407 14.887016044484037 161.35706897742566 458.1099 -42.20107 193.1115
736 465.87073851806605 14.895960762022181 161.4475415631302 458.3727 -42.22298 193.2069
737 466.13482668607355 14.890735048578085 161.54230191104767 458.6339 -42.24587 193.3069
738 466.410517837248 14.879585266907755 161.47565688172952 458.8966 -42.27315 193.4109
739 466.68037729031164 14.86477435135741 161.5639070872407 459.1567 -42.30207 193.522
740 466.96231013725867 14.862156047951961 161.6593875920552 459.4284 -42.32982 193.6404
741 467.2463404523722 14.819513706886083 161.58761816649718 459.6977 -42.35796 193.7601
742 467.53288334819104 14.8062325910802 161.67707345375672 459.9699 -42.38822 193.8837
743 467.8375774710189 14.821306471432942 161.74005246411136 460.2494 -42.41641 194.0183
744 468.11065239211905 14.834798610781332 161.90605062085396 460.5317 -42.44519 194.1659
745 468.43344745135533 14.839533168886986 161.93972972553604 460.8164 -42.46997 194.3198
746 468.7112269511202 14.838183068647892 162.08707474798257 461.0905 -42.49464 194.4719
747 468.98619974551383 14.831328029123446 162.2571444606784 461.3703 -42.52156 194.6318
748 469.3088572136487 14.824773611414662 162.27433149839038 461.6462 -42.55214 194.7973
749 469.60527156358444 14.815166668074166 162.36082029703994 461.9028 -42.58029 194.967
750 469.82432564142994 14.82195321132391 162.57925534896603 462.1586 -42.6007 195.1399
751 470.0998236329797 14.83463081982975 162.7058165787904 462.4096 -42.6202 195.3093
752 470.37434457183707 14.829481460621658 162.80981171439097 462.6558 -42.6418 195.4678
753 470.64573860115934 14.847762230938155 162.89275597992426 462.8996 -42.66193 195.6128
754 470.89368897425936 14.846988250722449 163.00111404300304 463.1354 -42.68335 195.7438
755 471.13252851314166 14.85427957780573 163.12477527425946 463.3755 -42.69452 195.8647
756 471.32341570353793 14.842648782531535 163.25638011172342 463.5862 -42.70011 195.962
757 471.59673385612894 14.833377098820215 163.3534067361385 463.8526 -42.71946 196.0754
758 471.850413764827 14.849774322397623 163.44104853542328 464.1011 -42.73706 196.1766
759 472.1085451582908 14.850595936868956 163.5251114687418 464.3543 -42.75047 196.2736
760 472.3511884498527 14.851661741320141 163.63296469085802 464.6036 -42.76345 196.3641
761 472.61690746598 14.845521435845134 163.73165775655693 464.8704 -42.78446 196.4577
762 472.9007533640572 14.81910453629748 163.7543561521613 465.1394 -42.8119 196.5508
763 473.1626880409829 14.823298362723943 163.8456285206181 465.4025 -42.83862 196.6346
764 473.43207423878994 14.84700327787404 163.9416985780179 465.6751 -42.87317 196.7174
765 473.7170405307229 14.856815033636083 163.9768397150349 465.9486 -42.90391 196.7998
766 473.9815634066833 14.839862252778238 164.04247133405215 466.2106 -42.93432 196.8705
767 474.2450112480336 14.845942550993328 164.12215789102038 466.4742 -42.97107 196.9409
768 474.4733871756275 14.84486883946401 164.22541781179888 466.714 -43.00329 197.0063
769 474.72040749642446 14.8371326986277 164.25938902370456 466.9526 -43.03319 197.0727
770 474.96908336332643 14.815707298387624 164.26521790396495 467.1914 -43.05471 197.1423
771 475.1870245653758 14.807456060738815 164.3359164925403 467.4097 -43.07618 197.209
772 475.4016601591498 14.807406096389533 164.38192816267772 467.6176 -43.09856 197.2758
773 475.6068361377018 14.814088075717327 164.45890220425994 467.8226 -43.12385 197.3493
774 475.80288908406106 14.799371256658029 164.4944345607905 468.0046 -43.15132 197.427
775 475.9489894249897 14.800597431580943 164.5989839164824 468.1669 -43.18329 197.4971
776 476.10102641002106 14.809002095867001 164.69549475732845 468.3295 -43.20345 197.5723
777 476.2629367251098 14.821997118248174 164.7672575391946 468.491 -43.22371 197.6433
778 476.4044397085198 14.821498390406148 164.80564268419383 468.6283 -43.24139 197.6916
779 476.54473786121645 14.816514603025944 164.7727020662086 468.7634 -43.2591 197.7388
780 476.6690480480686 14.813658835800373 164.81492845769952 468.8842 -43.27329 197.7883
781 476.773770573731 14.824018835161429 164.88482728123836 468.9924 -43.28474 197.8525
782 476.86388162265445 14.823452284841302 164.96679892257038 469.0948 -43.29185 197.9181
783 476.9732595580037 14.80933775684634 165.03129582914897 469.204 -43.29579 197.9843
784 477.0657151839164 14.799963090306175 165.08611685125135 469.2991 -43.29833 198.0352
785 477.0657151839164 14.799963090306175 165.08611685125135 469.3867 -43.30684 198.0824
786 477.1332018448138 14.789633417348016 165.1607634490137 469.473 -43.31315 198.1348
787 477.1332018448138 14.789633417348016 165.1607634490137 469.5559 -43.31632 198.181
788 477.1332018448138 14.789633417348016 165.1607634490137 469.6341 -43.31351 198.2243
789 477.1332018448138 14.789633417348016 165.1607634490137 469.7087 -43.32229 198.2622
790 477.1332018448138 14.789633417348016 165.1607634490137 469.7717 -43.3356 198.3029
791 477.1332018448138 14.789633417348016 165.1607634490137 469.8181 -43.34418 198.3492
792 477.1332018448138 14.789633417348016 165.1607634490137 469.8578 -43.34935 198.4001
793 477.1332018448138 14.789633417348016 165.1607634490137 469.8944 -43.35196 198.4424
794 477.1332018448138 14.789633417348016 165.1607634490137 469.9367 -43.35745 198.4781
795 477.1332018448138 14.789633417348016 165.1607634490137 469.9846 -43.36013 198.5051
796 477.1332018448138 14.789633417348016 165.1607634490137 470.0301 -43.36564 198.5343
797 477.1332018448138 14.789633417348016 165.1607634490137 470.0664 -43.37479 198.5661
798 477.1332018448138 14.789633417348016 165.1607634490137 470.0932 -43.3869 198.6001
799 477.1332018448138 14.789633417348016 165.1607634490137 470.1173 -43.3898 198.6341
800 477.1332018448138 14.789633417348016 165.1607634490137 470.1424 -43.39187 198.6644
