0 0.0 0.0 0.0 -5.551115e-17 -3.330669e-16 2.220446e-16
1 0.03721203124350904 0.01665923958758579 0.9610640051285998 -0.01101102 -0.01712164 0.961713
2 0.04247578298528553 0.013200594147928799 1.9243655613665 -0.01699529 -0.03304158 1.924885
3 0.023606430224048656 0.011162286391836555 2.887929305010562 -0.03106702 -0.06341853 2.888054
4 -0.004935846530948307 -0.003106872586706968 3.8482733668735998 -0.04462738 -0.09503621 3.848312
5 0.018836122225681394 -0.0013015213357549108 4.806641199549282 -0.05337242 -0.1222173 4.806551
6 0.04675500062373451 0.0009772404358987402 5.7389700350637955 -0.06458549 -0.1448705 5.738958
7 0.07053008898517384 0.004872953967499909 6.676200471070347 -0.07542792 -0.1535673 6.676395
8 0.11728995498486705 0.011948458856769668 7.604973825917394 -0.08936429 -0.1678814 7.606157
9 0.09474367461320957 -0.008908525281499925 8.533940417618487 -0.1013034 -0.1791661 8.535486
10 0.05887450156645093 -0.0016313503961533932 9.463720345055732 -0.1141317 -0.1865848 9.465868
11 0.058995092048000276 -0.004168538815767996 10.386880270155084 -0.1275574 -0.1916301 10.38892
12 0.08268339343202546 -0.0069734993914117235 11.33732807171216 -0.1421945 -0.1997185 11.33952
13 0.04861718254838413 0.002561139105097719 12.220783073412626 -0.1548813 -0.2155601 12.22345
14 -0.03158125247816323 0.0037478597069894324 13.12737456355303 -0.1693123 -0.2354858 13.13325
15 -0.0094833688675671 0.015585703573954977 14.035610143398628 -0.1849063 -0.2602522 14.04136
16 -0.05033129828987277 0.019637411543952675 14.939090566973134 -0.1992846 -0.2760574 14.94552
17 0.037744889325520246 0.006516392177333538 15.835647845262619 -0.2169483 -0.2851106 15.84627
18 0.03691386004367191 -0.019908536785225493 16.732333886966124 -0.236713 -0.293361 16.74309
19 -0.029943390699495746 -0.007053932169886919 17.62167960114283 -0.2548521 -0.2982439 17.63484
20 -0.1448297283898467 -0.007006147949017145 18.506459388563954 -0.2730779 -0.3044055 18.52684
21 -0.17207886599861436 -0.009699539986622725 19.39367769594955 -0.2937433 -0.3138402 19.41419
22 -0.20231308431733516 -0.01662612687909056 20.274023531069297 -0.3146034 -0.3236882 20.29478
23 -0.253509902574472 -0.032507150735546095 21.146706053431483 -0.3335669 -0.3220398 21.1689
24 -0.2983657166754806 -0.03656532856732586 22.014760488909367 -0.3517749 -0.3205089 22.03793
25 -0.3074666061266943 -0.034614884142748756 22.87792659177759 -0.372549 -0.3172185 22.90089
26 -0.37841131425102836 -0.031444002554744784 23.73207335663775 -0.3933684 -0.3159266 23.75773
27 -0.4310944651357294 -0.046382163330060636 24.588230614648083 -0.4121035 -0.3140241 24.61543
28 -0.4786197821022756 -0.04098225669626517 25.413791118085417 -0.4280328 -0.3057383 25.44218
29 -0.5127395228058993 -0.03409149954244887 26.23734223300739 -0.4474023 -0.2988492 26.26621
30 -0.5703433376504338 -0.04277487939888574 27.04972536756255 -0.4690774 -0.293049 27.08037
31 -0.592286050303113 -0.042022014615639564 27.846341926166897 -0.491623 -0.2934051 27.87697
32 -0.6563722066962451 -0.04451097341416895 28.63669557524405 -0.5147234 -0.2982767 28.66957
33 -0.6607455631327778 -0.023317290471272265 29.421888825773177 -0.5377287 -0.3030386 29.45471
34 -0.728954404766329 -0.038213999787761445 30.191019008020014 -0.5610502 -0.3024561 30.22665
35 -0.7657877903381017 -0.03765506814974294 30.957181294159998 -0.5837097 -0.2893166 30.99325
36 -0.780865079643758 -0.019535409189333164 31.717338965291265 -0.6098827 -0.284946 31.75331
37 -0.7943614883830818 -0.014940084720570236 32.461849810307086 -0.6373473 -0.2859582 32.49745
38 -0.8204587297987355 -0.018441012078555828 33.199549941709755 -0.669497 -0.2913155 33.2349
39 -0.8907281741151865 -0.030283637607309906 33.9244349117559 -0.7070281 -0.2980989 33.96228
40 -0.9569587485909767 -0.024910080144262475 34.663820838713946 -0.7475972 -0.3011809 34.70353
41 -0.9745319912114889 0.0012154536290911247 35.353818103981354 -0.7861231 -0.3012987 35.39317
42 -1.0443437803432472 0.0015669449135384274 36.04385413176421 -0.8225011 -0.2935002 36.08573
43 -1.1000600713348874 -0.0016378425174498473 36.73021135235072 -0.8579745 -0.2845601 36.77338
44 -1.1387296171214785 -0.002021398802348998 37.40612122712827 -0.8979841 -0.2829222 37.44921
45 -1.149766587865347 0.008443421890521807 38.06909313934651 -0.9356939 -0.2753503 38.11124
46 -1.193262405850492 0.006891945225766064 38.720758211039005 -0.966244 -0.2643952 38.76355
47 -1.1787718998249161 0.033317784972742966 39.3577555261045 -0.9940685 -0.2590333 39.40063
48 -1.2129020406722952 0.04462363783458764 39.994260996164904 -1.022967 -0.2546909 40.03748
49 -1.2417281801123514 0.059348452628336254 40.64357492128954 -1.054571 -0.2561416 40.68683
50 -1.3270296875089995 0.0533010031008561 41.24344713360093 -1.082779 -0.2559993 41.29211
51 -1.3709383126362606 0.05123049120666056 41.84111920260958 -1.107347 -0.2542439 41.89089
52 -1.444976818355535 0.0426433513853989 42.42151073050949 -1.127463 -0.2504927 42.47569
53 -1.483749932542574 0.04647723427553336 42.988962234168135 -1.143225 -0.2472759 43.04425
54 -1.4994978455186088 0.04457707188711932 43.53703523126265 -1.156523 -0.2461265 43.59239
55 -1.5221339682981496 0.03702762156561339 44.063623701917855 -1.163695 -0.2463307 44.11947
56 -1.613491737345568 0.025109235796474397 44.56277484909824 -1.165311 -0.2460311 44.62705
57 -1.5763950552937878 0.045667829229185955 45.04436656823641 -1.165281 -0.2401569 45.11047
58 -1.5999274221869566 0.045527745134020386 45.507810596565335 -1.162119 -0.2348502 45.57447
59 -1.5464110105018198 0.04720433449718304 45.944098675986794 -1.153911 -0.2368661 46.01395
60 -1.56464444835266 0.0529816451162661 46.36557577746581 -1.139704 -0.2380301 46.43562
61 -1.5603220126249175 0.06010102565297356 46.763075064039256 -1.11911 -0.2395256 46.83267
62 -1.5631053190975643 0.051636966202242944 47.13544839073909 -1.098158 -0.2391747 47.20456
63 -1.5183703172455802 0.05503944087516814 47.49600214773553 -1.077742 -0.2387525 47.56732
64 -1.4662195935743487 0.050238141822400544 47.8031894297141 -1.059487 -0.2404154 47.8784
65 -1.4770229730644482 0.05872338153872015 48.10205337685987 -1.036133 -0.2443984 48.17664
66 -1.4632391367785036 0.0732835091725727 48.37732872805094 -1.006263 -0.2532706 48.45088
67 -1.4372125679068 0.07117528962357327 48.64390032172805 -0.9730963 -0.2607772 48.71656
68 -1.3279636039606644 0.093075827325815 48.88061559140834 -0.9369557 -0.2675893 48.97559
69 -1.2883035058643426 0.11158010551566855 49.13674554504156 -0.8977462 -0.2734425 49.23239
70 -1.1759208665890626 0.07634007988469628 49.36637010221128 -0.8567415 -0.280568 49.48708
71 -1.15007121172216 0.07096558292971696 49.632145581486064 -0.8084309 -0.2860922 49.7497
72 -1.1068485225543425 0.0641034276764523 49.87004423921171 -0.7577117 -0.2915714 49.98615
73 -1.042444790319744 0.07034939773074743 50.11346337571709 -0.6971579 -0.2967619 50.23058
74 -0.8396560406497064 0.057751690620702574 50.26899723063582 -0.6296551 -0.3022908 50.47733
75 -0.7959176443597287 0.0659968513764072 50.50437896154199 -0.5626253 -0.3067843 50.70727
76 -0.7264377146474987 0.059933166761993256 50.743649908782416 -0.4889211 -0.3117062 50.9453
77 -0.6021551714950997 0.028260642069636147 50.95813838572985 -0.4074937 -0.3179085 51.18149
78 -0.5096238852819087 0.024422505570445896 51.19607298256175 -0.3172192 -0.3255041 51.4202
79 -0.42029580898440455 0.029946081031546064 51.43782368134017 -0.2212449 -0.3340796 51.6593
80 -0.36472242974101854 0.048998911508929266 51.69529799496367 -0.114714 -0.3439537 51.90075
81 -0.25928052371163224 0.06012370256313307 51.9288886400233 0.0002735872 -0.3544958 52.12982
82 -0.12546116431573995 0.03802874710306807 52.152297568497886 0.1309526 -0.3642721 52.35595
83 0.021867024972453325 0.03974062497815043 52.375507889924656 0.2760316 -0.3733939 52.58045
84 0.2293289756315877 0.040446737161754745 52.544229080582774 0.4279778 -0.3824345 52.80031
85 0.396326021978751 0.06959812347166908 52.75798073159795 0.5907911 -0.3919068 53.01901
86 0.6150945667123744 0.059738301305326195 52.945015271976104 0.7701079 -0.4025973 53.24411
87 0.7622996233253954 0.07314934901435644 53.20707104958376 0.965237 -0.4147601 53.4728
88 0.9737976971283107 0.07840618524929763 53.425299922172485 1.172293 -0.4302534 53.69477
89 1.215762560987645 0.08262722872865787 53.644794812954665 1.401712 -0.4467404 53.9268
90 1.4798861727585684 0.08224378192008411 53.863291147063315 1.658262 -0.4647131 54.15343
91 1.7401041900484162 0.10512032422153528 54.11071471298279 1.94608 -0.4776399 54.36895
92 2.042231217504665 0.10408267341965907 54.356125821237704 2.269729 -0.4777691 54.58519
93 2.3426764084968603 0.11033236489001179 54.61925583820717 2.612681 -0.4832195 54.78988
94 2.6854092676661843 0.10295029448969402 54.84396021795067 2.973763 -0.4792758 54.98383
95 3.098089661788751 0.08487191322647122 54.95587127396082 3.359263 -0.4860892 55.16957
96 3.47307966506327 0.09647428914260259 55.18463287604842 3.766145 -0.4913921 55.33541
97 3.870889666556441 0.10130621063179517 55.410991121224015 4.198361 -0.5166196 55.48396
98 4.3024628152770426 0.09062564720012659 55.57994303330783 4.641416 -0.5396177 55.61845
99 4.763830121247903 0.10868114990027784 55.688418319214456 5.103719 -0.5645924 55.72143
100 5.228282916429068 0.09926737023262464 55.842852673834734 5.585536 -0.5957735 55.80227
101 5.731329845021035 0.07700763725648527 55.90030341123843 6.088519 -0.6266796 55.85617
102 6.251005247346054 0.07248593517288668 55.985267416304325 6.612372 -0.6532414 55.9028
103 6.757099271402447 0.08488308372320413 56.08518189352098 7.126377 -0.6821309 55.9379
104 7.289558384084606 0.09509024525704539 56.12663241808653 7.658631 -0.724289 55.95413
105 7.842937125430353 0.09627425845147355 56.134491779052446 8.20958 -0.7737852 55.97135
106 8.409689507304474 0.1041313696841985 56.135776583490696 8.774944 -0.8137508 55.97751
107 8.98767933524729 0.12345321338345396 56.1454234210521 9.351661 -0.857379 55.98323
108 9.56938258445823 0.16595340371283987 56.152819281188684 9.933246 -0.9020616 55.98182
109 10.17446005807566 0.18651763644212582 56.18186870498268 10.53767 -0.947374 55.97984
110 10.77537352697484 0.20768530851396227 56.20864225126815 11.13754 -0.9965387 55.979
111 11.393905530085 0.25404914904582704 56.19315146775791 11.75501 -1.055254 55.96304
112 12.02201998841155 0.2822047781779784 56.254047804998464 12.38276 -1.117194 55.92954
113 12.660717384825814 0.32362137213994413 56.24694395060595 13.02027 -1.167977 55.90304
114 13.315512952487055 0.33503539239287833 56.23608330505152 13.67308 -1.217524 55.8833
115 13.97596615220191 0.382416945053919 56.26959605113175 14.33357 -1.269538 55.85852
116 14.653877546010367 0.40205323696463513 56.19459034091131 15.01321 -1.317429 55.82149
117 15.341109476184169 0.4124325780014987 56.220849969111846 15.69798 -1.366117 55.77901
118 16.03322822868835 0.4156918578917269 56.21666265939649 16.38718 -1.417061 55.74074
119 16.73014930597632 0.4482071524832917 56.202390564301496 17.08252 -1.462354 55.70318
120 17.429085449778498 0.5314415350555488 56.21714718091091 17.78472 -1.502437 55.6721
121 18.14799745498747 0.5678366161860042 56.27105272716477 18.50468 -1.545746 55.643
122 18.884165800085672 0.6119278721001911 56.22424006999511 19.24155 -1.593908 55.61503
123 19.62206239833002 0.6486707109862708 56.24373236708945 19.97824 -1.647724 55.59027
124 20.35395824347508 0.6898551577316492 56.31498690383398 20.71281 -1.696725 55.56904
125 21.080455938974413 0.6953085895617382 56.271939351796334 21.4385 -1.741686 55.53688
126 21.807025502759366 0.7356688708215926 56.33704919509187 22.16714 -1.787932 55.51011
127 22.543700900752224 0.7706499414018945 56.36321886129382 22.90332 -1.839076 55.50537
128 23.26391326481954 0.812131452187966 56.481582158005565 23.63216 -1.895775 55.50164
129 24.001345027770707 0.8736640102773937 56.55646201151575 24.37331 -1.955801 55.48454
130 24.74039570103595 0.9068364141532821 56.524109914716824 25.11164 -2.008471 55.46362
131 25.46499025302852 0.9337477252238485 56.53662658996018 25.83505 -2.059391 55.46181
132 26.187817271250566 0.9953037411502673 56.655376817191524 26.56806 -2.113697 55.47262
133 26.922478720748288 1.0554804056324851 56.70838970489538 27.30492 -2.167614 55.48963
134 27.65926815311517 1.1267452559117643 56.75346587033965 28.04413 -2.226546 55.49768
135 28.39276141573968 1.1680434564691209 56.80196282843172 28.77765 -2.288673 55.51027
136 29.128294683573564 1.200594050496588 56.831386127670044 29.51232 -2.343893 55.52232
137 29.859896645552627 1.2751975968466809 56.859049261338924 30.2463 -2.395401 55.5362
138 30.597654854644635 1.3229934069001463 56.91017394910993 30.98559 -2.445222 55.54859
139 31.336827007457813 1.3883454440777394 56.937947318409876 31.7263 -2.496112 55.56188
140 32.07387132705119 1.4428061646604282 56.97832928628868 32.46495 -2.537443 55.58466
141 32.815515864167516 1.5023596954776919 56.96638070236855 33.2074 -2.578228 55.61348
142 33.55464694145349 1.5509931779479937 57.04860874564993 33.95101 -2.620601 55.63975
143 34.298950795445634 1.5960407758141646 57.12558470413008 34.69841 -2.667716 55.67316
144 35.04023979077803 1.650320706387488 57.19267951439914 35.44252 -2.711893 55.7093
145 35.78587150166775 1.7046409203007922 57.31756344674069 36.19785 -2.761384 55.74855
146 36.539124365404994 1.7559781350897041 57.35202354294423 36.95093 -2.812393 55.78704
147 37.28961681105277 1.7988778387255862 57.44010276906813 37.70474 -2.867554 55.8266
148 38.04976070631191 1.8352509126580605 57.509584079051194 38.46575 -2.922992 55.86855
149 38.81156064011347 1.866233731548696 57.60006399856114 39.23007 -2.973413 55.92107
150 39.583440947558216 1.9138325299599468 57.66140202488097 40.0022 -3.024315 55.97631
151 40.36202164443771 1.9456915107188972 57.68783449318502 40.7783 -3.080932 56.02494
152 41.13774461374957 1.9902401087487724 57.76616297500718 41.5555 -3.135919 56.07788
153 41.91149791913662 2.045490864466294 57.90666423450418 42.33951 -3.188774 56.1413
154 42.69929666474579 2.10038062042768 57.99971603035538 43.13031 -3.244326 56.20333
155 43.50891618243973 2.1324179707173854 58.05424581561492 43.93795 -3.297181 56.26972
156 44.28372209976904 2.1787674502453935 58.14321363779219 44.71372 -3.352539 56.34391
157 45.067912890198095 2.2185787912795583 58.275082167063985 45.5044 -3.40258 56.42297
158 45.87060882188145 2.2750711019225482 58.36586804437 46.30756 -3.461241 56.5081
159 46.68359485980342 2.3245807415493047 58.483597744632725 47.12224 -3.525277 56.60533
160 47.47976408371742 2.348030740247088 58.5696156604076 47.91411 -3.592468 56.70663
161 48.29806674122127 2.376432068508069 58.64776690576649 48.72687 -3.662244 56.81192
162 49.10814297127447 2.4002548954724174 58.79543775232134 49.54068 -3.727642 56.92162
163 49.92089849819848 2.423903947191767 58.948591013505165 50.35682 -3.792894 57.04097
164 50.73441858164534 2.4762239694194244 59.06104053819385 51.16788 -3.850124 57.16787
165 51.55341660523696 2.4846643230997887 59.21648439126876 51.98907 -3.91255 57.29726
166 52.31809012288069 2.5221025547159046 59.4379064178443 52.77379 -3.968025 57.4249
167 53.09753399785265 2.5505249106971553 59.62114210560781 53.56153 -4.023164 57.56033
168 53.87439507903701 2.5895408631267975 59.790134832605396 54.34318 -4.082523 57.69851
169 54.625695328764614 2.629182402035773 59.98114183518951 55.10439 -4.143701 57.83752
170 55.39637548814059 2.65494229817865 60.10843205853337 55.87053 -4.204409 57.9795
171 56.154467809790425 2.699526309568454 60.32520025524347 56.64546 -4.26212 58.12033
172 56.886462245689614 2.736796565092136 60.52314801199215 57.38911 -4.318314 58.26251
173 57.634038162527766 2.7900153393127463 60.673356338585734 58.13668 -4.369152 58.41357
174 58.37336856930313 2.8248511433781265 60.831714406812424 58.87601 -4.420802 58.56727
175 59.09871242480685 2.8576550766679727 60.975737035606365 59.59961 -4.467621 58.71611
176 59.80649648772003 2.9027549129796135 61.14899768045039 60.31245 -4.516372 58.86609
177 60.49963337149945 2.930968461333178 61.33911027967217 61.01319 -4.564529 59.02108
178 61.19678629151686 2.9574290160674117 61.46721637093389 61.70436 -4.614787 59.17238
179 61.8474052297566 2.9612763609445705 61.71166580812322 62.38199 -4.657586 59.32091
180 62.52570185130646 2.979310371764608 61.84555568263503 63.05593 -4.706379 59.46843
181 63.17430581348863 3.0020256929240996 62.063829031503396 63.72231 -4.758759 59.61689
182 63.83310183578711 3.0255076344090566 62.21798730157608 64.3816 -4.814707 59.76019
183 64.4864122217533 3.0337507139538706 62.3600266000548 65.03281 -4.867829 59.90218
184 65.12214631380608 3.0595403926132976 62.51233014897101 65.67175 -4.913385 60.03522
185 65.74690804344644 3.08692448228909 62.67078877301658 66.30099 -4.9654 60.16765
186 66.35787780200538 3.1049446964482073 62.84975675554164 66.92208 -5.018319 60.29836
187 66.98285980189823 3.125413204831334 62.988505962885384 67.54573 -5.076711 60.43224
188 67.55981091189676 3.1335439570940053 63.11033931966051 68.12018 -5.130339 60.55436
189 68.17241628470953 3.1320357314357836 63.20046657756446 68.72472 -5.182058 60.67792
190 68.74707259796793 3.163184056448853 63.34687660485135 69.30307 -5.231855 60.80309
191 69.31812747140243 3.169882626298929 63.50951621432473 69.88288 -5.285896 60.91928
192 69.87162333409482 3.1831752672066647 63.686150146580395 70.44995 -5.342758 61.033
193 70.42624130498614 3.2016635381875105 63.78310835415734 71.00066 -5.393054 61.14039
194 70.97207743454635 3.212926890824837 63.890978901250115 71.54538 -5.440828 61.24382
195 71.4948764595006 3.2395353818611943 64.06818309358384 72.08654 -5.485365 61.34673
196 72.03491251202539 3.2721943497872243 64.15743409575447 72.62287 -5.532216 61.45078
197 72.56526580501126 3.28846197178896 64.29281274789147 73.15814 -5.583135 61.55451
198 73.11086854613552 3.304795028694467 64.3908862986318 73.70114 -5.63017 61.65701
199 73.64754913999208 3.341202057272131 64.51171370749223 74.24267 -5.676448 61.7495
200 74.19292437107184 3.359020208617693 64.6100441479027 74.78759 -5.7208 61.84178
201 74.74581446112104 3.394005139070335 64.68656961749035 75.33524 -5.768173 61.94475
202 75.29621454765103 3.4202475681145397 64.81221449636188 75.88674 -5.817062 62.05821
203 75.83920870494845 3.4592129459050973 64.94814126477236 76.43447 -5.862448 62.17121
204 76.39295926978889 3.4973500640017297 65.09073339142444 76.9926 -5.912287 62.29135
205 76.95161677594986 3.565959888879028 65.2771259263107 77.56843 -5.961148 62.42394
206 77.51480028224303 3.6016092464074703 65.39699931054228 78.12868 -6.008758 62.55305
207 78.07035885214589 3.6358774052870446 65.57043692342796 78.69259 -6.059871 62.69195
208 78.66159246164331 3.671825696963568 65.7319828635261 79.28502 -6.107865 62.8458
209 79.21521286586795 3.7092827263233947 65.9306507883999 79.85086 -6.150779 63.00502
210 79.81487312504662 3.737663820181187 66.11770450493398 80.4534 -6.192815 63.17985
211 80.41150978216436 3.754171507806427 66.29434210644801 81.04837 -6.239009 63.35684
212 81.01435865547693 3.7865765980011963 66.49250370035618 81.65468 -6.285674 63.54111
213 81.60071093641301 3.8354015350469775 66.75434061560021 82.26579 -6.324963 63.74049
214 82.21423381191131 3.88831844177588 67.00341278269751 82.89509 -6.371173 63.94808
215 82.84087351672056 3.9141816677786188 67.25947494394417 83.53476 -6.414738 64.1668
216 83.49620296945625 3.9446981105108803 67.50534889348155 84.19403 -6.458457 64.39981
217 84.16327266628639 3.9611674298950996 67.7464991055693 84.86139 -6.498607 64.63735
218 84.8392890262065 3.995299620287499 68.00284996143559 85.53876 -6.545009 64.88814
219 85.50953173129474 4.046723073994399 68.30369335642683 86.22445 -6.585584 65.15377
220 86.19631332499478 4.1069862003083415 68.61146421848284 86.92746 -6.605047 65.4284
221 86.87286891455582 4.186596310752531 68.93975859820591 87.63165 -6.624344 65.70333
222 87.57706093860742 4.236956571152205 69.27680901030864 88.35787 -6.646336 65.99341
223 88.27350850829029 4.297151375008913 69.61908092785441 89.07692 -6.684073 66.28897
224 88.98418809853321 4.375800730038885 69.93342785277895 89.79244 -6.725361 66.59944
225 89.69243909524002 4.422681192555582 70.24393532352165 90.50245 -6.763694 66.90709
226 90.39327210411986 4.5089536716023755 70.58952699603788 91.2181 -6.813377 67.22868
227 91.07583204692851 4.606432048688964 70.95347602721476 91.92183 -6.870738 67.55932
228 91.72986681425212 4.672896893634789 71.35419814149631 92.60904 -6.914272 67.90371
229 92.44785926435583 4.688372461896242 71.61554781689321 93.28887 -6.975179 68.24748
230 93.14051391815522 4.749809142476635 71.90417145010831 93.9613 -7.03488 68.58083
231 93.78441371890884 4.797629472817047 72.29814953873328 94.63312 -7.110019 68.92013
232 94.42052567799432 4.822359715088695 72.64500521643022 95.27546 -7.183014 69.2482
233 95.04025644692601 4.898307202949008 73.03599886887494 95.92749 -7.259679 69.5824
234 95.67074566136516 4.925161655388595 73.41827982678555 96.58342 -7.329268 69.91299
235 96.27278269883767 4.963234208247459 73.78367023446769 97.20647 -7.398532 70.23613
236 96.92582746319589 4.991566495634967 74.09603801329851 97.84561 -7.469536 70.56975
237 97.51644250562742 5.03657271402771 74.41118821762747 98.43505 -7.533159 70.88389
238 98.11250253086322 5.06745433735634 74.7329152017312 99.03309 -7.592121 71.19793
239 98.70944464105297 5.079532170186246 75.04496911681215 99.6279 -7.650212 71.50888
240 99.27041546117752 5.135379388658799 75.39367316007328 100.2122 -7.709739 71.81621
241 99.83079816539073 5.144167160317593 75.73289054791914 100.7869 -7.766662 72.12549
242 100.38702100097615 5.179400142376822 76.06065018032149 101.353 -7.82354 72.43265
243 100.93482266890237 5.240897918733705 76.37189878677687 101.9055 -7.88334 72.73582
244 101.49910691544378 5.279380449337883 76.62158488230381 102.4447 -7.943074 73.03236
245 102.03629100936004 5.31093198712606 76.92393293308399 102.983 -8.002376 73.32849
246 102.5634769275962 5.389605138196225 77.21261013621958 103.5115 -8.05369 73.6209
247 103.08029979081722 5.435897737910801 77.5147163599302 104.0361 -8.096619 73.90981
248 103.59971431832501 5.491322947845485 77.7893087570328 104.5505 -8.139292 74.19588
249 104.0908994929824 5.52595180707121 78.10728609816658 105.0601 -8.181955 74.48234
250 104.58665201806761 5.577055068744373 78.4037493993406 105.564 -8.22375 74.76626
251 105.08525722652966 5.601842116873394 78.69597613446345 106.0641 -8.265059 75.05403
252 105.56157811033846 5.668437153494514 79.02005573751497 106.565 -8.308372 75.34311
253 106.04774825852036 5.7096459454179636 79.32698448394483 107.0595 -8.363102 75.63421
254 106.51494837397546 5.7362066333877975 79.64359827026709 107.5403 -8.418748 75.92569
255 107.0302994936386 5.728518779571271 79.90482910372599 108.0289 -8.475876 76.22883
256 107.51672302470047 5.7533080406205706 80.20025908361112 108.5079 -8.530283 76.53231
257 108.03781203828643 5.752736064776802 80.45095570661316 108.9938 -8.586122 76.8408
258 108.52656183071669 5.775346128490563 80.77826936490936 109.4846 -8.642339 77.16092
259 108.98935369310247 5.805760237710211 81.16332108112275 109.9856 -8.706456 77.48994
260 109.47381916473674 5.837940221288964 81.5379133350096 110.4964 -8.763095 77.82451
261 109.96116658636662 5.869849335689734 81.92643515674537 111.0125 -8.817849 78.17109
262 110.51180563044086 5.910110438619571 82.23288546621797 111.5367 -8.867411 78.51965
263 111.0025770843346 5.944051485967702 82.62877790756654 112.0557 -8.915374 78.87613
264 111.51587174573572 5.992104730905608 83.01843169509726 112.5829 -8.963221 79.24678
265 112.0352074483156 6.010089905016433 83.4205307621368 113.1161 -9.011645 79.62766
266 112.56464942858828 6.045335321790117 83.84340909245225 113.6686 -9.057118 80.01888
267 113.08043557330922 6.072264954399645 84.30690089432304 114.2286 -9.105368 80.42589
268 113.59647928116247 6.103729482423719 84.78974908084783 114.7933 -9.158005 80.84871
269 114.1600578478624 6.123075303481462 85.24214106111276 115.3671 -9.217043 81.28451
270 114.69688169221764 6.16862924594812 85.73987397467022 115.9476 -9.273702 81.72926
271 115.28132218060543 6.197738760189631 86.19825365146085 116.5301 -9.317811 82.18891
272 115.7872371229482 6.253165606948907 86.74984753204839 117.1091 -9.366338 82.66397
273 116.37552148898058 6.279755473432272 87.24148495849015 117.7001 -9.410224 83.15109
274 116.90446225032686 6.300910401394568 87.81724110663389 118.2986 -9.457628 83.65236
275 117.47798775852299 6.308640996720139 88.36964640349959 118.9071 -9.501459 84.16417
276 118.0588184991044 6.332080252092716 88.93111640700752 119.523 -9.549903 84.68521
277 118.6542539838741 6.329053876662271 89.52070921612653 120.1636 -9.590647 85.22386
278 119.27149456968372 6.361933414278902 90.04190630852487 120.7812 -9.63523 85.74376
279 119.88150832854936 6.399353359011484 90.63807320594525 121.4334 -9.682937 86.29266
280 120.49769019638123 6.459368478942464 91.23450772777886 122.0849 -9.728697 86.85165
281 121.11608999610188 6.510064685774112 91.81709748530497 122.73 -9.773963 87.405
282 121.76486893903954 6.56448787808802 92.38837773029864 123.3777 -9.820354 87.97821
283 122.40805622228524 6.615398304562989 92.96407778192983 124.0203 -9.868055 88.55484
284 122.97523610141654 6.693072098463513 93.65137602996316 124.6768 -9.916275 89.16047
285 123.52616482847716 6.732009718535616 94.32326927953964 125.3111 -9.964397 89.75362
286 124.11554090908962 6.76873191502566 94.99191651603722 125.9636 -10.01373 90.35993
287 124.69202384327119 6.820089056823564 95.6825687037437 126.619 -10.0578 90.97676
288 125.29263146229789 6.867227749725998 96.35677269846526 127.2756 -10.10087 91.59686
289 125.87561208708814 6.917764756341218 97.04221063626966 127.9271 -10.14276 92.21818
290 126.44901038916292 6.991004992630618 97.73750744236474 128.5815 -10.1842 92.84078
291 127.02994735778935 7.041824964654156 98.41874140491113 129.2245 -10.23342 93.4639
292 127.57198284007855 7.095114552118549 99.15840888175961 129.8788 -10.28691 94.10638
293 128.1743361418021 7.174737430546896 99.817667742628 130.5065 -10.3407 94.74426
294 128.74778878509252 7.25015515853946 100.53607793047868 131.1491 -10.39963 95.40323
295 129.3171772716787 7.328358607938652 101.26464316080823 131.7916 -10.456 96.07042
296 129.86600305454866 7.417469477259802 102.00510258733073 132.4272 -10.50523 96.742
297 130.43034270219673 7.447075034406222 102.7404454890973 133.059 -10.55248 97.41926
298 131.02157258416722 7.526824700523231 103.45296089940038 133.6847 -10.60432 98.10439
299 131.5944698756512 7.6054400684709105 104.19453333829813 134.3191 -10.66004 98.79631
300 132.21396941725934 7.6486913391928715 104.90136264508179 134.9539 -10.71551 99.48856
301 132.79260022054788 7.73637269661841 105.66319247847349 135.6011 -10.77139 100.1963
302 133.3495027442671 7.8268982619657095 106.39491021721823 136.2215 -10.81998 100.8793
303 133.89689340854002 7.900088763392223 107.160068044838 136.8528 -10.86978 101.5789
304 134.44437662457514 7.993979073817994 107.92463137077506 137.4843 -10.91832 102.2803
305 135.02414671487094 8.070547557184959 108.67458471375934 138.1207 -10.96869 102.9852
306 135.60054272095473 8.136836509289788 109.44750803039528 138.7684 -11.01807 103.7008
307 136.16885735758922 8.220673455078161 110.1714494497849 139.3904 -11.06529 104.3827
308 136.72024389187047 8.282124032335012 110.9256441028872 140.0213 -11.11507 105.0727
309 137.3052138948721 8.375292753837718 111.67320838495384 140.6686 -11.1641 105.7715
310 137.84075149007325 8.455347177447637 112.44145805855392 141.3096 -11.21534 106.457
311 138.35547507532664 8.520479506309966 113.21412765639046 141.9472 -11.26171 107.1334
312 138.93628680184665 8.5924450962371 113.94148663124624 142.5933 -11.3094 107.8056
313 139.5275398538297 8.656835902167444 114.64012372955433 143.2295 -11.35965 108.4648
314 140.11851773102592 8.711451836670342 115.33408689202263 143.8589 -11.4107 109.1244
315 140.6757701192314 8.787237276861754 116.06319624794551 144.4994 -11.4626 109.7839
316 141.2183397255231 8.863127848785918 116.82094350760501 145.1538 -11.52141 110.4492
317 141.73938804726504 8.910805093432883 117.56396761465186 145.7899 -11.57854 111.0957
318 142.36380976686067 8.964323074010743 118.25479522176677 146.4484 -11.63357 111.754
319 142.93286886654263 9.02016412092683 118.93838622774072 147.0826 -11.68264 112.3782
320 143.4937175969482 9.076327216929206 119.64853159535912 147.7333 -11.73221 113.0076
321 144.03464843946048 9.132942630758825 120.38719766405038 148.3963 -11.78416 113.6394
322 144.61180773614308 9.186542295747255 121.07276498223727 149.0522 -11.835 114.2503
323 145.18594895619583 9.224534305924085 121.74460307806027 149.7073 -11.88352 114.8427
324 145.77693636441055 9.288420815518476 122.41619466773622 150.3763 -11.92783 115.4384
325 146.37201418435447 9.340805978968515 123.09046650858461 151.0476 -11.97578 116.0372
326 146.9584875233995 9.395412044224766 123.77870063758917 151.7272 -12.02409 116.6342
327 147.55895695845408 9.485982583487768 124.44029378105637 152.4041 -12.07204 117.2224
328 148.1916625346844 9.524305043734842 125.08692507766027 153.086 -12.12501 117.8158
329 148.80903957418954 9.57126996435129 125.7450683141395 153.7739 -12.17933 118.3992
330 149.43193002302473 9.621538945132533 126.42166217955737 154.4786 -12.23831 118.9893
331 150.06965016209455 9.651031200166129 127.08015156991823 155.189 -12.299 119.5662
332 150.74245128503674 9.711330178168843 127.72433009573197 155.9127 -12.36503 120.152
333 151.42524877306158 9.796832654184257 128.3527058605751 156.6454 -12.42646 120.7245
334 152.11054423761004 9.851861639720967 128.98856743192545 157.3838 -12.47643 121.2983
335 152.8072095357174 9.907390213600392 129.62195633488784 158.1338 -12.52578 121.8681
336 153.50086925548908 9.943377257490974 130.2815723576149 158.9058 -12.58374 122.4322
337 154.16983491225713 9.976922371158349 130.90870736980438 159.646 -12.63933 122.9716
338 154.84978521114698 10.041574159968048 131.5383002748973 160.4008 -12.70216 123.5094
339 155.58357834497957 10.089423078129123 132.17262446596285 161.1947 -12.77762 124.0636
340 156.29253276472863 10.146613201128025 132.77322278984462 161.9638 -12.85193 124.5828
341 157.0019972389725 10.189517365785953 133.3590737037646 162.7291 -12.9194 125.0909
342 157.71153202735485 10.246338096619391 133.9518147334081 163.4987 -12.98726 125.6019
343 158.47822247786385 10.288016670634777 134.4730736227005 164.2698 -13.05527 126.1138
344 159.2136039946819 10.30666307422719 135.0205001168122 165.0417 -13.12226 126.6042
345 159.91825678320367 10.346611793802655 135.58594347766524 165.8008 -13.18289 127.092
346 160.61014306154303 10.39177307015628 136.154840084672 166.5531 -13.23954 127.577
347 161.29772651633664 10.436927304698967 136.70261619349475 167.2915 -13.29978 128.0524
348 162.01247653868396 10.511326742126252 137.2352773609971 168.0469 -13.36429 128.5271
349 162.7080338214001 10.56762557395765 137.72031316214475 168.764 -13.42431 128.9792
350 163.3536572287863 10.61235171919979 138.26303548172157 169.4764 -13.48459 129.4289
351 164.02379712886292 10.642201404562607 138.78539129973166 170.1931 -13.54899 129.8817
352 164.7138771272883 10.705097732801656 139.26929732373557 170.9121 -13.61181 130.3215
353 165.38171548834163 10.76994828353587 139.76127326783754 171.6213 -13.67121 130.7525
354 166.07135232842586 10.793712611259469 140.20225292941677 172.3205 -13.72813 131.175
355 166.7530581561903 10.846821758966659 140.6334663263814 173.0101 -13.7841 131.5931
356 167.37117465186674 10.923392740539462 141.12775883386422 173.6861 -13.84508 132.0073
357 168.00486502020632 10.979294369903439 141.59106554761667 174.3545 -13.90627 132.4182
358 168.65174777776534 11.025970827889916 142.05244293798455 175.035 -13.96378 132.827
359 169.27324332933728 11.052641637387312 142.49721813760456 175.6897 -14.01825 133.2184
360 169.91333648523855 11.093935230241957 142.94725120412025 176.3532 -14.07865 133.6308
361 170.5267938079386 11.118935279759542 143.40923062276337 177.0072 -14.134 134.0303
362 171.1452601770941 11.140721553859867 143.83439136952208 177.652 -14.18089 134.4121
363 171.7696501037919 11.156002759630361 144.23085882819746 178.2937 -14.22293 134.7778
364 172.36810118141761 11.227437119463598 144.65113736479407 178.9314 -14.26465 135.1404
365 172.96701665544484 11.260727553341136 145.05983081174787 179.5573 -14.31261 135.5048
366 173.57196129646505 11.311901368172416 145.4395304879086 180.1748 -14.36322 135.8638
367 174.16377429138865 11.355847066219814 145.81422035201314 180.7795 -14.41258 136.2166
368 174.76731780162035 11.393502511359053 146.1706022010298 181.3913 -14.45852 136.5576
369 175.34125490662015 11.45106825669734 146.5435563328853 181.9903 -14.50312 136.8908
370 175.89888917436866 11.489349028327819 146.92175676236144 182.5812 -14.54745 137.2138
371 176.46548618234118 11.53874252919232 147.27194351643556 183.1665 -14.59096 137.5326
372 177.00627515462693 11.576590008872987 147.64795515273943 183.7467 -14.63103 137.8441
373 177.56496639342703 11.630959469938402 147.99166360738008 184.3283 -14.67151 138.1496
374 178.12470785975185 11.667343341755497 148.33242131359978 184.9104 -14.71237 138.45
375 178.67278901264135 11.702033250132603 148.71037967506848 185.5029 -14.7551 138.7526
376 179.26369208504912 11.716560891981645 149.02215316262206 186.0967 -14.79763 139.0562
377 179.83650934038508 11.767049236899373 149.38054900999873 186.7023 -14.84501 139.3564
378 180.42566639397526 11.801377058903356 149.72372638300195 187.3167 -14.89366 139.65
379 181.02350397926264 11.814992984470164 150.06624683945486 187.939 -14.94259 139.942
380 181.61077129858467 11.843804417898177 150.431662583314 188.564 -14.99292 140.2354
381 182.2169130484051 11.850700420843534 150.77976493876136 189.1978 -15.03908 140.5266
382 182.84541301381876 11.894064819694885 151.09796490621466 189.8399 -15.08795 140.8155
383 183.47482176606096 11.92076264556868 151.4406945872966 190.4965 -15.14579 141.0981
384 184.12612642441863 11.921901323587873 151.77019098153175 191.1667 -15.20551 141.381
385 184.75513447603717 11.954779907748168 152.1472666928984 191.8455 -15.26383 141.6544
386 185.42408785891908 11.994115203377358 152.4811311129084 192.5394 -15.32526 141.9287
387 186.10390380888578 12.024136078533248 152.82002635162644 193.245 -15.38822 142.2045
388 186.7862177013362 12.06860307206182 153.1777581388018 193.9627 -15.45199 142.4808
389 187.47482394622293 12.101555281614662 153.55393791469172 194.6963 -15.51367 142.7543
390 188.2059533050059 12.144826129737893 153.90653565834344 195.46 -15.57305 143.0263
391 188.95078205153726 12.183070780984197 154.20043708585192 196.2138 -15.62684 143.2937
392 189.7047742387595 12.218281504669667 154.5235455056514 196.9859 -15.68196 143.5675
393 190.46295625990973 12.250382116346335 154.86480241830603 197.7721 -15.74033 143.8336
394 191.23626358535907 12.264436355488545 155.17127488961222 198.5592 -15.79846 144.0967
395 192.00092904972402 12.300623430395794 155.46913113953357 199.3386 -15.85428 144.35
396 192.7939968666435 12.335817382139245 155.7714793520754 200.1451 -15.92437 144.6074
397 193.60031188537025 12.391655737719908 156.10321919159082 200.9751 -16.00532 144.8679
398 194.42784893993095 12.455458845695377 156.431688184407 201.8244 -16.08857 145.1297
399 195.27160504653466 12.503005874114463 156.77614403173354 202.6924 -16.17598 145.3976
400 196.08400066428135 12.562998148316542 157.1136146747561 203.5316 -16.26124 145.6544
401 196.89517540952528 12.63023577849685 157.43946830181304 204.3673 -16.33869 145.908
402 197.75997482764583 12.678166383459164 157.76422059684157 205.2495 -16.42655 146.1719
403 198.5880239677487 12.72635137340514 158.10262736379337 206.1048 -16.51609 146.4228
404 199.4522186314681 12.755589509787141 158.41136953564524 206.9819 -16.6098 146.6776
405 200.31353798602655 12.796104421219523 158.72555572218855 207.8609 -16.69858 146.926
406 201.1654609862238 12.833568980222449 159.07976532772406 208.7471 -16.78439 147.1708
407 202.03511843828716 12.878184119238197 159.4111911196312 209.644 -16.8739 147.4068
408 202.92759285375652 12.906026255206827 159.70470128520864 210.5492 -16.96319 147.6436
409 203.83518706107077 12.934675804911414 159.97525062590515 211.462 -17.05443 147.8807
410 204.69891046015147 13.008911184542407 160.37024419647506 212.3811 -17.14388 148.1148
411 205.5997081176844 13.04642117034023 160.67817770479883 213.3004 -17.23376 148.3482
412 206.4987405959205 13.12164289423831 161.00678066009667 214.2272 -17.32239 148.5829
413 207.4148880364064 13.179939894263326 161.29476978676504 215.1568 -17.41109 148.8145
414 208.31859659943274 13.220351288998431 161.61798549676135 216.0841 -17.50032 149.0489
415 209.2102303492664 13.261110560687497 161.96382307125103 217.0093 -17.58912 149.2778
416 210.14065294275082 13.292001630988535 162.18331105021426 217.9343 -17.67768 149.5044
417 211.03923760982616 13.35644631315651 162.50476680554826 218.8603 -17.76862 149.7262
418 211.95618502056797 13.399524675970316 162.79933803325247 219.7937 -17.85886 149.9499
419 212.85815428276163 13.443467884938874 163.10942907043892 220.7197 -17.94623 150.1656
420 213.76798787373824 13.48264955051148 163.39416808043507 221.6448 -18.03413 150.3821
421 214.67956712877935 13.50993169268497 163.68939216311986 222.5742 -18.12038 150.6004
422 215.60435832977424 13.541698578282784 163.95084356900983 223.5075 -18.20847 150.8144
423 216.49332731555134 13.587343283780456 164.22692118271019 224.4121 -18.29363 151.0218
424 217.38871414918148 13.627462301119511 164.52298072234623 225.3277 -18.38635 151.2317
425 218.32965777062293 13.653305944786972 164.77349072184856 226.2731 -18.4808 151.4464
426 219.20629406140714 13.687703160741101 165.0504500936248 227.1676 -18.56752 151.6432
427 220.13932482033317 13.74440361108596 165.276501183931 228.1038 -18.65508 151.845
428 221.0310617094667 13.780936105954858 165.5228491457189 229.0056 -18.73661 152.0382
429 221.9396001458889 13.798919614291863 165.75009221177694 229.9189 -18.81652 152.2303
430 222.85240259498502 13.829002083110714 165.97702568571552 230.8378 -18.89376 152.4181
431 223.75129286808297 13.862964531858355 166.25802745546966 231.7587 -18.96992 152.6032
432 224.66886528394932 13.909901881923101 166.5043170955484 232.6895 -19.04112 152.7858
433 225.5663478012946 13.955229709897585 166.7998933995219 233.6155 -19.11494 152.9646
434 226.4704645285208 13.984405623107492 167.0342884603447 234.5305 -19.18701 153.1401
435 227.37635950071322 14.025822626106978 167.2736567333448 235.4493 -19.26118 153.3132
436 228.28100358877904 14.073120346862712 167.54857262946376 236.3787 -19.33366 153.478
437 229.18289610562528 14.103251591733363 167.7682952697157 237.2897 -19.41011 153.6418
438 230.08560612109753 14.122298540746096 167.9836642677154 238.1998 -19.49555 153.8032
439 230.97974067422444 14.158277114461917 168.2086709468115 239.1054 -19.5793 153.959
440 231.888535416986 14.163445794200756 168.40606119449035 240.0191 -19.66444 154.11
441 232.7877961809875 14.166374690573118 168.64674639717933 240.9342 -19.75257 154.2564
442 233.6931385903179 14.18270928308631 168.86244859780612 241.85 -19.83999 154.3982
443 234.59059822332236 14.20152580507928 169.0932311572155 242.7628 -19.92378 154.5354
444 235.47516324193901 14.195845526723962 169.3432859029764 243.6688 -20.00434 154.6684
445 236.3735163827402 14.195336593475087 169.5395659248828 244.5757 -20.08388 154.7979
446 237.26107396525222 14.202890866780578 169.74422303514342 245.4743 -20.16399 154.9236
447 238.15709443747437 14.212171229339589 169.8743011929162 246.3684 -20.24532 155.0412
448 239.05347511660491 14.233910203503918 170.05228090379276 247.2733 -20.3235 155.1446
449 239.95107481573055 14.257351430426764 170.20365122158952 248.1739 -20.40379 155.2524
450 240.84450904225378 14.269725609312905 170.3505378277648 249.0698 -20.48204 155.3582
451 241.71708271724734 14.280908530473445 170.5416270385606 249.9549 -20.55749 155.4527
452 242.58862396030986 14.31931282363441 170.70486650685112 250.8345 -20.6346 155.5425
453 243.46056001267252 14.33688427233934 170.92715512370012 251.7259 -20.71972 155.6328
454 244.34949722727228 14.369167023778504 171.0856205374633 252.6209 -20.80615 155.7215
455 245.2316285954746 14.384633289040053 171.26840984095872 253.5136 -20.89449 155.8057
456 246.1175869487843 14.414119472359626 171.4009879069954 254.4024 -20.98217 155.8813
457 246.98673944388023 14.449893006500256 171.57304567236392 255.2821 -21.06516 155.9558
458 247.85717937016742 14.450311634052094 171.74024943391277 256.1621 -21.14494 156.0255
459 248.72859725781274 14.471015372049278 171.90204197769864 257.0428 -21.22381 156.0897
460 249.60167938636812 14.484574819145607 172.02885336634972 257.9199 -21.30232 156.1451
461 250.47090191897945 14.477361165999781 172.1272006815599 258.7907 -21.3755 156.1854
462 251.33599254421085 14.493370872065922 172.24181796624407 259.6601 -21.44205 156.224
463 252.20159405415254 14.50877615749284 172.33094992048916 260.527 -21.51116 156.258
464 253.06275615055375 14.543946677817397 172.48464604478005 261.3989 -21.58418 156.2883
465 253.9335159215177 14.53273724957507 172.57945619238686 262.2717 -21.65347 156.3158
466 254.80360994502905 14.538453164674001 172.6338454437556 263.1403 -21.72636 156.3324
467 255.66795114491964 14.5520185112217 172.71908583585142 264.006 -21.79663 156.3451
468 256.5157570644559 14.579976341329948 172.87602087379693 264.8657 -21.86707 156.3569
469 257.3776469898844 14.60092832025043 172.96749298661913 265.7295 -21.94115 156.3616
470 258.2395943390868 14.596703636510679 173.07249399494881 266.5945 -22.0171 156.3599
471 259.10350380940076 14.607555694237101 173.15850650767203 267.4594 -22.09328 156.3596
472 259.9627853379855 14.63335485034029 173.24897458092136 268.3206 -22.16749 156.3531
473 260.8259174918507 14.643949352062167 173.30865832742964 269.1826 -22.2424 156.3491
474 261.6765000149654 14.678827654403545 173.43176745380777 270.0395 -22.31694 156.3437
475 262.5276345222264 14.705391803517928 173.53024630144253 270.8934 -22.39231 156.3409
476 263.37341480426943 14.74303101405944 173.64238509016874 271.7439 -22.46937 156.334
477 264.21788079578914 14.769339068883898 173.7198175757153 272.5882 -22.55275 156.33
478 265.06307062174943 14.7944572250763 173.82993291489524 273.4367 -22.63729 156.3283
479 265.8673212919583 14.809242619715064 173.90503531947667 274.2406 -22.71743 156.3276
480 266.683463119666 14.83937595867831 173.97364468726977 275.0562 -22.79801 156.3301
481 267.4913862853282 14.865545016368419 174.01428618337894 275.8616 -22.87783 156.3361
482 268.2972052062023 14.89185893497018 174.06314893042625 276.6656 -22.95477 156.3455
483 269.08069807876973 14.928353477942533 174.12131027987172 277.4484 -23.02961 156.3596
484 269.85426682970365 14.940585244123767 174.21191587558505 278.2238 -23.10166 156.3778
485 270.6159784557576 14.969543041219177 174.28804318226048 278.9862 -23.17205 156.4029
486 271.3674469368202 14.995516839870021 174.36041961594648 279.7382 -23.23843 156.4295
487 272.11126275345885 15.01785538310374 174.40566995190494 280.4806 -23.30168 156.455
488 272.84854896733543 15.063030965648757 174.4867359896101 281.2202 -23.36731 156.4848
489 273.5624331871669 15.08511100589314 174.59080101206433 281.9382 -23.43189 156.5202
490 274.2723489696684 15.11057093302654 174.6900912445427 282.6515 -23.49597 156.56
491 274.95713509133964 15.13368244891286 174.77048343508326 283.3383 -23.55164 156.5937
492 275.6247518884243 15.146071509064697 174.88550235978212 284.0121 -23.6105 156.634
493 276.2802281981407 15.152466132394352 175.00963686825207 284.6753 -23.6696 156.6761
494 276.92986677316185 15.15355085111758 175.10115694927165 285.3276 -23.7268 156.7166
495 277.56310616266177 15.155431450815543 175.21442552095183 285.967 -23.78128 156.7616
496 278.1822620172541 15.169433898687869 175.33309755463137 286.5937 -23.83446 156.8069
497 278.7861258942841 15.176361894491295 175.47204155411475 287.2092 -23.89017 156.8523
498 279.37838237248206 15.188857042744868 175.5983443181486 287.8108 -23.94344 156.8983
499 279.977373509785 15.188079684530308 175.67397339685976 288.4106 -23.99582 156.9431
500 280.53968711774877 15.186569488989324 175.75651435159264 288.9746 -24.04626 156.9918
501 281.1096317321162 15.19902482540768 175.86063263071912 289.5493 -24.10169 157.0416
502 281.6736999148983 15.193124782438854 175.88750092180393 290.1099 -24.15117 157.0886
503 282.21505366651337 15.203928831955405 176.0059115147689 290.6604 -24.19669 157.1342
504 282.74379889239793 15.204197260955702 176.12646041169532 291.199 -24.24004 157.1804
505 283.26215708121345 15.188438123660935 176.24934823729075 291.7281 -24.28194 157.2288
506 283.7718412340711 15.181619082122063 176.3728221823089 292.2488 -24.32193 157.2772
507 284.27763147818536 15.176888732533971 176.4667289746699 292.7596 -24.36116 157.3242
508 284.76529360781285 15.176290118202676 176.5912552264728 293.2587 -24.40494 157.3722
509 285.258706560467 15.172965652584425 176.66057527394477 293.7527 -24.44767 157.4213
510 285.7362305321869 15.170193313539238 176.76535517024675 294.2374 -24.49148 157.4678
511 286.21761164208357 15.160908486283232 176.86597415164425 294.7246 -24.53746 157.5174
512 286.68708208599725 15.170098228378508 177.00545340075223 295.2096 -24.58496 157.567
513 287.17815586419675 15.153850483673914 177.0819706357836 295.702 -24.63307 157.617
514 287.66952997750474 15.14944735616819 177.18479729642638 296.1993 -24.67824 157.6689
515 288.17234648516427 15.140470894723263 177.2457294789327 296.7013 -24.72333 157.7197
516 288.6781707485969 15.14851554997607 177.3241807787603 297.209 -24.77055 157.7654
517 289.1817397508443 15.148928787357594 177.43355119894053 297.7199 -24.82169 157.8091
518 289.6981373190643 15.1258673045018 177.52264112903907 298.2403 -24.87488 157.8477
519 290.22070222703036 15.133854206230886 177.61933691986354 298.7679 -24.92374 157.8894
520 290.762355931127 15.136809836578395 177.69872993900003 299.3114 -24.96956 157.9364
521 291.30662685822546 15.131538612709603 177.8263035354623 299.8664 -25.02054 157.9801
522 291.8727185138575 15.148540525174065 177.9009323770473 300.4328 -25.085 158.0169
523 292.4535919291861 15.14237702300812 177.96954256729293 301.0133 -25.15046 158.0468
524 293.0377605945111 15.147023346379667 178.0543196551851 301.5988 -25.21321 158.0882
525 293.61644497378217 15.165949918625651 178.1961117863162 302.1893 -25.27483 158.1416
526 294.21279468551603 15.181966508506152 178.3018915701291 302.7896 -25.33868 158.193
527 294.8285387244503 15.205481843398067 178.40265941044407 303.4095 -25.40269 158.2314
528 295.4462572406075 15.21329795858688 178.5422761144588 304.0385 -25.46722 158.2678
529 296.0816445137078 15.225068221916237 178.66486529213532 304.6811 -25.53204 158.3096
530 296.7247038412762 15.240238676525644 178.79808924131174 305.3328 -25.59815 158.3588
531 297.3830378396112 15.25634392334429 178.9049256642262 305.9952 -25.66221 158.4057
532 298.0537143745756 15.282657329457795 178.97696490149846 306.6661 -25.72467 158.4467
533 298.73545382896197 15.293411422995561 179.0660244624965 307.3491 -25.79503 158.4838
534 299.4227247332096 15.293623158231005 179.22340216658063 308.0487 -25.86821 158.5319
535 300.1193826744456 15.294224279587699 179.3273144087172 308.7476 -25.94126 158.5802
536 300.823980732571 15.304571119043683 179.44651381097756 309.4569 -26.01685 158.6244
537 301.5395152716078 15.313464461973384 179.5489935943346 310.1745 -26.09606 158.6611
538 302.26080811132516 15.360951423987244 179.6347450690223 310.8972 -26.1748 158.6982
539 302.9941559444503 15.377317158897714 179.74042700111806 311.6329 -26.25448 158.7386
540 303.7453672478886 15.389421673038903 179.8061057893519 312.3814 -26.34091 158.7711
541 304.4995683374135 15.389849938247801 179.93017761833994 313.1397 -26.43175 158.8018
542 305.2616594253857 15.430621845584882 180.04176150429774 313.9052 -26.52053 158.8338
543 306.0270860287007 15.461502654540588 180.1697603331046 314.6762 -26.60789 158.8676
544 306.8044801464458 15.493155806077008 180.25730437969312 315.4536 -26.69381 158.9033
545 307.5756304156223 15.51789656332567 180.43843745475058 316.2406 -26.78025 158.9387
546 308.36781861753826 15.546125511785375 180.56457599015542 317.0373 -26.87072 158.9755
547 309.16844026600694 15.578354104013505 180.69900532269205 317.8436 -26.96318 159.0134
548 309.96781488059264 15.638412798417574 180.84996427367693 318.6531 -27.05549 159.0532
549 310.7849347408496 15.674285456033155 180.9959566587837 319.4779 -27.14548 159.0967
550 311.59972954441974 15.719628521936741 181.14705336440502 320.3018 -27.23538 159.1401
551 312.41627409624874 15.762107902708896 181.35416424289184 321.1391 -27.32655 159.1855
552 313.2571559596346 15.80217523709849 181.4745875921379 321.9833 -27.4181 159.2317
553 314.1018979934167 15.819948570056292 181.61999342213568 322.8344 -27.50858 159.2816
554 314.95186076509714 15.85292018761239 181.76427261014607 323.6909 -27.59901 159.3323
555 315.8163015614295 15.885598812113882 181.8750272472358 324.5567 -27.68936 159.3854
556 316.6855213360585 15.920899777615906 182.03799257891248 325.435 -27.78207 159.4432
557 317.5423434674053 15.958248557608353 182.25665095805093 326.3133 -27.8748 159.501
558 318.4125299085984 15.99542762381707 182.4521291581131 327.199 -27.96791 159.5617
559 319.2977743220003 16.04553249295735 182.61374526816772 328.0932 -28.06283 159.6224
560 320.1938895141948 16.087685238260967 182.71276359617553 328.9883 -28.15786 159.6885
561 321.09247961911103 16.116460628939066 182.8420348703932 329.888 -28.25775 159.7631
562 321.98802091458447 16.145021155904196 182.99910002885045 330.789 -28.35861 159.8373
563 322.8831302076841 16.181861464493146 183.19431709052742 331.697 -28.45992 159.9145
564 323.79128643316363 16.22792640446405 183.32442165550557 332.6065 -28.5625 159.9925
565 324.6997068833028 16.28167808552903 183.4661454525604 333.518 -28.66639 160.0736
566 325.60430677701663 16.324984291190884 183.6459977109396 334.4313 -28.77189 160.1589
567 326.5132544614934 16.38386610250532 183.80304909514447 335.3462 -28.87348 160.2423
568 327.42223140538465 16.437289324857737 183.94779430020336 336.2589 -28.97212 160.3277
569 328.3322910065688 16.48321941199369 184.11105878191393 337.1754 -29.07108 160.4126
570 329.23539362083454 16.52992945286338 184.29309702456734 338.0878 -29.17312 160.5022
571 330.14073088931855 16.570098936228224 184.45131868711755 338.9981 -29.27516 160.5872
572 331.0419531257943 16.622967486924285 184.61367327352917 339.9061 -29.37509 160.6703
573 331.9396612057124 16.670932723544475 184.76439409135364 340.8083 -29.47693 160.7513
574 332.83300367817776 16.720693850150997 184.9476952077396 341.7122 -29.57782 160.8345
575 333.7304685865368 16.74548181279376 185.11323547345194 342.6161 -29.6802 160.9116
576 334.6300626624705 16.771226304711323 185.26818491708082 343.5205 -29.78018 160.9891
577 335.53237129657947 16.817012274534463 185.39005590698284 344.4236 -29.87756 161.0668
578 336.42898645247806 16.86278114791054 185.55536803401174 345.3276 -29.97769 161.1449
579 337.3182707300512 16.906751978781063 185.7182498920983 346.2235 -30.07709 161.2272
580 338.21515448817684 16.948516710704254 185.80888004810487 347.1167 -30.17753 161.3076
581 339.0997965700483 16.990392728582343 185.98235970169236 348.0099 -30.27574 161.3912
582 339.9828818289837 17.036977081027604 186.17908885855064 348.9065 -30.37548 161.4741
583 340.8606082926668 17.078701579675986 186.4099151864745 349.8059 -30.47413 161.5564
584 341.746953168053 17.11598436703444 186.56453574022945 350.6977 -30.56953 161.637
585 342.6319949545994 17.172404722999005 186.72429950301543 351.5901 -30.66501 161.7177
586 343.51409393557424 17.231629494592433 186.89853397088248 352.4825 -30.76035 161.7983
587 344.4028553826536 17.28671416996663 187.06363782069866 353.3785 -30.8605 161.884
588 345.29508869010584 17.347328445795792 187.19758622695485 354.2731 -30.96097 161.9694
589 346.178570169842 17.403255793431008 187.38908814639632 355.17 -31.05569 162.0527
590 347.053395997857 17.476210557323654 187.6104727889603 356.0658 -31.14982 162.144
591 347.9240389912662 17.547179983980026 187.86623851165888 356.966 -31.24424 162.2399
592 348.8113773338265 17.6074389087012 188.05427832503295 357.8634 -31.34268 162.3464
593 349.70100485822974 17.668160975996148 188.24156224844225 358.7644 -31.43232 162.4482
594 350.5775801613222 17.735878859612097 188.48537929121593 359.6666 -31.52203 162.5502
595 351.4805836329883 17.80355447403495 188.6352899104908 360.5743 -31.60985 162.6543
596 352.3715844696465 17.864053242971583 188.82863913063812 361.4763 -31.69958 162.7695
597 353.24619515001467 17.916816176829986 189.0850918221752 362.3757 -31.79176 162.8963
598 354.12333773849764 17.966828629666622 189.32927612558274 363.2722 -31.88456 163.0348
599 355.0081766867253 18.024375605932796 189.54200769639908 364.1687 -31.97736 163.1733
600 355.8803191706513 18.075350309805906 189.80214659332984 365.0628 -32.07264 163.323
601 356.76781717020293 18.08232966759163 190.0099432231313 365.9547 -32.16864 163.4848
602 357.6338804087214 18.149866042677964 190.27664591326987 366.8412 -32.26554 163.6594
603 358.5020580420517 18.211705441837164 190.54813640904544 367.727 -32.36548 163.8508
604 359.36551556349815 18.278267286416025 190.798324957752 368.6005 -32.46696 164.049
605 360.2206453387557 18.332301789991647 191.09421833718332 369.4767 -32.56385 164.2602
606 361.09267865370794 18.411303259908806 191.31500508376078 370.3486 -32.65824 164.4754
607 361.96258436294653 18.5039526898093 191.54171358442466 371.22 -32.75253 164.6956
608 362.81257237429514 18.545077876433876 191.8514843577212 372.0932 -32.84871 164.9156
609 363.6615177921989 18.593842463970343 192.16110610440998 372.9644 -32.94965 165.1387
610 364.5072173872167 18.631807083395618 192.49740715222066 373.8419 -33.04904 165.362
611 365.3682080783555 18.69400482430364 192.79351965600648 374.7198 -33.14733 165.5911
612 366.2418708902701 18.75543866010041 193.0633391943961 375.5998 -33.24711 165.8267
613 367.09371947061715 18.794079966753916 193.3959882804924 376.4772 -33.34844 166.0669
614 367.9587990709298 18.87671064135178 193.696914522516 377.3568 -33.45186 166.3146
615 368.81057105208686 18.934772379268487 194.0235721706827 378.2299 -33.55204 166.5661
616 369.6579922443266 19.024888703048113 194.34275938225528 379.0956 -33.65147 166.8284
617 370.5047396912606 19.0982503482456 194.63371411107855 379.9484 -33.75068 167.0928
618 371.3320337098315 19.153671942519384 194.9812009282746 380.8018 -33.85006 167.3575
619 372.16462618778957 19.21854136385683 195.2894089780121 381.646 -33.94947 167.6218
620 372.9470242810666 19.306020340737966 195.69215790518663 382.4797 -34.05166 167.8984
621 373.7592843306574 19.328237032249394 196.0494516471651 383.3184 -34.15042 168.1718
622 374.57882913812654 19.371975388465188 196.38935771013823 384.1565 -34.24855 168.4494
623 375.3949255125768 19.440964673467448 196.71460620062518 384.9855 -34.34893 168.7309
624 376.18792071169617 19.500712933692366 197.08141006534535 385.8082 -34.44909 169.0139
625 376.99522231731567 19.542415610550872 197.38911220509584 386.6213 -34.54404 169.2932
626 377.7796003505188 19.595813102282236 197.75094991803508 387.4349 -34.639 169.5726
627 378.5827578433598 19.62873767428233 198.07164993776064 388.2465 -34.73778 169.8564
628 379.3686975032114 19.673829405132913 198.4148168647527 389.0518 -34.83651 170.1379
629 380.14763890440173 19.69959497838978 198.77894902255585 389.8585 -34.93537 170.4198
630 380.9358735649317 19.728736675034877 199.0797754127809 390.6508 -35.03121 170.695
631 381.7049240977569 19.76106101987425 199.41697267417535 391.4405 -35.12143 170.9678
632 382.4777446761605 19.77597217300284 199.7367577551411 392.2273 -35.21056 171.2375
633 383.2407184081067 19.811522555344517 200.07616683217844 393.0148 -35.29819 171.5035
634 384.0199395168483 19.864528509727307 200.4002307989992 393.8158 -35.37808 171.7624
635 384.7921916006636 19.92110577261126 200.7364454428911 394.6157 -35.45946 172.0196
636 385.5626036841447 19.965687904646966 201.05810966025064 395.4044 -35.54302 172.2841
637 386.3117167793416 19.983780569454133 201.41497528900274 396.1902 -35.62299 172.539
638 387.1047402518876 20.02267333720328 201.67144345370926 396.9791 -35.70992 172.7964
639 387.8987027313919 20.075080621135214 201.96895250925252 397.7804 -35.79994 173.0637
640 388.68388897972557 20.120334543038876 202.30185120612595 398.5862 -35.89106 173.3316
641 389.4984698470861 20.20246406880754 202.5567475260821 399.394 -35.98738 173.6026
642 390.24125993980846 20.281820878220387 202.9843857757199 400.2054 -36.08162 173.874
643 391.07223594874495 20.317906890651546 203.2850418855509 401.042 -36.17291 174.146
644 391.8698130806022 20.37695556533655 203.60579400659825 401.857 -36.26143 174.4114
645 392.70745546635607 20.439294975751825 203.9827562349417 402.7259 -36.35992 174.6994
646 393.5344346343776 20.535921789649258 204.21143990487565 403.54 -36.4565 174.9704
647 394.3650430847244 20.573185121470512 204.55083849534702 404.3866 -36.55987 175.2516
648 395.1787651220592 20.66503852152521 204.92840160921548 405.2387 -36.65818 175.5298
649 396.0164347879865 20.67442268247406 205.2878928002182 406.0994 -36.76127 175.8119
650 396.86110887113307 20.740119133760672 205.60062901821797 406.9522 -36.86062 176.092
651 397.68638899482346 20.79966541276555 205.97336479393348 407.8104 -36.9606 176.3696
652 398.50624092105505 20.855579415475543 206.355545768022 408.6653 -37.05716 176.6545
653 399.3649589956339 20.908410626270967 206.6510775119302 409.5217 -37.14867 176.9473
654 400.2146798641255 20.94837524557403 206.98526465239775 410.3808 -37.23727 177.2463
655 401.04360612611873 21.007698958291822 207.3492855531538 411.2375 -37.3234 177.5323
656 401.8739917675353 21.035652967847327 207.70915332384035 412.0933 -37.40675 177.816
657 402.6940734645707 21.08639828066734 208.07251541186594 412.9441 -37.49169 178.0918
658 403.53024717498596 21.131477606189712 208.40818578666955 413.8009 -37.5727 178.3624
659 404.36541291678566 21.20919083975699 208.74633019288177 414.6582 -37.66188 178.6362
660 405.18196604134374 21.23069920174983 209.10136768771682 415.5021 -37.74912 178.9073
661 405.98331322686414 21.25368205302276 209.48216780169517 416.3431 -37.83262 179.1783
662 406.78214592971705 21.286523324037923 209.83108311258138 417.1677 -37.91664 179.4502
663 407.57602328728416 21.320573563164217 210.1787015834049 417.987 -38.00097 179.722
664 408.34491482048963 21.355811369041454 210.5528820742135 418.7969 -38.08222 179.9864
665 409.1202852000293 21.418629942481466 210.9099418505304 419.6091 -38.15827 180.2456
666 409.88737619780534 21.442520163741598 211.23771893706794 420.4007 -38.23307 180.499
667 410.6453346090958 21.505775958484932 211.56085433173322 421.1854 -38.30596 180.7477
668 411.39994396625633 21.541849793085404 211.86294916939687 421.9594 -38.37484 180.9889
669 412.12941773060936 21.60314726476065 212.19569001748562 422.7235 -38.44427 181.2296
670 412.859658721041 21.645341993681214 212.4999978588975 423.4737 -38.52223 181.472
671 413.59630528357604 21.651264780123668 212.794782890753 424.2251 -38.60018 181.7147
672 414.3211282794581 21.69466277254371 213.09812242542407 424.9706 -38.6818 181.9531
673 415.0447313611411 21.745991221752462 213.39833356259382 425.7139 -38.76538 182.1916
674 415.7684597477307 21.78493777437433 213.69233514912574 426.4553 -38.84576 182.4274
675 416.4655481011306 21.83407306547023 214.02448045817445 427.1913 -38.9186 182.6547
676 417.1750183347257 21.848690389659875 214.30303785167897 427.9167 -38.9893 182.8782
677 417.87558593133485 21.886984490172733 214.5958474226413 428.639 -39.06082 183.1044
678 418.59348003709556 21.940853624597636 214.85073854777175 429.3649 -39.13224 183.3307
679 419.31191775723795 21.97306764741925 215.09824157686487 430.0878 -39.20176 183.5566
680 420.0219890891999 22.003139345636534 215.3538084350294 430.8055 -39.26661 183.7827
681 420.7476012444508 22.035969178737485 215.6246300047219 431.5424 -39.32909 184.0151
682 421.4278765537529 22.070067594998434 215.9319575766421 432.2521 -39.38552 184.2421
683 422.1634113402673 22.12840357441905 216.13275190159254 432.9778 -39.44566 184.4755
684 422.8819436451597 22.154088942066497 216.40982701995364 433.7097 -39.51541 184.7061
685 423.59624336476526 22.192442167969034 216.70217822353308 434.4438 -39.58607 184.9369
686 424.3087092794483 22.237844247158076 216.99588461181943 435.1772 -39.6556 185.1676
687 425.0196479880454 22.29350310257178 217.24776417993155 435.8944 -39.72678 185.3968
688 425.6935562729161 22.328840416288017 217.54882900674107 436.5933 -39.80189 185.6247
689 426.3721197472667 22.37253505541329 217.84998060957417 437.295 -39.87998 185.8583
690 427.0530005100775 22.396206329339158 218.12807837516198 437.987 -39.96184 186.0948
691 427.70355071910546 22.44093141725413 218.41447424043352 438.6578 -40.03698 186.322
692 428.34199564835006 22.473561464194123 218.70704282257884 439.3183 -40.11521 186.5498
693 428.9741267852021 22.4884533308421 219.0077368825964 439.9765 -40.19335 186.7754
694 429.59688357783017 22.523728750352312 219.3120585100137 440.6294 -40.26688 186.999
695 430.2190183876323 22.57558679860369 219.54650316907868 441.2583 -40.33301 187.2107
696 430.81232017049746 22.59692522389012 219.85555816120026 441.8895 -40.3994 187.4232
697 431.4161954284685 22.621727386439794 220.1535831023432 442.5242 -40.4691 187.6386
698 431.98763082313434 22.679898739224353 220.39589662536304 443.1116 -40.5317 187.8378
699 432.57926579534944 22.692794742440384 220.62465052293217 443.7097 -40.58993 188.0413
700 433.1736694883217 22.70541340860154 220.85799930361293 444.3114 -40.65105 188.2466
701 433.71905849852175 22.731520871768332 221.0953609844293 444.871 -40.71269 188.4403
702 434.2919583236244 22.763957765517322 221.31842452407957 445.4493 -40.77681 188.6415
703 434.8325330711176 22.788106337824058 221.49081093429865 445.9827 -40.83615 188.8272
704 435.3777190090332 22.81885688048351 221.67943892486528 446.5258 -40.89361 189.0156
705 435.89158921906454 22.85380411693042 221.91066984841814 447.0563 -40.94722 189.2012
706 436.39658843938355 22.847380343761305 222.14209895098608 447.5777 -41.00285 189.3847
707 436.90479318026684 22.906477000629792 222.33333516353676 448.0907 -41.0568 189.5643
708 437.39020189628695 22.952238233624442 222.54747081415692 448.5905 -41.11097 189.7399
709 437.8916857989216 22.981985444044707 222.69641556522419 449.0822 -41.16507 189.9127
710 438.34540550014634 23.02588211645827 222.90576286153248 449.5511 -41.22241 190.0814
711 438.8200235742847 23.020982825041308 223.0515098366119 450.015 -41.2784 190.2493
712 439.26065809036146 23.045636668806488 223.2664187459884 450.4737 -41.33399 190.415
713 439.72354666178757 23.057768159015257 223.35569890217332 450.9162 -41.38482 190.5699
714 440.15818416222436 23.06949759795221 223.51883954418602 451.3527 -41.43116 190.7215
715 440.5698992846799 23.08386053268934 223.70421688489176 451.7763 -41.47778 190.8714
716 440.96322656662073 23.088574487530593 223.903379266658 452.1892 -41.5232 191.0192
717 441.37398075821295 23.102993515940334 224.04129330005952 452.5961 -41.57027 191.1612
718 441.71937742838037 23.116213170937733 224.25030814034372 452.9753 -41.61612 191.2926
719 442.09484000667675 23.120322737109266 224.38089664736054 453.3477 -41.66274 191.4237
720 442.3867464047042 23.131919262124345 224.63340010852144 453.7102 -41.70389 191.5502
721 442.7071529803441 23.163045012784597 224.8146166263463 454.0561 -41.74707 191.6725
722 443.01536921148323 23.178604379367766 225.01789280934355 454.4021 -41.79023 191.7949
723 443.349166635155 23.187873748124897 225.1289833834394 454.7312 -41.8346 191.9114
724 443.65927072325815 23.186947443735352 225.26835689635294 455.0471 -41.87896 192.029
725 443.94918579772195 23.200616338393154 225.42283563442865 455.3537 -41.9151 192.1421
726 444.2425340415058 23.19441205685659 225.54835611546486 455.6532 -41.94952 192.2468
727 444.54233849731673 23.19916899681207 225.62520923705515 455.9458 -41.97617 192.3442
728 444.8130603932019 23.191655546403233 225.75003395436423 456.2262 -42.00704 192.4409
729 445.07401711984664 23.20670505479255 225.88746222371265 456.5053 -42.03355 192.5337
730 445.3338696243738 23.211659448375933 226.02191050475477 456.7802 -42.06007 192.6304
731 445.6012301254627 23.220452097456146 226.1300262051856 457.0499 -42.08984 192.7285
732 445.87270740645755 23.23981504874787 226.22453794848192 457.3193 -42.1196 192.8262
733 446.1326507964105 23.256914710565457 226.33683944083842 457.5849 -42.14874 192.9215
734 446.38396685669284 23.254766482619072 226.46221922812822 457.8478 -42.17833 193.0158
735 446.64866763484014 23.25602508449747 226.55334508378675 458.1099 -42.20107 193.1115
736 446.89751920029374 23.250574304816418 226.68252803727586 458.3727 -42.22298 193.2069
737 447.15441892981806 23.25534330596318 226.7953516948056 458.6339 -42.24587 193.3069
738 447.4148783516462 23.249308991784105 226.9080280678096 458.8966 -42.27315 193.4109
739 447.6634673740982 23.265043283678423 227.04509562916152 459.1567 -42.30207 193.522
740 447.91842686751437 23.28003564799539 227.19800213075376 459.4284 -42.32982 193.6404
741 448.1996521999817 23.244006758593482 227.28318822766568 459.6977 -42.35796 193.7601
742 448.45873964641464 23.247782859102582 227.43532272002622 459.9699 -42.38822 193.8837
743 448.7046887845071 23.25614666253917 227.62629694436984 460.2494 -42.41641 194.0183
744 448.93701408657387 23.250188376999947 227.8460622538548 460.5317 -42.44519 194.1659
745 449.2219244033802 23.255720885304896 228.0014612600586 460.8164 -42.46997 194.3198
746 449.5173993491098 23.241709693890815 228.10810117688752 461.0905 -42.49464 194.4719
747 449.8046661638193 23.263417270840417 228.25502733068458 461.3703 -42.52156 194.6318
748 450.095537074472 23.267464853660247 228.39582479802482 461.6462 -42.55214 194.7973
749 450.32278867462094 23.282226575181287 228.60456596384384 461.9028 -42.58029 194.967
750 450.6142821251504 23.245423788716167 228.70163161846384 462.1586 -42.6007 195.1399
751 450.84427490237715 23.28669497997295 228.895222995327 462.4096 -42.6202 195.3093
752 451.1034015852717 23.297157014260353 229.03287167149446 462.6558 -42.6418 195.4678
753 451.3248758405924 23.316138316387928 229.21023435443445 462.8996 -42.66193 195.6128
754 451.576055727689 23.31019473367359 229.3107072091897 463.1354 -42.68335 195.7438
755 451.8145176285662 23.30740465791499 229.43527737498906 463.3755 -42.69452 195.8647
756 452.03915207020907 23.293858739405767 229.49227653129458 463.5862 -42.70011 195.962
757 452.3237118768811 23.296192761167916 229.54904986367163 463.8526 -42.71946 196.0754
758 452.5599826453594 23.310075828295837 229.6766697461734 464.1011 -42.73706 196.1766
759 452.8234058563426 23.28380471218533 229.73681214780171 464.3543 -42.75047 196.2736
760 453.0723571359153 23.288943216908446 229.82904054130566 464.6036 -42.76345 196.3641
761 453.33307082946027 23.316620927645193 229.93696150510104 464.8704 -42.78446 196.4577
762 453.5939155193263 23.30580986764892 230.05368653391005 465.1394 -42.8119 196.5508
763 453.866205941262 23.305873363742162 230.10675187561526 465.4025 -42.83862 196.6346
764 454.14308198320515 23.339715615632173 230.17424011077452 465.6751 -42.87317 196.7174
765 454.4174329189585 23.359751410297623 230.25710800916337 465.9486 -42.90391 196.7998
766 454.66441799002774 23.366298708975336 230.37339543603727 466.2106 -42.93432 196.8705
767 454.9155064959482 23.38139880810732 230.4852803398484 466.4742 -42.97107 196.9409
768 455.1660357292283 23.376784967786868 230.49103743543216 466.714 -43.00329 197.0063
769 455.39835316669667 23.38733392647128 230.58131621321974 466.9526 -43.03319 197.0727
770 455.6361173402894 23.403628921678905 230.65571635627697 467.1914 -43.05471 197.1423
771 455.8461467410256 23.40982922273985 230.74744393115574 467.4097 -43.07618 197.209
772 456.0463007839245 23.4187808808224 230.8371308383875 467.6176 -43.09856 197.2758
773 456.2386428439147 23.425655288000893 230.9421265934668 467.8226 -43.12385 197.3493
774 456.4240168176798 23.44266341427133 231.0146738497299 468.0046 -43.15132 197.427
775 456.5801749818158 23.46330114401812 231.10108040494754 468.1669 -43.18329 197.4971
776 456.7281021265362 23.475436599014266 231.2034059451948 468.3295 -43.20345 197.5723
777 456.8886400342687 23.483479355300048 231.27888184765516 468.491 -43.22371 197.6433
778 457.0193854273318 23.490260331425876 231.3448850517861 468.6283 -43.24139 197.6916
779 457.1528654658563 23.475774735341627 231.397484870432 468.7634 -43.2591 197.7388
780 457.26067146090986 23.467015348978336 231.47195222355438 468.8842 -43.27329 197.7883
781 457.3673388632559 23.483459254004007 231.53761534687516 468.9924 -43.28474 197.8525
782 457.4773650040198 23.488430926286515 231.58966535094171 469.0948 -43.29185 197.9181
783 457.5766029287497 23.50253356594809 231.66888374179808 469.204 -43.29579 197.9843
784 457.519640739297 23.50409539455313 231.76050328809782 469.2991 -43.29833 198.0352
785 457.519640739297 23.50409539455313 231.76050328809782 469.3867 -43.30684 198.0824
786 457.5951438475822 23.514863702330786 231.8269607202396 469.473 -43.31315 198.1348
787 457.5951438475822 23.514863702330786 231.8269607202396 469.5559 -43.31632 198.181
788 457.5951438475822 23.514863702330786 231.8269607202396 469.6341 -43.31351 198.2243
789 457.5951438475822 23.514863702330786 231.8269607202396 469.7087 -43.32229 198.2622
790 457.5951438475822 23.514863702330786 231.8269607202396 469.7717 -43.3356 198.3029
791 457.5951438475822 23.514863702330786 231.8269607202396 469.8181 -43.34418 198.3492
792 457.5951438475822 23.514863702330786 231.8269607202396 469.8578 -43.34935 198.4001
793 457.5951438475822 23.514863702330786 231.8269607202396 469.8944 -43.35196 198.4424
794 457.5951438475822 23.514863702330786 231.8269607202396 469.9367 -43.35745 198.4781
795 457.5951438475822 23.514863702330786 231.8269607202396 469.9846 -43.36013 198.5051
796 457.5951438475822 23.514863702330786 231.8269607202396 470.0301 -43.36564 198.5343
797 457.5951438475822 23.514863702330786 231.8269607202396 470.0664 -43.37479 198.5661
798 457.5951438475822 23.514863702330786 231.8269607202396 470.0932 -43.3869 198.6001
799 457.5951438475822 23.514863702330786 231.8269607202396 470.1173 -43.3898 198.6341
800 457.5951438475822 23.514863702330786 231.8269607202396 470.1424 -43.39187 198.6644
