0 0.0 0.0 0.0 -5.551115e-17 -3.330669e-16 2.220446e-16
1 -0.03080715378015603 -0.010478242027617152 0.9613778722264757 -0.01101102 -0.01712164 0.961713
2 -0.02934371206357311 -0.022803016535663967 1.9246200618302658 -0.01699529 -0.03304158 1.924885
3 -0.04072609334226215 -0.029743405864466863 2.8882784907509524 -0.03106702 -0.06341853 2.888054
4 -0.036289227266368934 -0.033203712627008136 3.8491360910812227 -0.04462738 -0.09503621 3.848312
5 -0.04978856102742521 -0.04367108955612306 4.807648203945437 -0.05337242 -0.1222173 4.806551
6 -0.03374311216920582 -0.04172865822612887 5.740257706679316 -0.06458549 -0.1448705 5.738958
7 -0.06067829412604284 -0.01310798028875913 6.676973605100445 -0.07542792 -0.1535673 6.676395
8 -0.08667148229985965 -0.003243572041492662 7.606534544539101 -0.08936429 -0.1678814 7.606157
9 -0.08053576272232421 0.01223094887613705 8.535859659442556 -0.1013034 -0.1791661 8.535486
10 -0.15966427919923232 0.007211398162845692 9.462975483007972 -0.1141317 -0.1865848 9.465868
11 -0.13372125392960862 0.01181318045292474 10.385762826991511 -0.1275574 -0.1916301 10.38892
12 -0.14335698816390635 -0.00753613974562063 11.336264159628447 -0.1421945 -0.1997185 11.33952
13 -0.18471280650652946 -0.004777759335643375 12.219455103712185 -0.1548813 -0.2155601 12.22345
14 -0.22655457148904 -0.05669430962950131 13.12714187005299 -0.1693123 -0.2354858 13.13325
15 -0.16278358270924476 -0.07683185839456041 14.033258893193345 -0.1849063 -0.2602522 14.04136
16 -0.23788928256180514 -0.09183233810758487 14.934422565849966 -0.1992846 -0.2760574 14.94552
17 -0.27102870559888975 -0.10894630054804996 15.834618888969699 -0.2169483 -0.2851106 15.84627
18 -0.24760748570009825 -0.09017060900220203 16.731192223801642 -0.236713 -0.293361 16.74309
19 -0.30439902905827687 -0.11052108915204684 17.621097561869625 -0.2548521 -0.2982439 17.63484
20 -0.23830462046293321 -0.09095259551228335 18.510638313217928 -0.2730779 -0.3044055 18.52684
21 -0.28145254460381897 -0.09813345338465826 19.397200655494995 -0.2937433 -0.3138402 19.41419
22 -0.2745361661535665 -0.08410365734817142 20.277953857878224 -0.3146034 -0.3236882 20.29478
23 -0.2805574982432428 -0.10247742666772852 21.152067268206466 -0.3335669 -0.3220398 21.1689
24 -0.29862951327186216 -0.09643302199268289 22.021080434541553 -0.3517749 -0.3205089 22.03793
25 -0.3004832332442774 -0.08851049031719596 22.884258370298188 -0.372549 -0.3172185 22.90089
26 -0.32160013468744064 -0.05566774655133133 23.740462395444844 -0.3933684 -0.3159266 23.75773
27 -0.34879834970527807 -0.05878465060824018 24.597932194030896 -0.4121035 -0.3140241 24.61543
28 -0.37322432317985926 -0.04231997137239883 25.42435233278455 -0.4280328 -0.3057383 25.44218
29 -0.42311897624630224 -0.03799248386428888 26.247115892123627 -0.4474023 -0.2988492 26.26621
30 -0.4348918963611596 -0.018123035298379882 27.0612575021926 -0.4690774 -0.293049 27.08037
31 -0.49010500669692436 -0.014215781738125877 27.8562519906661 -0.491623 -0.2934051 27.87697
32 -0.5175011035049342 0.01418859327531076 28.648220908191593 -0.5147234 -0.2982767 28.66957
33 -0.534937150843061 0.03159395261573864 29.433325854577202 -0.5377287 -0.3030386 29.45471
34 -0.5505216930378385 0.03771775131926661 30.20543673806643 -0.5610502 -0.3024561 30.22665
35 -0.5852603818878228 0.04407777989825139 30.971670666402915 -0.5837097 -0.2893166 30.99325
36 -0.6121672873903022 0.05418537840683174 31.73165039413388 -0.6098827 -0.284946 31.75331
37 -0.6535740552776407 0.053776999578870485 32.475145505887724 -0.6373473 -0.2859582 32.49745
38 -0.7111629045568583 0.05162641260924888 33.21106242089088 -0.669497 -0.2913155 33.2349
39 -0.7796668798139955 0.05215406318115426 33.93621288068637 -0.7070281 -0.2980989 33.96228
40 -0.8268794621021294 0.0687732811755608 34.67688938683852 -0.7475972 -0.3011809 34.70353
41 -0.897888590660659 0.07175946013019628 35.3639384206376 -0.7861231 -0.3012987 35.39317
42 -0.9375577110694022 0.08151584614042864 36.05629288397576 -0.8225011 -0.2935002 36.08573
43 -0.9573329428351313 0.08257566237945144 36.74463046612112 -0.8579745 -0.2845601 36.77338
44 -1.0060025071855012 0.10221510984562619 37.41960839562529 -0.8979841 -0.2829222 37.44921
45 -1.0840872714638874 0.08736516717312305 38.07797404811323 -0.9356939 -0.2753503 38.11124
46 -1.1329433898853445 0.08260621857507018 38.7292436474552 -0.966244 -0.2643952 38.76355
47 -1.141465188079252 0.09447862778273043 39.366786041360896 -0.9940685 -0.2590333 39.40063
48 -1.1771759031729172 0.10846144569477725 40.00315160286682 -1.022967 -0.2546909 40.03748
49 -1.218715836514507 0.13503279136212265 40.65139903816749 -1.054571 -0.2561416 40.68683
50 -1.2403645180631924 0.15616360265445442 41.256580344318486 -1.082779 -0.2559993 41.29211
51 -1.2196270245387129 0.15079158392097386 41.85548372069084 -1.107347 -0.2542439 41.89089
52 -1.2235351258483984 0.1692043062225456 42.440338799628385 -1.127463 -0.2504927 42.47569
53 -1.2278405321700445 0.17082440089650242 43.00910773409641 -1.143225 -0.2472759 43.04425
54 -1.2239957219397095 0.17656186823761044 43.55736672073244 -1.156523 -0.2461265 43.59239
55 -1.2024628535594668 0.18697274945657336 44.08395266320831 -1.163695 -0.2463307 44.11947
56 -1.0944556574905986 0.2010396518108565 44.57971140036949 -1.165311 -0.2460311 44.62705
57 -1.0962385669898638 0.22210064134650045 45.0627048366387 -1.165281 -0.2401569 45.11047
58 -1.1021589616948084 0.24558483515162047 45.52611351251427 -1.162119 -0.2348502 45.57447
59 -1.0680698723696442 0.2671401466363453 45.96382050132367 -1.153911 -0.2368661 46.01395
60 -1.0531930263752878 0.25896532696326713 46.3853897535487 -1.139704 -0.2380301 46.43562
61 -1.0302809427685562 0.3046565408575731 46.77967696010493 -1.11911 -0.2395256 46.83267
62 -0.9466269049395126 0.3321353096381319 47.1415998811199 -1.098158 -0.2391747 47.20456
63 -0.9525983345934566 0.34594424306680505 47.50462255850286 -1.077742 -0.2387525 47.56732
64 -0.9373841563171484 0.3878841979937518 47.81303193842103 -1.059487 -0.2404154 47.8784
65 -0.960059262913517 0.4097249805698374 48.11055032602473 -1.036133 -0.2443984 48.17664
66 -0.9514896590705191 0.3971561470320124 48.386135334227845 -1.006263 -0.2532706 48.45088
67 -0.9298129289550966 0.4192456752572964 48.652188737789494 -0.9730963 -0.2607772 48.71656
68 -0.8508583170037817 0.4260311295182614 48.90152629099169 -0.9369557 -0.2675893 48.97559
69 -0.7734158760036103 0.43869481623205747 49.14923617010684 -0.8977462 -0.2734425 49.23239
70 -0.6889591472990463 0.43675837444408233 49.393085437979565 -0.8567415 -0.280568 49.48708
71 -0.9264191698943346 0.4622210927969822 49.51266002934882 -0.8084309 -0.2860922 49.7497
72 -0.8663940454989855 0.4509288674609187 49.74671244114918 -0.7577117 -0.2915714 49.98615
73 -0.6980964824537967 0.4595617028116595 49.933905211606664 -0.6971579 -0.2967619 50.23058
74 -0.6262940974092867 0.47515745170164425 50.179005087905146 -0.6296551 -0.3022908 50.47733
75 -0.5596719227497122 0.48455571617248316 50.40891539149951 -0.5626253 -0.3067843 50.70727
76 -0.5259560053557605 0.4790795920692207 50.65579200861085 -0.4889211 -0.3117062 50.9453
77 -0.451426754662359 0.5142127415493474 50.89172771742733 -0.4074937 -0.3179085 51.18149
78 -0.3672124338546277 0.508294425561391 51.132689466043935 -0.3172192 -0.3255041 51.4202
79 -0.28816861269805405 0.4929136467193637 51.37757499326006 -0.2212449 -0.3340796 51.6593
80 -0.20533467002794242 0.4720989423819413 51.627474411087896 -0.114714 -0.3439537 51.90075
81 -0.11758630730417204 0.49318324101289585 51.86760359126604 0.0002735872 -0.3544958 52.12982
82 0.008647986872692096 0.5175816799558738 52.095149139407255 0.1309526 -0.3642721 52.35595
83 0.1517936446132125 0.536377987329126 52.320287747769754 0.2760316 -0.3733939 52.58045
84 0.304190167223356 0.5634719193883974 52.53834512206539 0.4279778 -0.3824345 52.80031
85 0.4751463576288204 0.5702695460024079 52.75084302407537 0.5907911 -0.3919068 53.01901
86 0.574700911714102 0.5705163223892878 53.021079293689176 0.7701079 -0.4025973 53.24411
87 0.7526550469153245 0.5570657626172819 53.26330609583389 0.965237 -0.4147601 53.4728
88 0.9585812488173475 0.5581326023370586 53.486859605321236 1.172293 -0.4302534 53.69477
89 1.2010534242152184 0.5378529850673007 53.7048935497226 1.401712 -0.4467404 53.9268
90 1.4842862953924132 0.5472215673470469 53.89774957813779 1.658262 -0.4647131 54.15343
91 1.7293100215194608 0.5445007784334042 54.16120952694357 1.94608 -0.4776399 54.36895
92 2.0353588015818547 0.5633231714747128 54.40097668740588 2.269729 -0.4777691 54.58519
93 2.4029066658750047 0.547965762238822 54.55659318620747 2.612681 -0.4832195 54.78988
94 2.745845596024198 0.5514321652238051 54.7810775737095 2.973763 -0.4792758 54.98383
95 3.1316078865950394 0.5806757492902694 54.964075628300385 3.359263 -0.4860892 55.16957
96 3.5476599917412828 0.548715751439286 55.10178253667159 3.766145 -0.4913921 55.33541
97 3.975681068490394 0.5423811321036432 55.26386902706686 4.198361 -0.5166196 55.48396
98 4.41237392590348 0.5547288411186632 55.41898539659337 4.641416 -0.5396177 55.61845
99 4.871530129766655 0.5560370366578918 55.53784055604166 5.103719 -0.5645924 55.72143
100 5.347028092660659 0.5500656620744883 55.654120468560755 5.585536 -0.5957735 55.80227
101 5.849783510861526 0.5638480937174807 55.71656507884769 6.088519 -0.6266796 55.85617
102 6.369557725141773 0.5618221133367879 55.80101928715662 6.612372 -0.6532414 55.9028
103 6.882701015443293 0.5753432582727086 55.8536395826081 7.126377 -0.6821309 55.9379
104 7.415365804162239 0.6029874567990476 55.88260611430327 7.658631 -0.724289 55.95413
105 7.966757099072998 0.6228204481015301 55.92579749270304 8.20958 -0.7737852 55.97135
106 8.530130747369956 0.6502398023364608 55.869851458909096 8.774944 -0.8137508 55.97751
107 9.100142690601093 0.6851056747423024 55.778148722638676 9.351661 -0.857379 55.98323
108 9.678594823781339 0.7442156689475787 55.82439559574418 9.933246 -0.9020616 55.98182
109 10.282673491997768 0.7938944506512189 55.82184863204841 10.53767 -0.947374 55.97984
110 10.881999130407191 0.8487067567495102 55.813707350121526 11.13754 -0.9965387 55.979
111 11.502238672546582 0.8652296796085066 55.81256177559069 11.75501 -1.055254 55.96304
112 12.133132414860436 0.8939296746615617 55.7992099108081 12.38276 -1.117194 55.92954
113 12.770278445594897 0.9521488780469971 55.780351939934064 13.02027 -1.167977 55.90304
114 13.42177887616923 1.0116972762157332 55.81207962730642 13.67308 -1.217524 55.8833
115 14.082872257529651 1.0571490085701325 55.79072018341322 14.33357 -1.269538 55.85852
116 14.764051486646604 1.086601991923863 55.764212109696004 15.01321 -1.317429 55.82149
117 15.44506370252854 1.1311822107772511 55.67865516637427 15.69798 -1.366117 55.77901
118 16.135814416474744 1.151528153403759 55.71746261201872 16.38718 -1.417061 55.74074
119 16.826050206103385 1.1665927375580807 55.61593656575974 17.08252 -1.462354 55.70318
120 17.52823655837201 1.2017311085051425 55.5790980687238 17.78472 -1.502437 55.6721
121 18.248216103530964 1.2401341020551948 55.61402006351362 18.50468 -1.545746 55.643
122 18.985961095300745 1.2801991339073548 55.59965286527281 19.24155 -1.593908 55.61503
123 19.71893632164493 1.3586999630098169 55.546678220848186 19.97824 -1.647724 55.59027
124 20.45428968039196 1.3976888145964648 55.5601021931521 20.71281 -1.696725 55.56904
125 21.17982286095651 1.4420695846220195 55.52385740907461 21.4385 -1.741686 55.53688
126 21.903912135551874 1.512372252799188 55.45659796900017 22.16714 -1.787932 55.51011
127 22.637720088363967 1.5779824455160716 55.41393229500595 22.90332 -1.839076 55.50537
128 23.36369689743142 1.6390563152237332 55.474464024174765 23.63216 -1.895775 55.50164
129 24.10097501801356 1.6706610392606096 55.38161485882891 24.37331 -1.955801 55.48454
130 24.8393335069523 1.71760165676383 55.35052974276805 25.11164 -2.008471 55.46362
131 25.560617593861764 1.7904675573499607 55.36945002561344 25.83505 -2.059391 55.46181
132 26.29197185862469 1.8586853169909157 55.340520205035965 26.56806 -2.113697 55.47262
133 27.027365054754863 1.903159238904903 55.28239998528383 27.30492 -2.167614 55.48963
134 27.763980184190387 1.9833625352514734 55.31297431382639 28.04413 -2.226546 55.49768
135 28.49629642480103 2.0548832425843075 55.33881178253963 28.77765 -2.288673 55.51027
136 29.23037851836607 2.118576628453154 55.33776664918669 29.51232 -2.343893 55.52232
137 29.964134077448975 2.173699741806834 55.34945385386243 30.2463 -2.395401 55.5362
138 30.701098413819057 2.2498737099084867 55.36577689718302 30.98559 -2.445222 55.54859
139 31.438368076113406 2.328541173977233 55.406551833815314 31.7263 -2.496112 55.56188
140 32.1740144576698 2.404506005481596 55.37680711767105 32.46495 -2.537443 55.58466
141 32.91667030152665 2.450538288143176 55.38513404166635 33.2074 -2.578228 55.61348
142 33.654905959955215 2.5496621457677295 55.41011382555589 33.95101 -2.620601 55.63975
143 34.4029834467925 2.5959925775246666 55.423394492159595 34.69841 -2.667716 55.67316
144 35.1471591259932 2.640946236664568 55.45714543355541 35.44252 -2.711893 55.7093
145 35.89911865471559 2.7140287067577322 55.51821220201155 36.19785 -2.761384 55.74855
146 36.650738229650884 2.7859118385427064 55.55158456362824 36.95093 -2.812393 55.78704
147 37.39874440596213 2.8567312685533084 55.642736163472684 37.70474 -2.867554 55.8266
148 38.15801990406265 2.935688643129346 55.677890756746685 38.46575 -2.922992 55.86855
149 38.92202143260624 3.0047386698326326 55.64596195726539 39.23007 -2.973413 55.92107
150 39.69380731485505 3.0832322883638157 55.64949917585073 40.0022 -3.024315 55.97631
151 40.46585440767754 3.145759732224157 55.738578785288766 40.7783 -3.080932 56.02494
152 41.24412717850955 3.192322971674978 55.783181617960075 41.5555 -3.135919 56.07788
153 42.03075980627726 3.2402256103782463 55.80322840477306 42.33951 -3.188774 56.1413
154 42.823403726016636 3.3005729663878194 55.82252085736105 43.13031 -3.244326 56.20333
155 43.62547025661034 3.370340862686107 55.92884758905392 43.93795 -3.297181 56.26972
156 44.402918959699136 3.4317965709214686 55.97558587266426 44.71372 -3.352539 56.34391
157 45.19339070995588 3.4956496384814573 56.0463435258914 45.5044 -3.40258 56.42297
158 45.99064741641384 3.565403769656515 56.16991666461022 46.30756 -3.461241 56.5081
159 46.80604660406678 3.6084302605122685 56.272535719641745 47.12224 -3.525277 56.60533
160 47.5966751124327 3.677487061606357 56.381952982277646 47.91411 -3.592468 56.70663
161 48.41067118390564 3.726069213906218 56.48958040434342 48.72687 -3.662244 56.81192
162 49.22234088453704 3.759971119601647 56.62611121541243 49.54068 -3.727642 56.92162
163 50.034761511997395 3.81322876730314 56.773498774732126 50.35682 -3.792894 57.04097
164 50.843221172362526 3.8693443138863457 56.916471602549024 51.16788 -3.850124 57.16787
165 51.663390597634304 3.885589224607823 57.064964061620216 51.98907 -3.91255 57.29726
166 52.44588491405953 3.9093349022073807 57.2142748488479 52.77379 -3.968025 57.4249
167 53.23523162598697 3.9198212745708436 57.35116059019812 53.56153 -4.023164 57.56033
168 54.021985654880034 3.953399525452771 57.467283477129335 54.34318 -4.082523 57.69851
169 54.78405457809741 3.989681030523689 57.61025830197657 55.10439 -4.143701 57.83752
170 55.556329321396426 4.030035101371769 57.72329613233629 55.87053 -4.204409 57.9795
171 56.3368193454524 4.090230678653676 57.82766072473139 56.64546 -4.26212 58.12033
172 57.082563453996165 4.116319771762606 57.96756542204 57.38911 -4.318314 58.26251
173 57.835027254408786 4.165758606738334 58.092539665021626 58.13668 -4.369152 58.41357
174 58.572446007438884 4.185124836857819 58.26206486435935 58.87601 -4.420802 58.56727
175 59.3101779517276 4.215023060359263 58.31497988083327 59.59961 -4.467621 58.71611
176 60.02025111042684 4.225716672793063 58.48437079543319 60.31245 -4.516372 58.86609
177 60.72185237142316 4.230892869522301 58.64282085666635 61.01319 -4.564529 59.02108
178 61.41919026608362 4.260869124613117 58.76913320865635 61.70436 -4.614787 59.17238
179 62.101455737079746 4.272269016681302 58.901266481333074 62.38199 -4.657586 59.32091
180 62.78251475659602 4.291256479158205 59.020161893579306 63.05593 -4.706379 59.46843
181 63.454529573043786 4.307636418028296 59.15044667579616 63.72231 -4.758759 59.61689
182 64.10811052652787 4.308952266853562 59.32696460289908 64.3816 -4.814707 59.76019
183 64.75533156982908 4.313199521700371 59.49472768888149 65.03281 -4.867829 59.90218
184 65.39755370976795 4.332533005800817 59.6180007747554 65.67175 -4.913385 60.03522
185 66.02380914785712 4.3569533526905015 59.770951798441146 66.30099 -4.9654 60.16765
186 66.65439036855244 4.3561988778993745 59.860422841998194 66.92208 -5.018319 60.29836
187 67.28379746088365 4.369017416352644 59.9785549703931 67.54573 -5.076711 60.43224
188 67.86449020765212 4.374090125448435 60.08127916791692 68.12018 -5.130339 60.55436
189 68.47304254913975 4.3958752789255495 60.19352886688717 68.72472 -5.182058 60.67792
190 69.0651319095241 4.421518807421219 60.231060072236104 69.30307 -5.231855 60.80309
191 69.65011013229794 4.418727578387202 60.33300549784132 69.88288 -5.285896 60.91928
192 70.21845601922888 4.428947017454624 60.4538873666961 70.44995 -5.342758 61.033
193 70.76986340965304 4.41467469661694 60.568298880362825 71.00066 -5.393054 61.14039
194 71.32159373793166 4.444926212225338 60.63446903252337 71.54538 -5.440828 61.24382
195 71.8639211487332 4.45309827876346 60.7404990041861 72.08654 -5.485365 61.34673
196 72.39460167159312 4.496547155713559 60.871501543664884 72.62287 -5.532216 61.45078
197 72.9348131991193 4.506263731566638 60.96062911539502 73.15814 -5.583135 61.55451
198 73.48145976511958 4.5248322480872885 61.05228217480556 73.70114 -5.63017 61.65701
199 74.0224350077031 4.549664363740168 61.15562600494516 74.24267 -5.676448 61.7495
200 74.57068047238747 4.550384832041576 61.23837197815499 74.78759 -5.7208 61.84178
201 75.12053986059344 4.5650337118107 61.33940468598899 75.33524 -5.768173 61.94475
202 75.66678469589678 4.586380510268973 61.482849623233236 75.88674 -5.817062 62.05821
203 76.21660189230248 4.622025202871104 61.588998331759896 76.43447 -5.862448 62.17121
204 76.78522695040937 4.616272301285493 61.66012561089572 76.9926 -5.912287 62.29135
205 77.3695273379479 4.62793276767343 61.76014953286915 77.56843 -5.961148 62.42394
206 77.93310051449332 4.677727156586256 61.87294120016463 78.12868 -6.008758 62.55305
207 78.49739857931324 4.6976671027970065 62.01809742447002 78.69259 -6.059871 62.69195
208 79.07110884580868 4.755185318635268 62.2290351792711 79.28502 -6.107865 62.8458
209 79.65069856023163 4.772465378288785 62.334603583017135 79.85086 -6.150779 63.00502
210 80.25502412670328 4.800050675504297 62.506116459741484 80.4534 -6.192815 63.17985
211 80.85280902698547 4.8305579408001185 62.6769121458544 81.04837 -6.239009 63.35684
212 81.4573823546187 4.86467839762632 62.86945241999317 81.65468 -6.285674 63.54111
213 82.07997648749908 4.902484025229313 63.02976063015554 82.26579 -6.324963 63.74049
214 82.72140701892104 4.902234515143055 63.20242873173903 82.89509 -6.371173 63.94808
215 83.3601423810848 4.930592763811674 63.42631933756917 83.53476 -6.414738 64.1668
216 84.00996159859382 4.976070263928644 63.68421219419777 84.19403 -6.458457 64.39981
217 84.6837293681577 5.010339241150191 63.90391488784784 84.86139 -6.498607 64.63735
218 85.36672147390875 5.036131711512222 64.1421068662148 85.53876 -6.545009 64.88814
219 86.05379411139067 5.078504095115346 64.40385517195224 86.22445 -6.585584 65.15377
220 86.76647607268794 5.0845884477953724 64.65299551004091 86.92746 -6.605047 65.4284
221 87.46258338573756 5.155447954506046 64.93979853344989 87.63165 -6.624344 65.70333
222 88.19245143077998 5.198976587199392 65.218049207889 88.35787 -6.646336 65.99341
223 88.90338556163863 5.244850714106212 65.5315470919804 89.07692 -6.684073 66.28897
224 89.62009739842881 5.310194016721845 65.83505917749285 89.79244 -6.725361 66.59944
225 90.35329053827517 5.343443387631621 66.08316085121821 90.50245 -6.763694 66.90709
226 91.03680953289813 5.439649141035145 66.45944490361838 91.2181 -6.813377 67.22868
227 91.74388450507273 5.509253291630545 66.7804577581354 91.92183 -6.870738 67.55932
228 92.42341627106062 5.578342290207023 67.13573308044904 92.60904 -6.914272 67.90371
229 93.13582416213069 5.5942237726828825 67.41191975591414 93.28887 -6.975179 68.24748
230 93.82226117375586 5.632410025463778 67.71883110463008 93.9613 -7.03488 68.58083
231 94.50329700471227 5.672118180730677 68.0455204541348 94.63312 -7.110019 68.92013
232 95.14392362214971 5.742948207847377 68.37739319301866 95.27546 -7.183014 69.2482
233 95.79177454446837 5.800598009940735 68.7233353354276 95.92749 -7.259679 69.5824
234 96.4309694301154 5.8701662047470125 69.08522856050243 96.58342 -7.329268 69.91299
235 97.08048638286436 5.913835911104853 69.3565751076231 97.20647 -7.398532 70.23613
236 97.74811214521446 5.954212777565809 69.63494421890745 97.84561 -7.469536 70.56975
237 98.35406110983999 5.9855352289086685 69.92132874300074 98.43505 -7.533159 70.88389
238 98.95141970006975 6.027946554492023 70.23931219348987 99.03309 -7.592121 71.19793
239 99.54677725880192 6.063844124553641 70.55255993028157 99.6279 -7.650212 71.50888
240 100.09809330938891 6.12274895770767 70.9158539098976 100.2122 -7.709739 71.81621
241 100.67590763215124 6.16263097797131 71.22198210069259 100.7869 -7.766662 72.12549
242 101.25073157702344 6.173042276970152 71.51782094151423 101.353 -7.82354 72.43265
243 101.80109091842155 6.227749836692581 71.8258079820615 101.9055 -7.88334 72.73582
244 102.34467447441243 6.280064121204205 72.11567156316188 102.4447 -7.943074 73.03236
245 102.88858139444858 6.315320137094884 72.40532457934559 102.983 -8.002376 73.32849
246 103.43733473859709 6.350237544251924 72.66047066820302 103.5115 -8.05369 73.6209
247 103.94892172970452 6.392203592474699 72.97197451804634 104.0361 -8.096619 73.90981
248 104.44412542698767 6.438638695928182 73.28959295138006 104.5505 -8.139292 74.19588
249 104.9366177950771 6.5029200890243 73.60086581085272 105.0601 -8.181955 74.48234
250 105.45383529818562 6.528396420705077 73.8618439889199 105.564 -8.22375 74.76626
251 105.91296050734304 6.576320459073687 74.2104488443703 106.0641 -8.265059 75.05403
252 106.42867115031042 6.616312688361643 74.4727220353292 106.565 -8.308372 75.34311
253 106.9115124176556 6.656635921829295 74.78497702774919 107.0595 -8.363102 75.63421
254 107.36710803532786 6.684951322477482 75.11792834395017 107.5403 -8.418748 75.92569
255 107.86003157373615 6.714911487354213 75.41795534571433 108.0289 -8.475876 76.22883
256 108.36208791508913 6.755641096739369 75.68400376438206 108.5079 -8.530283 76.53231
257 108.86169734558656 6.758853761247209 75.97514458901128 108.9938 -8.586122 76.8408
258 109.34726507888034 6.810989231738929 76.30382022636451 109.4846 -8.642339 77.16092
259 109.85978652796594 6.860775853650678 76.61720370805237 109.9856 -8.706456 77.48994
260 110.37785111428809 6.889701232234662 76.9440585811897 110.4964 -8.763095 77.82451
261 110.89831030635213 6.910805809567447 77.28779064708938 111.0125 -8.817849 78.17109
262 111.43173793224119 6.921625470331605 77.6255390864985 111.5367 -8.867411 78.51965
263 111.92866917361783 6.95384340337998 78.0138183492759 112.0557 -8.915374 78.87613
264 112.44402446949641 6.979976848069026 78.40283834874582 112.5829 -8.963221 79.24678
265 112.99480800365184 7.002185013679153 78.76041490566683 113.1161 -9.011645 79.62766
266 113.56716690991492 7.042821638373317 79.12253516094646 113.6686 -9.057118 80.01888
267 114.13002817627678 7.086150669288795 79.52613767891363 114.2286 -9.105368 80.42589
268 114.70345305626206 7.11185314238891 79.93960688702882 114.7933 -9.158005 80.84871
269 115.33019312398879 7.1560777461384095 80.29723048436696 115.3671 -9.217043 81.28451
270 115.88903272772984 7.1755197518085705 80.77190232942107 115.9476 -9.273702 81.72926
271 116.44296815218284 7.234075882900768 81.26409812524687 116.5301 -9.317811 82.18891
272 117.02072064800385 7.223687613912495 81.74302610602166 117.1091 -9.366338 82.66397
273 117.61963120452498 7.247469039113537 82.22180942287693 117.7001 -9.410224 83.15109
274 118.16293249046015 7.299205876277866 82.78204867042872 118.2986 -9.457628 83.65236
275 118.77160855083686 7.336449458910013 83.29417097197202 118.9071 -9.501459 84.16417
276 119.37165612629546 7.364009902184047 83.83486094033539 119.523 -9.549903 84.68521
277 120.00519167848071 7.371970592575942 84.38326005372073 120.1636 -9.590647 85.22386
278 120.59175945309781 7.424314127380406 84.93725627576012 120.7812 -9.63523 85.74376
279 121.1701884105406 7.471165271016524 85.56348061206512 121.4334 -9.682937 86.29266
280 121.87208508497078 7.513638161119721 86.05800377606268 122.0849 -9.728697 86.85165
281 122.5065834797999 7.55583803598778 86.62371589434933 122.73 -9.773963 87.405
282 123.18174295389016 7.601845746374006 87.16434524437777 123.3777 -9.820354 87.97821
283 123.82026530658432 7.634306056248562 87.74653751132551 124.0203 -9.868055 88.55484
284 124.48061091481884 7.710638152456661 88.3450541811634 124.6768 -9.916275 89.16047
285 125.11092287972704 7.771074025725398 88.94132045683207 125.3111 -9.964397 89.75362
286 125.73606446421431 7.811669245448954 89.57642032178983 125.9636 -10.01373 90.35993
287 126.37298560042038 7.876584919958803 90.21052441045104 126.619 -10.0578 90.97676
288 127.01629861751972 7.921455443830389 90.84427325109536 127.2756 -10.10087 91.59686
289 127.65560413276651 7.979221867324737 91.47688455591981 127.9271 -10.14276 92.21818
290 128.2816154006124 8.058506114493788 92.1245042701664 128.5815 -10.1842 92.84078
291 128.91289773446178 8.126275375383658 92.75778152780961 129.2245 -10.23342 93.4639
292 129.58883373839785 8.185400262394513 93.37694627714448 129.8788 -10.28691 94.10638
293 130.173019962764 8.271253532878992 94.05159227298817 130.5065 -10.3407 94.74426
294 130.81520757327368 8.334430286796367 94.71057082838458 131.1491 -10.39963 95.40323
295 131.4557820911716 8.394606400502125 95.37927812261657 131.7916 -10.456 96.07042
296 132.07496061791016 8.464774867892666 96.06420511690864 132.4272 -10.50523 96.742
297 132.67168562900358 8.541244665486191 96.77000717222695 133.059 -10.55248 97.41926
298 133.29260610503093 8.62472509446281 97.456359685829 133.6847 -10.60432 98.10439
299 133.90924044518573 8.696620680737244 98.16269847141005 134.3191 -10.66004 98.79631
300 134.50803290125612 8.79190558757505 98.88216105173103 134.9539 -10.71551 99.48856
301 135.14880976383256 8.860748218226783 99.59458790874275 135.6011 -10.77139 100.1963
302 135.75250436954232 8.94498663037391 100.28899618998358 136.2215 -10.81998 100.8793
303 136.3705761110757 9.021002545952204 100.99798758125479 136.8528 -10.86978 101.5789
304 136.97152804509045 9.124281420452075 101.71999906917306 137.4843 -10.91832 102.2803
305 137.58668934475574 9.210371302720917 102.4401318447534 138.1207 -10.96869 102.9852
306 138.224599581517 9.296835306502915 103.1609865737281 138.7684 -11.01807 103.7008
307 138.83066790441922 9.389746335331802 103.85247053384316 139.3904 -11.06529 104.3827
308 139.42533476371943 9.473312337821257 104.5708025657601 140.0213 -11.11507 105.0727
309 140.03258183589713 9.557622773737762 105.30146350944547 140.6686 -11.1641 105.7715
310 140.67821634543415 9.623824153121667 105.98130926037912 141.3096 -11.21534 106.457
311 141.29863302294078 9.705366819601895 106.67024672975857 141.9472 -11.26171 107.1334
312 141.94430100863335 9.779927874629962 107.34041528126244 142.5933 -11.3094 107.8056
313 142.58970826222847 9.852550416555758 107.98848594555069 143.2295 -11.35965 108.4648
314 143.23114800039326 9.92097185039348 108.63478014496351 143.8589 -11.4107 109.1244
315 143.87840258667728 10.00923999973675 109.28373649507175 144.4994 -11.4626 109.7839
316 144.5476712025757 10.084651288391713 109.93236175160803 145.1538 -11.52141 110.4492
317 145.14595407394276 10.150880838787824 110.61318518641554 145.7899 -11.57854 111.0957
318 145.78932375413478 10.216836365964797 111.28529735260837 146.4484 -11.63357 111.754
319 146.40753446672485 10.279167115744219 111.92418195671998 147.0826 -11.68264 112.3782
320 147.09641283192357 10.354204878682824 112.50884251379073 147.7333 -11.73221 113.0076
321 147.74655449271356 10.41122765162092 113.15343794254557 148.3963 -11.78416 113.6394
322 148.3948047037699 10.484445144936405 113.77020304218887 149.0522 -11.835 114.2503
323 149.05230011467867 10.550406436895925 114.35824798349601 149.7073 -11.88352 114.8427
324 149.6740732898383 10.636313698731007 114.99887340222047 150.3763 -11.92783 115.4384
325 150.32478325068254 10.715111567293976 115.61683114775651 151.0476 -11.97578 116.0372
326 150.97179072145434 10.809043105250657 116.24385364738679 151.7272 -12.02409 116.6342
327 151.6163926777141 10.868223836158327 116.86631490045825 152.4041 -12.07204 117.2224
328 152.29962692067255 10.964408626916454 117.45270764101342 153.086 -12.12501 117.8158
329 152.96652566534834 11.01757383231921 118.06010549883341 153.7739 -12.17933 118.3992
330 153.6284589082321 11.09360498722197 118.6960004475864 154.4786 -12.23831 118.9893
331 154.31284742668967 11.133993423654834 119.30521812305709 155.189 -12.299 119.5662
332 154.97900775695942 11.202983461574524 119.95539815961831 155.9127 -12.36503 120.152
333 155.69125316441145 11.264981143153262 120.5530953671928 156.6454 -12.42646 120.7245
334 156.37626393518212 11.312011145806096 121.18990493345152 157.3838 -12.47643 121.2983
335 157.077428515594 11.36507293048398 121.81852257612682 158.1338 -12.52578 121.8681
336 157.86221700971518 11.41045421186184 122.36587961718456 158.9058 -12.58374 122.4322
337 158.61053774942155 11.471259203864989 122.89338077507219 159.646 -12.63933 122.9716
338 159.33872515445265 11.5224657814919 123.46785486366264 160.4008 -12.70216 123.5094
339 160.08620596143814 11.62782983984865 124.07882124571235 161.1947 -12.77762 124.0636
340 160.77558784270974 11.723653997053768 124.69702491665772 161.9638 -12.85193 124.5828
341 161.45674504974994 11.780461869474593 125.31443857525966 162.7291 -12.9194 125.0909
342 162.23309969254794 11.833184283293042 125.81693629195811 163.4987 -12.98726 125.6019
343 162.98584622007246 11.888504364615875 126.35691271181568 164.2698 -13.05527 126.1138
344 163.76307159528292 11.950017988111226 126.83955773701891 165.0417 -13.12226 126.6042
345 164.513534717404 12.026470771506085 127.33837405706812 165.8008 -13.18289 127.092
346 165.22424378414445 12.116600353975153 127.87796537771446 166.5531 -13.23954 127.577
347 165.9542300721148 12.15797966547775 128.36814529320966 167.2915 -13.29978 128.0524
348 166.71406736497772 12.202394446168947 128.83804465023292 168.0469 -13.36429 128.5271
349 167.41565613492054 12.290054020907524 129.30955097812978 168.764 -13.42431 128.9792
350 168.12652599135544 12.35085640051831 129.76159593855508 169.4764 -13.48459 129.4289
351 168.84489256261966 12.406058620814505 130.21296748635623 170.1931 -13.54899 129.8817
352 169.51964011364902 12.490540339594991 130.71487382619645 170.9121 -13.61181 130.3215
353 170.22952710361275 12.541410677655985 131.14583399858572 171.6213 -13.67121 130.7525
354 170.9294427499108 12.60351391333964 131.56641461224356 172.3205 -13.72813 131.175
355 171.65598548794767 12.612835371120298 131.9207268631335 173.0101 -13.7841 131.5931
356 172.35098719886165 12.652704696962338 132.3049654076388 173.6861 -13.84508 132.0073
357 173.018060782726 12.696569465407661 132.7202126856547 174.3545 -13.90627 132.4182
358 173.7241656405493 12.759469743132216 133.08210296587853 175.035 -13.96378 132.827
359 174.41642198376888 12.778929943984592 133.40644150314324 175.6897 -14.01825 133.2184
360 175.09269866297362 12.815556647393388 133.8004751409982 176.3532 -14.07865 133.6308
361 175.75832569841495 12.86693934994391 134.18084383065107 177.0072 -14.134 134.0303
362 176.37302075491803 12.914778565724225 134.60932760985884 177.652 -14.18089 134.4121
363 177.0092310736573 12.963450137233881 134.98369407477853 178.2937 -14.22293 134.7778
364 177.65447352173766 12.9986866211909 135.3334099334318 178.9314 -14.26465 135.1404
365 178.2944982378405 13.045849072859744 135.67250047816884 179.5573 -14.31261 135.5048
366 178.93019380969915 13.095998306149944 135.99826851898882 180.1748 -14.36322 135.8638
367 179.5126993469331 13.153738192203837 136.3854632300197 180.7795 -14.41258 136.2166
368 180.1334577560327 13.197667262585007 136.71014762740825 181.3913 -14.45852 136.5576
369 180.73185714189182 13.23224469659736 137.04560995921395 181.9903 -14.50312 136.8908
370 181.3048971918368 13.267670239623753 137.40033110456662 182.5812 -14.54745 137.2138
371 181.87927820681722 13.303835572608996 137.73927235083232 183.1665 -14.59096 137.5326
372 182.44715753396352 13.35122316730593 138.07174397453676 183.7467 -14.63103 137.8441
373 183.03566560705414 13.365728361991467 138.36615064503576 184.3283 -14.67151 138.1496
374 183.61500974240775 13.381768355405095 138.67413311376194 184.9104 -14.71237 138.45
375 184.19973941217754 13.432862736180788 138.99024929563828 185.5029 -14.7551 138.7526
376 184.77495186934314 13.468707223890275 139.32851842329012 186.0967 -14.79763 139.0562
377 185.36495939459223 13.512966278939121 139.6587433778221 186.7023 -14.84501 139.3564
378 185.95910703301772 13.541164211060014 139.99377860414543 187.3167 -14.89366 139.65
379 186.6174164320389 13.528675474102833 140.19721950836475 187.939 -14.94259 139.942
380 187.21335705962503 13.552391782335857 140.54869351027108 188.564 -14.99292 140.2354
381 187.82638828175078 13.572089725850716 140.88400729960918 189.1978 -15.03908 140.5266
382 188.4591136518935 13.619360885557624 141.19314794775775 189.8399 -15.08795 140.8155
383 189.1022103926741 13.671292044192406 141.50629571217607 190.4965 -15.14579 141.0981
384 189.78086819105508 13.69163260965841 141.77420760532974 191.1667 -15.20551 141.381
385 190.46846243055845 13.709662094790112 142.03073698350633 191.8455 -15.26383 141.6544
386 191.15953608796056 13.750482840370077 142.31580225967156 192.5394 -15.32526 141.9287
387 191.86590181166375 13.776417425482666 142.59558042764098 193.245 -15.38822 142.2045
388 192.58269429669735 13.79849049494156 142.8805767537647 193.9627 -15.45199 142.4808
389 193.31307763830003 13.823245200072702 143.1681580662368 194.6963 -15.51367 142.7543
390 194.08568679338123 13.85070124982346 143.41929335490966 195.46 -15.57305 143.0263
391 194.83573558852558 13.891965506875765 143.69917659858888 196.2138 -15.62684 143.2937
392 195.6154939708436 13.928949461108123 143.95364097081824 196.9859 -15.68196 143.5675
393 196.40722541527393 13.980359943587201 144.2043299994803 197.7721 -15.74033 143.8336
394 197.19848777237056 14.009894068231688 144.45959208954338 198.5592 -15.79846 144.0967
395 197.9725893560801 14.055194193459187 144.73061931908455 199.3386 -15.85428 144.35
396 198.7858559836304 14.10930648275077 144.96994936475497 200.1451 -15.92437 144.6074
397 199.57425161695778 14.008555797619278 144.6071894203071 200.9751 -16.00532 144.8679
398 200.42120848088373 14.071166447623524 144.88200621319783 201.8244 -16.08857 145.1297
399 201.26954217827046 14.136048058293273 145.2120898883092 202.6924 -16.17598 145.3976
400 202.1140425469517 14.194590398320358 145.4587963319247 203.5316 -16.26124 145.6544
401 202.94687429722907 14.26609878466246 145.7233408062814 204.3673 -16.33869 145.908
402 203.83439920401847 14.324709193516654 145.97731676853456 205.2495 -16.42655 146.1719
403 204.67985738134738 14.396221988974794 146.26470622915105 206.1048 -16.51609 146.4228
404 205.54735146516532 14.440006070901958 146.5622729994911 206.9819 -16.6098 146.6776
405 206.42834938091397 14.491949696628936 146.8140069475252 207.8609 -16.69858 146.926
406 207.31390543525188 14.562488775325434 147.065910796448 208.7471 -16.78439 147.1708
407 208.2001184712225 14.650612552022265 147.33976898047112 209.644 -16.8739 147.4068
408 209.12825719343337 14.655013312865057 147.48800234289945 210.5492 -16.96319 147.6436
409 210.04776913529722 14.711143023230328 147.70957001198505 211.462 -17.05443 147.8807
410 210.97627700433472 14.74352328682518 147.92022038147203 212.3811 -17.14388 148.1148
411 211.88255848651198 14.82256312510993 148.20319218824167 213.3004 -17.23376 148.3482
412 212.8079496327479 14.892873421145111 148.44937361654127 214.2272 -17.32239 148.5829
413 213.71312569171485 14.993858046410676 148.75940719171177 215.1568 -17.41109 148.8145
414 214.63922329820073 15.055746815861061 149.00700292345408 216.0841 -17.50032 149.0489
415 215.57088546220038 15.108158384169167 149.22039066836692 217.0093 -17.58912 149.2778
416 216.5079907156387 15.168716248141598 149.40199992663696 217.9343 -17.67768 149.5044
417 217.43195770538784 15.21952620612284 149.64416655031542 218.8603 -17.76862 149.7262
418 218.3723602691236 15.258647538756088 149.85281229566445 219.7937 -17.85886 149.9499
419 219.29483270817215 15.306908751175163 150.09437276733067 220.7197 -17.94623 150.1656
420 220.22004544153626 15.370806393301203 150.31866534266854 221.6448 -18.03413 150.3821
421 221.16180389309224 15.405139644108464 150.49413773169846 222.5742 -18.12038 150.6004
422 222.08801171031814 15.463427710279902 150.74582467762852 223.5075 -18.20847 150.8144
423 223.00374511000294 15.510020680626758 150.91264668281974 224.4121 -18.29363 151.0218
424 223.9302277006675 15.539217227832152 151.09084864472456 225.3277 -18.38635 151.2317
425 224.89009091082443 15.578661756725282 151.2517983245244 226.2731 -18.4808 151.4464
426 225.79172114533924 15.61734347195011 151.43053694238864 227.1676 -18.56752 151.6432
427 226.7329265804043 15.658370779297362 151.6236936731951 228.1038 -18.65508 151.845
428 227.63778178693258 15.698523531504707 151.81563489495014 229.0056 -18.73661 152.0382
429 228.55083745565057 15.763526479151638 152.01440327955694 229.9189 -18.81652 152.2303
430 229.47754517345192 15.78197128956077 152.17714436944001 230.8378 -18.89376 152.4181
431 230.38621447207296 15.862768342667467 152.4135996665954 231.7587 -18.96992 152.6032
432 231.321046710468 15.912269316762188 152.58223886613385 232.6895 -19.04112 152.7858
433 232.24838858920387 15.982040492755083 152.7556281834034 233.6155 -19.11494 152.9646
434 233.165683298213 16.021050000896402 152.9296052221137 234.5305 -19.18701 153.1401
435 234.0935487146372 16.04943277133048 153.06346494811996 235.4493 -19.26118 153.3132
436 235.0249531641543 16.090374218622678 153.22780088367082 236.3787 -19.33366 153.478
437 235.9371461950165 16.142140660118514 153.39459462600334 237.2897 -19.41011 153.6418
438 236.84564338124832 16.18949635978495 153.57904587679334 238.1998 -19.49555 153.8032
439 237.7522464491226 16.22465443236181 153.74707518897915 239.1054 -19.5793 153.959
440 238.67059697653283 16.27304626828216 153.88559612104942 240.0191 -19.66444 154.11
441 239.57585875994997 16.3157215844327 154.09840539663642 240.9342 -19.75257 154.2564
442 240.4978896057184 16.339290885868465 154.22387548821746 241.85 -19.83999 154.3982
443 241.4127541569617 16.375843093504567 154.36787282532924 242.7628 -19.92378 154.5354
444 242.32136219518776 16.41937623674852 154.50035381230583 243.6688 -20.00434 154.6684
445 243.23228871182388 16.43591325402636 154.6248683895598 244.5757 -20.08388 154.7979
446 244.1275304122582 16.462846697965734 154.79075072587386 245.4743 -20.16399 154.9236
447 245.02683221052496 16.499971292754175 154.88942787113047 246.3684 -20.24532 155.0412
448 245.92942833909592 16.520900693504853 155.0327103588005 247.2733 -20.3235 155.1446
449 246.8343960549256 16.551361233899584 155.12890429252215 248.1739 -20.40379 155.2524
450 247.73002609703016 16.578694103655295 155.25949240228206 249.0698 -20.48204 155.3582
451 248.62095928689425 16.60456265081584 155.31944097996708 249.9549 -20.55749 155.4527
452 249.50076527344413 16.625743243115775 155.43432770957847 250.8345 -20.6346 155.5425
453 250.39055533479336 16.677578057241174 155.5591486339811 251.7259 -20.71972 155.6328
454 251.28445418799942 16.72745148267896 155.68088735654706 252.6209 -20.80615 155.7215
455 252.18052806784664 16.76265713797885 155.7681745222155 253.5136 -20.89449 155.8057
456 253.07180008408633 16.782704091104858 155.86091553330772 254.4024 -20.98217 155.8813
457 253.95438779055996 16.812907006863465 155.94114273792874 255.2821 -21.06516 155.9558
458 254.83713038610907 16.8298737671144 156.01924893134392 256.1621 -21.14494 156.0255
459 255.72208120377667 16.849467495784666 156.06877410682281 257.0428 -21.22381 156.0897
460 256.6024099793762 16.863551584831658 156.12674198919876 257.9199 -21.30232 156.1451
461 257.47650766439205 16.856808047389453 156.16109026648846 258.7907 -21.3755 156.1854
462 258.34501827879444 16.887438594093236 156.24187581457088 259.6601 -21.44205 156.224
463 259.2151103532107 16.89063486802048 156.22244985330943 260.527 -21.51116 156.258
464 260.0902248969423 16.91565624736176 156.21960620681443 261.3989 -21.58418 156.2883
465 260.96374360635724 16.89282764366195 156.1581154493376 262.2717 -21.65347 156.3158
466 261.8330214452157 16.943522125948036 156.20101743571772 263.1403 -21.72636 156.3324
467 262.69769395325153 16.915198804752894 156.12307581510734 264.006 -21.79663 156.3451
468 263.5587485309521 16.938083444351967 156.17047234548096 264.8657 -21.86707 156.3569
469 264.42560937957427 16.943769263468575 156.18390056155346 265.7295 -21.94115 156.3616
470 265.2926792754661 16.94732276151073 156.23052095183223 266.5945 -22.0171 156.3599
471 266.1574413247017 16.969352182976465 156.1559770373135 267.4594 -22.09328 156.3596
472 267.02041400690143 16.965649548697954 156.10618492572553 268.3206 -22.16749 156.3531
473 267.8848509727309 17.00155103089416 156.0947252667584 269.1826 -22.2424 156.3491
474 268.74453170986425 17.028545620191405 156.10385236654116 270.0395 -22.31694 156.3437
475 269.6016447798324 17.0221166357994 156.0916236973797 270.8934 -22.39231 156.3409
476 270.45549880756084 17.035872911227234 156.10057734570128 271.7439 -22.46937 156.334
477 271.30264991228273 17.08158777534633 156.10805206088006 272.5882 -22.55275 156.33
478 272.155015143937 17.098876063034826 156.0914153972797 273.4367 -22.63729 156.3283
479 272.96225614923827 17.129895724562985 156.1002392036527 274.2406 -22.71743 156.3276
480 273.7815395464793 17.15164544782914 156.1023394281968 275.0562 -22.79801 156.3301
481 274.5902375384913 17.171610588360963 156.0761603663478 275.8616 -22.87783 156.3361
482 275.3972810784662 17.18993407943225 156.04842775270097 276.6656 -22.95477 156.3455
483 276.18260897538624 17.230457330780354 156.06234306870178 277.4484 -23.02961 156.3596
484 276.96110760797484 17.256959754736766 156.06008406846252 278.2238 -23.10166 156.3778
485 277.72586535450625 17.29323957176756 156.08592756080446 278.9862 -23.17205 156.4029
486 278.480072275539 17.326221205272784 156.0594323439211 279.7382 -23.23843 156.4295
487 279.22442664759024 17.35019472377786 156.09364362449742 280.4806 -23.30168 156.455
488 279.9672906976968 17.368999767578448 156.0919494323729 281.2202 -23.36731 156.4848
489 280.68898394303227 17.368971703748116 156.10227392992104 281.9382 -23.43189 156.5202
490 281.4043323207608 17.38792444306502 156.15131134985288 282.6515 -23.49597 156.56
491 282.0891315750855 17.431247655298446 156.22274075176912 283.3383 -23.55164 156.5937
492 282.76589339276177 17.45397099122637 156.1988216853203 284.0121 -23.6105 156.634
493 283.43271338063016 17.472776264995485 156.2086667580812 284.6753 -23.6696 156.6761
494 284.0877442053124 17.49326127244579 156.23903719083947 285.3276 -23.7268 156.7166
495 284.71652009831814 17.534668363845825 156.36846577947645 285.967 -23.78128 156.7616
496 285.344736304013 17.563671750515216 156.41468584940387 286.5937 -23.83446 156.8069
497 285.9637277619877 17.5784712282162 156.43989625428296 287.2092 -23.89017 156.8523
498 286.56562013388435 17.593167973416865 156.50612186287253 287.8108 -23.94344 156.8983
499 287.1621707811901 17.613188307731576 156.59688119194112 288.4106 -23.99582 156.9431
500 287.72920526435513 17.627233605820347 156.63274911777177 288.9746 -24.04626 156.9918
501 288.30443990654294 17.64132581981605 156.70159046313762 289.5493 -24.10169 157.0416
502 288.8688955924577 17.655459666780516 156.69065230019925 290.1099 -24.15117 157.0886
503 289.4218132311571 17.66057816594062 156.72883038529264 290.6604 -24.19669 157.1342
504 289.9611384678716 17.67492809782833 156.7838393936248 291.199 -24.24004 157.1804
505 290.4862318938847 17.68550718452884 156.87444820601286 291.7281 -24.28194 157.2288
506 291.0026597548912 17.69886188306553 156.9649698415661 292.2488 -24.32193 157.2772
507 291.51394239519055 17.700011111291907 157.0220081962322 292.7596 -24.36116 157.3242
508 292.0133519882582 17.695983817783407 157.08442083645048 293.2587 -24.40494 157.3722
509 292.5076034327349 17.73216759279497 157.13617899482773 293.7527 -24.44767 157.4213
510 292.99428304634097 17.739500846301045 157.18205745593156 294.2374 -24.49148 157.4678
511 293.47794512224294 17.753012742824396 157.27052544667717 294.7246 -24.53746 157.5174
512 293.9565988194018 17.767121409763533 157.37364185523273 295.2096 -24.58496 157.567
513 294.44794335056184 17.782783823338008 157.44852558243775 295.702 -24.63307 157.617
514 294.9470168060367 17.788442317157322 157.5027002664525 296.1993 -24.67824 157.6689
515 295.4515331762852 17.814093550002582 157.4649776670614 296.7013 -24.72333 157.7197
516 295.9596180514545 17.83247005477654 157.52489070484506 297.209 -24.77055 157.7654
517 296.47478677718806 17.822233125967088 157.53123017758364 297.7199 -24.82169 157.8091
518 296.98794264245697 17.83325059068963 157.6393272150602 298.2403 -24.87488 157.8477
519 297.517954731545 17.846761325454796 157.67664470515066 298.7679 -24.92374 157.8894
520 298.06340801622326 17.85679511205867 157.72226005081492 299.3114 -24.96956 157.9364
521 298.6138135851472 17.89092767118398 157.8140332958542 299.8664 -25.02054 157.9801
522 299.18425707313475 17.910777625292152 157.8368038455736 300.4328 -25.085 158.0169
523 299.7683234682645 17.93132675886809 157.86136908095773 301.0133 -25.15046 158.0468
524 300.35738491357944 17.962305369409588 157.88392372199525 301.5988 -25.21321 158.0882
525 300.9411068255601 17.990965520299973 158.00133819991274 302.1893 -25.27483 158.1416
526 301.54556286093424 18.029930952438274 158.01524750967585 302.7896 -25.33868 158.193
527 302.1674107755505 18.079214363719117 158.04215785266715 303.4095 -25.40269 158.2314
528 302.7985546178455 18.094638340538516 158.0926517351893 304.0385 -25.46722 158.2678
529 303.44435445224957 18.119841393521938 158.1271627827542 304.6811 -25.53204 158.3096
530 304.09493818354684 18.151968629009403 158.21209046617528 305.3328 -25.59815 158.3588
531 304.75467373002243 18.196386846179212 158.300708095911 305.9952 -25.66221 158.4057
532 305.4286544628584 18.220106901237607 158.33031202054684 306.6661 -25.72467 158.4467
533 306.1111370750334 18.26404123002762 158.40174869482985 307.3491 -25.79503 158.4838
534 306.81408886549303 18.310638778317745 158.42997157885975 308.0487 -25.86821 158.5319
535 307.51099596683144 18.32059417143779 158.53171529980548 308.7476 -25.94126 158.5802
536 308.2246090034001 18.346226443149515 158.56126862087515 309.4569 -26.01685 158.6244
537 308.9473976214113 18.35495037197651 158.5528199026767 310.1745 -26.09606 158.6611
538 309.66862113823083 18.394690132649195 158.64298130133545 310.8972 -26.1748 158.6982
539 310.40621653147804 18.465634793402337 158.6305136082406 311.6329 -26.25448 158.7386
540 311.1572657840079 18.481195208580534 158.69730835843666 312.3814 -26.34091 158.7711
541 311.91871569350116 18.499978879553133 158.76098327215914 313.1397 -26.43175 158.8018
542 312.6879977708075 18.55537213701825 158.76671135758238 313.9052 -26.52053 158.8338
543 313.46254600174746 18.599128356272406 158.80380098988542 314.6762 -26.60789 158.8676
544 314.24368076589695 18.647307095323576 158.82648988013102 315.4536 -26.69381 158.9033
545 315.03249470222266 18.701386952308088 158.88072987023864 316.2406 -26.78025 158.9387
546 315.83340197939214 18.72963406781613 158.92566966043077 317.0373 -26.87072 158.9755
547 316.64373103841774 18.768207789999632 158.9702099304736 317.8436 -26.96318 159.0134
548 317.4516989334742 18.809541276500635 159.07449247720004 318.6531 -27.05549 159.0532
549 318.2776832172126 18.845715040359075 159.15651023092096 319.4779 -27.14548 159.0967
550 319.10493182709513 18.882018238368456 159.21235461525626 320.3018 -27.23538 159.1401
551 319.9410628275229 18.93079569422649 159.31210494770505 321.1391 -27.32655 159.1855
552 320.78378155873804 18.996010154291685 159.4057088832929 321.9833 -27.4181 159.2317
553 321.6394981360985 18.997687542869635 159.35284891736325 322.8344 -27.50858 159.2816
554 322.4967685033364 19.055664890447233 159.43073646144842 323.6909 -27.59901 159.3323
555 323.35944422085487 19.12146540007381 159.54052385524585 324.5567 -27.68936 159.3854
556 324.2392109214608 19.15887586801598 159.6297308252273 325.435 -27.78207 159.4432
557 325.1173579334872 19.242193333574942 159.70230222525552 326.3133 -27.8748 159.501
558 326.00333189153554 19.322439536944955 159.77598495460813 327.199 -27.96791 159.5617
559 326.89999857471776 19.377096834533546 159.84871304747003 328.0932 -28.06283 159.6224
560 327.8004052753728 19.42774682263791 159.88485544667708 328.9883 -28.15786 159.6885
561 328.7040963379772 19.49269415428691 159.9491016106132 329.888 -28.25775 159.7631
562 329.6074671888808 19.54481565811382 160.04228870294136 330.789 -28.35861 159.8373
563 330.5195245579459 19.565446732711333 160.1340125842102 331.697 -28.45992 159.9145
564 331.4331152457272 19.601182361920475 160.22273646151652 332.6065 -28.5625 159.9925
565 332.342111673294 19.6338698216346 160.3671650485352 333.518 -28.66639 160.0736
566 333.25869356061185 19.680282926541178 160.4683910211603 334.4313 -28.77189 160.1589
567 334.17625140295723 19.732386923767294 160.56683327592685 335.3462 -28.87348 160.2423
568 335.0927135266327 19.81445605362025 160.6251953645922 336.2589 -28.97212 160.3277
569 336.012975065814 19.85338465760661 160.71780532569494 337.1754 -29.07108 160.4126
570 336.92528097698687 19.906249041374476 160.8435724238082 338.0878 -29.17312 160.5022
571 337.8405702116664 19.954747147081946 160.9221650584667 338.9981 -29.27516 160.5872
572 338.7534908291597 20.00431674532637 160.996154354891 339.9061 -29.37509 160.6703
573 339.65225614362873 20.039060067797376 161.14417812545193 340.8083 -29.47693 160.7513
574 340.55505967082235 20.07891459706225 161.27644168764445 341.7122 -29.57782 160.8345
575 341.4659788623756 20.135769743548067 161.29777249114704 342.6161 -29.6802 160.9116
576 342.37413503214236 20.176730638900747 161.38446843549565 343.5205 -29.78018 160.9891
577 343.28387641318454 20.216594643930776 161.4279568836443 344.4236 -29.87756 161.0668
578 344.194331099126 20.2668086467571 161.47145913263756 345.3276 -29.97769 161.1449
579 345.08946636224795 20.29798361397954 161.60204030331028 346.2235 -30.07709 161.2272
580 345.9850967634584 20.333714945027342 161.70657761726608 347.1167 -30.17753 161.3076
581 346.88166940101127 20.37305773910197 161.80170939032843 348.0099 -30.27574 161.3912
582 347.77943400955724 20.405936115465174 161.91854156744563 348.9065 -30.37548 161.4741
583 348.68270381188097 20.452194053045453 162.0045028373341 349.8059 -30.47413 161.5564
584 349.5783763646646 20.486664590161027 162.09103156239692 350.6977 -30.56953 161.637
585 350.4773983487187 20.539129256688064 162.12286882599963 351.5901 -30.66501 161.7177
586 351.3683976762187 20.6006273895891 162.24245985260373 352.4825 -30.76035 161.7983
587 352.2697036488794 20.66673578389524 162.3013473414987 353.3785 -30.8605 161.884
588 353.1668029811627 20.727496444050203 162.39735500314325 354.2731 -30.96097 161.9694
589 354.0652399505959 20.792830748771827 162.49160371126243 355.17 -31.05569 162.0527
590 354.9657772138258 20.850718347402882 162.56464787844385 356.0658 -31.14982 162.144
591 355.86498031732947 20.921206448371 162.6868656867665 356.966 -31.24424 162.2399
592 356.77002427089263 20.98440979415423 162.74396404751863 357.8634 -31.34268 162.3464
593 357.67492246441043 21.055346337663703 162.82350545662837 358.7644 -31.43232 162.4482
594 358.5666924318521 21.124039935087993 163.00362830065976 359.6666 -31.52203 162.5502
595 359.4715253611989 21.195737750544872 163.14002934768027 360.5743 -31.60985 162.6543
596 360.3778245869465 21.253461977106245 163.24110427027358 361.4763 -31.69958 162.7695
597 361.28167348584896 21.315168842795703 163.35399883648304 362.3757 -31.79176 162.8963
598 362.17817680787095 21.365179597218553 163.51301788579966 363.2722 -31.88456 163.0348
599 363.0814845393083 21.43048772339212 163.61920795586866 364.1687 -31.97736 163.1733
600 363.98449042897914 21.519284524726775 163.70637830456846 365.0628 -32.07264 163.323
601 364.88562928789565 21.550218939188294 163.8400670062323 365.9547 -32.16864 163.4848
602 365.7920357164128 21.598295680823988 163.8833455604656 366.8412 -32.26554 163.6594
603 366.70005016950216 21.63392626434776 163.95753328248537 367.727 -32.36548 163.8508
604 367.57303508075864 21.6861195159831 164.17606678015173 368.6005 -32.46696 164.049
605 368.44628547714296 21.751891672502722 164.41021912530633 369.4767 -32.56385 164.2602
606 369.3136168480288 21.793577843363924 164.65806722059097 370.3486 -32.65824 164.4754
607 370.17834181473097 21.87581990452577 164.90747367487364 371.22 -32.75253 164.6956
608 371.05880750442867 21.92653265605823 165.1132337742543 372.0932 -32.84871 164.9156
609 371.93605466542294 21.992504197671 165.3254532545681 372.9644 -32.94965 165.1387
610 372.80743862527754 22.02717179601903 165.58857996213104 373.8419 -33.04904 165.362
611 373.684628703556 22.082538190488307 165.8341981068871 374.7198 -33.14733 165.5911
612 374.5584036345934 22.142747617378195 166.10393057286794 375.5998 -33.24711 165.8267
613 375.4221201554216 22.201954003374116 166.40105503232166 376.4772 -33.34844 166.0669
614 376.27798522498955 22.27922240381973 166.72857865496 377.3568 -33.45186 166.3146
615 377.1443985666194 22.349576906785728 167.01136843157533 378.2299 -33.55204 166.5661
616 378.01483025885443 22.41276503834685 167.26920565558038 379.0956 -33.65147 166.8284
617 378.85502649982936 22.500726868962307 167.57473931511137 379.9484 -33.75068 167.0928
618 379.701709397852 22.583508632050613 167.8654441212222 380.8018 -33.85006 167.3575
619 380.5590266457485 22.627055425388583 168.10107368504907 381.646 -33.94947 167.6218
620 381.3910688945379 22.711408586231233 168.38846938192924 382.4797 -34.05166 167.8984
621 382.2440964162624 22.73087243209256 168.63318144433097 383.3184 -34.15042 168.1718
622 383.06255756701194 22.795229392153246 168.97241940403688 384.1565 -34.24855 168.4494
623 383.91259231717834 22.83855030189476 169.20072537568177 384.9855 -34.34893 168.7309
624 384.70451708017214 22.868827191450627 169.57341129615102 385.8082 -34.44909 169.0139
625 385.53703085559346 22.92708714492769 169.80074847756805 386.6213 -34.54404 169.2932
626 386.35935351592815 22.950545029007912 170.0695641980431 387.4349 -34.639 169.5726
627 387.1122884861914 23.01887879959067 170.49076950991918 388.2465 -34.73778 169.8564
628 387.9429358340643 23.011363082295933 170.7086374753597 389.0518 -34.83651 170.1379
629 388.7434191855241 23.03125881849586 171.0230199865093 389.8585 -34.93537 170.4198
630 389.5513846003899 23.04100267875125 171.2674715791981 390.6508 -35.03121 170.695
631 390.3529985369473 23.05612305585347 171.5192096361406 391.4405 -35.12143 170.9678
632 391.14987999711593 23.108803274457276 171.768089566845 392.2273 -35.21056 171.2375
633 391.96811106962997 23.140617644605925 171.93565156947233 393.0148 -35.29819 171.5035
634 392.7864780830326 23.210015990643303 172.1368279175897 393.8158 -35.37808 171.7624
635 393.59447990243336 23.262273437021538 172.37560977105218 394.6157 -35.45946 172.0196
636 394.4138804570092 23.309542344087024 172.53479078495042 395.4044 -35.54302 172.2841
637 395.2106795245795 23.33586234186044 172.76559233290072 396.1902 -35.62299 172.539
638 395.97720749294024 23.36345413901768 173.0939950755056 396.9791 -35.70992 172.7964
639 396.7854363887493 23.418755085284364 173.34961674462076 397.7804 -35.79994 173.0637
640 397.5921765512666 23.48502364996247 173.62195053230988 398.5862 -35.89106 173.3316
641 398.41976784228115 23.522169146175546 173.84324727776252 399.394 -35.98738 173.6026
642 399.26253568247364 23.524533307057865 174.01830691297448 400.2054 -36.08162 173.874
643 400.10570900885006 23.546833517740218 174.28434989144006 401.042 -36.17291 174.146
644 400.91451548375096 23.54318936949397 174.581531244728 401.857 -36.26143 174.4114
645 401.81896663396657 23.596758925616218 174.74502408747819 402.7259 -36.35992 174.6994
646 402.6435650759604 23.611769621611586 175.0006401958656 403.54 -36.4565 174.9704
647 403.5133652598597 23.615799139691713 175.22407197510188 404.3866 -36.55987 175.2516
648 404.3818454535373 23.629291852850514 175.46634167188893 405.2387 -36.65818 175.5298
649 405.25359207908286 23.68482178991766 175.72708425575155 406.0994 -36.76127 175.8119
650 406.10911187633366 23.7056015696646 176.01561215694238 406.9522 -36.86062 176.092
651 406.9673336193289 23.78973617713564 176.29835198094298 407.8104 -36.9606 176.3696
652 407.8152819961414 23.838949514951974 176.61443338065197 408.6653 -37.05716 176.6545
653 408.6652951170384 23.883950211652515 176.93533759019027 409.5217 -37.14867 176.9473
654 409.51604546796705 23.908815324494583 177.26836812416295 410.3808 -37.23727 177.2463
655 410.3574687724944 23.987468979630812 177.59847370126195 411.2375 -37.3234 177.5323
656 411.2240352063897 24.076647010967058 177.84532678889292 412.0933 -37.40675 177.816
657 412.05841967286614 24.14848391779631 178.17056993566166 412.9441 -37.49169 178.0918
658 412.8788347929823 24.230210670699204 178.5368116436153 413.8009 -37.5727 178.3624
659 413.76074561410684 24.255559854480488 178.73549109616388 414.6582 -37.66188 178.6362
660 414.61660602618906 24.283731891454533 178.98040440524105 415.5021 -37.74912 178.9073
661 415.4516353773678 24.329786761520477 179.27755618735458 416.3431 -37.83262 179.1783
662 416.27255966165404 24.379129151600818 179.56842175494597 417.1677 -37.91664 179.4502
663 417.08160490597044 24.441599417569073 179.874661101567 417.987 -38.00097 179.722
664 417.86611730854275 24.53064847220827 180.2048996344156 418.7969 -38.08222 179.9864
665 418.67325547692064 24.569743543498465 180.48709927128357 419.6091 -38.15827 180.2456
666 419.4590251800143 24.613034537505364 180.7648203967636 420.4007 -38.23307 180.499
667 420.2439650825361 24.66242721918159 181.0184903487209 421.1854 -38.30596 180.7477
668 421.03526747084146 24.709365221029515 181.20188949987687 421.9594 -38.37484 180.9889
669 421.8096898624338 24.730829947021842 181.41733102289047 422.7235 -38.44427 181.2296
670 422.56313931488035 24.770956259200013 181.65886645151124 423.4737 -38.52223 181.472
671 423.340915470032 24.82292181132853 181.80700586682497 424.2251 -38.60018 181.7147
672 424.08117908354745 24.88747044625723 182.06606163424544 424.9706 -38.6818 181.9531
673 424.8076760319507 24.941480435441182 182.35871819308053 425.7139 -38.76538 182.1916
674 425.54782680774264 25.003304048796746 182.60385328711286 426.4553 -38.84576 182.4274
675 426.29412194208834 25.038893721379857 182.80495998331503 427.1913 -38.9186 182.6547
676 427.01955035093596 25.090889956387404 183.03344612114796 427.9167 -38.9893 182.8782
677 427.72641893326914 25.16073689255094 183.30447573801453 428.639 -39.06082 183.1044
678 428.4328706689204 25.203087088591133 183.59148744943184 429.3649 -39.13224 183.3307
679 429.15432461660157 25.234641900643265 183.8301435736181 430.0878 -39.20176 183.5566
680 429.8754598573999 25.27212833603651 184.0514550151212 430.8055 -39.26661 183.7827
681 430.6336846797072 25.300157671086644 184.21034049467718 431.5424 -39.32909 184.0151
682 431.335762425459 25.354739403324757 184.46033071113766 432.2521 -39.38552 184.2421
683 432.0649497990036 25.396639289096264 184.6867441458881 432.9778 -39.44566 184.4755
684 432.7987277260309 25.445457547494282 184.91675667588262 433.7097 -39.51541 184.7061
685 433.51346068049327 25.53252079573714 185.19736508668126 434.4438 -39.58607 184.9369
686 434.22118101986206 25.597327477396217 185.49880245356877 435.1772 -39.6556 185.1676
687 434.96115558321844 25.628785161144485 185.65184862999504 435.8944 -39.72678 185.3968
688 435.6651412888563 25.663677863008502 185.87372192202034 436.5933 -39.80189 185.6247
689 436.3483208538655 25.72661362026477 186.16069695667053 437.295 -39.87998 185.8583
690 437.05077824810013 25.77136645036751 186.37528517415439 437.987 -39.96184 186.0948
691 437.7242663826918 25.820456249306524 186.60165306897255 438.6578 -40.03698 186.322
692 438.38712096779966 25.874352265561797 186.82967070279344 439.3183 -40.11521 186.5498
693 439.0451161496745 25.915088095964514 187.0654913811717 439.9765 -40.19335 186.7754
694 439.71399381486935 25.958124123457083 187.24558191462972 440.6294 -40.26688 186.999
695 440.345190621678 26.017257724614424 187.45246131232022 441.2583 -40.33301 187.2107
696 440.958430972345 26.06592352739467 187.71617561616725 441.8895 -40.3994 187.4232
697 441.58828542797846 26.087458682808535 187.9547525257792 442.5242 -40.4691 187.6386
698 442.169957606329 26.14128273204969 188.17246474099974 443.1116 -40.5317 187.8378
699 442.7726580938829 26.139678085028127 188.37064682977208 443.7097 -40.58993 188.0413
700 443.3626948076962 26.216929348081674 188.6026286245515 444.3114 -40.65105 188.2466
701 443.9107277626809 26.272275861493437 188.8286108878022 444.871 -40.71269 188.4403
702 444.50155928579636 26.32720095017226 188.99269943196882 445.4493 -40.77681 188.6415
703 444.99325327546785 26.33415871344003 189.2767943028329 445.9827 -40.83615 188.8272
704 445.56003853723587 26.36644059369276 189.3838745010484 446.5258 -40.89361 189.0156
705 446.0752630235536 26.37839010211913 189.61442293423983 447.0563 -40.94722 189.2012
706 446.59210291549323 26.423510767452214 189.813082337641 447.5777 -41.00285 189.3847
707 447.1088527947037 26.466943213956174 189.98460186255494 448.0907 -41.0568 189.5643
708 447.596106111395 26.535512575797572 190.1882000867368 448.5905 -41.11097 189.7399
709 448.0984358455301 26.54258836040634 190.33709706949972 449.0822 -41.16507 189.9127
710 448.5616952634965 26.54325942128628 190.52946400258 449.5511 -41.22241 190.0814
711 449.02762517347804 26.56225630797081 190.69998361253982 450.015 -41.2784 190.2493
712 449.40374632705186 26.598771928298206 191.01327567341343 450.4737 -41.33399 190.415
713 449.8347385106525 26.572104940203676 191.20279759383715 450.9162 -41.38482 190.5699
714 450.24362413754693 26.54553413154678 191.4213582075042 451.3527 -41.43116 190.7215
715 450.6636902894982 26.598760836806377 191.57881213801096 451.7763 -41.47778 190.8714
716 451.0903499551669 26.590009206838637 191.68962353212024 452.1892 -41.5232 191.0192
717 451.52070819841805 26.584116829206252 191.74162600563423 452.5961 -41.57027 191.1612
718 451.8923085175095 26.597306191584753 191.8994235533693 452.9753 -41.61612 191.2926
719 452.2819493613107 26.637657969630652 191.96720364816431 453.3477 -41.66274 191.4237
720 452.5928174794208 26.68612638254332 192.19106442765113 453.7102 -41.70389 191.5502
721 452.9464175271095 26.72730507055151 192.28975553327103 454.0561 -41.74707 191.6725
722 453.29622931857773 26.750498855216904 192.4066071678453 454.4021 -41.79023 191.7949
723 453.64575220398063 26.77837429603607 192.4366815635788 454.7312 -41.8346 191.9114
724 453.95785004765236 26.777599927345175 192.57153228077598 455.0471 -41.87896 192.029
725 454.27080666907466 26.787866160174904 192.6718020527485 455.3537 -41.9151 192.1421
726 454.5633553125655 26.814374022036368 192.79654058268704 455.6532 -41.94952 192.2468
727 454.856718618587 26.848097483930516 192.88934382238247 455.9458 -41.97617 192.3442
728 455.13782902197494 26.86983449671926 192.98646462490237 456.2262 -42.00704 192.4409
729 455.40997279595206 26.897858730895162 193.09765742450884 456.5053 -42.03355 192.5337
730 455.68486031416825 26.897733406428166 193.19796219519654 456.7802 -42.06007 192.6304
731 455.9668542843204 26.921086010798625 193.25437149910059 457.0499 -42.08984 192.7285
732 456.2344259151925 26.939336439462004 193.35963142407698 457.3193 -42.1196 192.8262
733 456.49807087794585 26.962262944699102 193.46180920332674 457.5849 -42.14874 192.9215
734 456.7470039665883 26.978772292892536 193.59082171008936 457.8478 -42.17833 193.0158
735 457.01460750323577 26.994991275264383 193.67142753732637 458.1099 -42.20107 193.1115
736 457.2832516425498 27.007183391696113 193.75096826154444 458.3727 -42.22298 193.2069
737 457.5444371976571 27.024239968449837 193.85216396843342 458.6339 -42.24587 193.3069
738 457.8171998140823 27.048338590904397 193.92693896342954 458.8966 -42.27315 193.4109
739 458.06212019135535 27.06243864092734 194.07062885098526 459.1567 -42.30207 193.522
740 458.3329248791188 27.08385975402532 194.1923476642352 459.4284 -42.32982 193.6404
741 458.61115072583965 27.09958667340592 194.29227504698517 459.6977 -42.35796 193.7601
742 458.8986333169999 27.115555699151017 194.37820651733537 459.9699 -42.38822 193.8837
743 459.19546286578117 27.118617150984406 194.4726254380185 460.2494 -42.41641 194.0183
744 459.45861903243764 27.158989400366846 194.64989994783443 460.5317 -42.44519 194.1659
745 459.72596482263975 27.187248993102934 194.8317817013986 460.8164 -42.46997 194.3198
746 459.967146445247 27.211088803332245 195.03212370214925 461.0905 -42.49464 194.4719
747 460.2848820980091 27.22546800114507 195.0905876229386 461.3703 -42.52156 194.6318
748 460.5350197510333 27.233074890585677 195.29508575538148 461.6462 -42.55214 194.7973
749 460.76018182802227 27.257769883709162 195.50514829107178 461.9028 -42.58029 194.967
750 461.0470691173712 27.237679413940107 195.6193265479092 462.1586 -42.6007 195.1399
751 461.2966220151333 27.239394885084664 195.79194757321412 462.4096 -42.6202 195.3093
752 461.5220964875108 27.263076361288963 195.97850507102882 462.6558 -42.6418 195.4678
753 461.7910345178481 27.297256185761942 196.0643696873575 462.8996 -42.66193 195.6128
754 462.0435055919466 27.340233423183722 196.1517354140879 463.1354 -42.68335 195.7438
755 462.2664205026377 27.344438201564262 196.30233704532196 463.3755 -42.69452 195.8647
756 462.4638093803979 27.35607916557289 196.42397234855886 463.5862 -42.70011 195.962
757 462.74176990378044 27.38498250617122 196.50210996333658 463.8526 -42.71946 196.0754
758 462.98094481391826 27.409727900017778 196.62246974833113 464.1011 -42.73706 196.1766
759 463.2362525860107 27.412053950638683 196.71472807639802 464.3543 -42.75047 196.2736
760 463.48566531393334 27.423441030608597 196.80513187034464 464.6036 -42.76345 196.3641
761 463.7539268960283 27.418904464848456 196.89678209261953 464.8704 -42.78446 196.4577
762 464.03836270143313 27.391515738011492 196.90808226279367 465.1394 -42.8119 196.5508
763 464.2932558013828 27.42078021450459 197.01358632154782 465.4025 -42.83862 196.6346
764 464.5722492831881 27.412076674426586 197.0802735617088 465.6751 -42.87317 196.7174
765 464.8307586388397 27.444969266291555 197.2012196159685 465.9486 -42.90391 196.7998
766 465.09304261374774 27.456669044999593 197.2763028350299 466.2106 -42.93432 196.8705
767 465.3589335103572 27.476682428175536 197.34480960910426 466.4742 -42.97107 196.9409
768 465.5993743265322 27.495443620122106 197.41304127326273 466.714 -43.00329 197.0063
769 465.84808041213967 27.510470003237167 197.42538715485574 466.9526 -43.03319 197.0727
770 466.0877137009021 27.50350468562035 197.49510144081904 467.1914 -43.05471 197.1423
771 466.3024947651405 27.525457532337597 197.57225004978653 467.4097 -43.07618 197.209
772 466.5212688416822 27.54322518102869 197.56947003299894 467.6176 -43.09856 197.2758
773 466.73570111552294 27.537525455939203 197.6147817000329 467.8226 -43.12385 197.3493
774 466.900974557443 27.551276904096277 197.72618851297293 468.0046 -43.15132 197.427
775 467.0777142532291 27.556244885154026 197.75805981664357 468.1669 -43.18329 197.4971
776 467.2249319429445 27.570007437264486 197.86119938031462 468.3295 -43.20345 197.5723
777 467.3729168767519 27.578797065228827 197.958958878095 468.491 -43.22371 197.6433
778 467.5095700488433 27.581408012286463 198.01202351710103 468.6283 -43.24139 197.6916
779 467.64964921197634 27.571927485590628 198.0449087990596 468.7634 -43.2591 197.7388
780 467.7724072761745 27.573951536838994 198.09149857251765 468.8842 -43.27329 197.7883
781 467.876326588965 27.589845128085056 198.1615567817899 468.9924 -43.28474 197.8525
782 467.9819479130047 27.5941179163012 198.2221005782432 469.0948 -43.29185 197.9181
783 468.0752489063106 27.62793676504954 198.30256059140171 469.204 -43.29579 197.9843
784 468.1558573930694 27.63475373849828 198.37395437499285 469.2991 -43.29833 198.0352
785 468.1558573930694 27.63475373849828 198.37395437499285 469.3867 -43.30684 198.0824
786 468.2301446967898 27.64753120468835 198.44141843182106 469.473 -43.31315 198.1348
787 468.2301446967898 27.64753120468835 198.44141843182106 469.5559 -43.31632 198.181
788 468.2301446967898 27.64753120468835 198.44141843182106 469.6341 -43.31351 198.2243
789 468.2301446967898 27.64753120468835 198.44141843182106 469.7087 -43.32229 198.2622
790 468.2301446967898 27.64753120468835 198.44141843182106 469.7717 -43.3356 198.3029
791 468.2301446967898 27.64753120468835 198.44141843182106 469.8181 -43.34418 198.3492
792 468.2301446967898 27.64753120468835 198.44141843182106 469.8578 -43.34935 198.4001
793 468.2301446967898 27.64753120468835 198.44141843182106 469.8944 -43.35196 198.4424
794 468.2301446967898 27.64753120468835 198.44141843182106 469.9367 -43.35745 198.4781
795 468.2301446967898 27.64753120468835 198.44141843182106 469.9846 -43.36013 198.5051
796 468.2301446967898 27.64753120468835 198.44141843182106 470.0301 -43.36564 198.5343
797 468.2301446967898 27.64753120468835 198.44141843182106 470.0664 -43.37479 198.5661
798 468.2301446967898 27.64753120468835 198.44141843182106 470.0932 -43.3869 198.6001
799 468.2301446967898 27.64753120468835 198.44141843182106 470.1173 -43.3898 198.6341
800 468.2301446967898 27.64753120468835 198.44141843182106 470.1424 -43.39187 198.6644
