0 0.0 0.0 0.0 -5.551115e-17 -3.330669e-16 2.220446e-16
1 0.029917805995656063 -0.002392613844880715 0.9614600812150889 -0.01101102 -0.01712164 0.961713
2 0.02970417947846699 -0.0035619478851295467 1.9247814941311778 -0.01699529 -0.03304158 1.924885
3 0.06915613153994228 -0.008895581138801133 2.887709524189681 -0.03106702 -0.06341853 2.888054
4 0.08617242067391477 -0.00292668851752422 3.8484143726425746 -0.04462738 -0.09503621 3.848312
5 0.04111492662563169 -0.006858192071134953 4.806011174020423 -0.05337242 -0.1222173 4.806551
6 0.013639911814634673 -0.0004150263118344573 5.738333716509984 -0.06458549 -0.1448705 5.738958
7 0.045366530327825935 0.0027777865201995093 6.67533134148642 -0.07542792 -0.1535673 6.676395
8 0.06450481708014591 0.004025834952191609 7.605110165114321 -0.08936429 -0.1678814 7.606157
9 0.07511300416968743 0.004899911239766993 8.534523409801528 -0.1013034 -0.1791661 8.535486
10 0.07784703216549249 0.016237641833635866 9.464950327549762 -0.1141317 -0.1865848 9.465868
11 0.06697284794624092 0.007880383899441748 10.38801186804095 -0.1275574 -0.1916301 10.38892
12 0.09551167630573237 0.012325370552543905 11.338320136067956 -0.1421945 -0.1997185 11.33952
13 0.07488347859925112 0.012761973165029012 12.222242328866814 -0.1548813 -0.2155601 12.22345
14 0.004013043868685118 0.031420570807531766 13.12941958028828 -0.1693123 -0.2354858 13.13325
15 0.023063030180440355 0.052846878095281394 14.037548607950368 -0.1849063 -0.2602522 14.04136
16 0.002457860388292432 0.048541577050264205 14.941716035376661 -0.1992846 -0.2760574 14.94552
17 0.012189503247409915 0.06307207626515735 15.842514952420725 -0.2169483 -0.2851106 15.84627
18 -0.023288623072066708 0.05772080284010463 16.738872855990408 -0.236713 -0.293361 16.74309
19 -0.06082376357011106 0.05144221375406411 17.630008437542454 -0.2548521 -0.2982439 17.63484
20 -0.11453244254663261 0.06072670341508413 18.52054946475823 -0.2730779 -0.3044055 18.52684
21 -0.09936549932161144 0.06807021715616547 19.40803024283762 -0.2937433 -0.3138402 19.41419
22 -0.0904234105925208 0.059783829184993406 20.288837968620925 -0.3146034 -0.3236882 20.29478
23 -0.1635285160545195 0.05718767919708168 21.160099702840583 -0.3335669 -0.3220398 21.1689
24 -0.21406498920814704 0.04390182259823749 22.02774972832 -0.3517749 -0.3205089 22.03793
25 -0.256537334623603 0.05598488499750199 22.889835832512 -0.372549 -0.3172185 22.90089
26 -0.2761522810070041 0.070578475721434 23.746580942220906 -0.3933684 -0.3159266 23.75773
27 -0.3370787530763774 0.06840642504797259 24.602318729557258 -0.4121035 -0.3140241 24.61543
28 -0.35227312621984 0.056687654598378406 25.42904102937991 -0.4280328 -0.3057383 25.44218
29 -0.387291520439943 0.0688573516012366 26.25249332834456 -0.4474023 -0.2988492 26.26621
30 -0.457230244983939 0.06207019264159794 27.063925683604356 -0.4690774 -0.293049 27.08037
31 -0.49584116589537414 0.056165753280223475 27.859886942252523 -0.491623 -0.2934051 27.87697
32 -0.5375267998618615 0.05871748094983689 28.651737886290245 -0.5147234 -0.2982767 28.66957
33 -0.5652895672575249 0.06508800803952305 29.436712652923436 -0.5377287 -0.3030386 29.45471
34 -0.589337551414913 0.06234552450791225 30.208625710534555 -0.5610502 -0.3024561 30.22665
35 -0.6540456661844924 0.05200660737854518 30.97286888261793 -0.5837097 -0.2893166 30.99325
36 -0.6927960181127374 0.048022110690821206 31.73239364566713 -0.6098827 -0.284946 31.75331
37 -0.7478991442542646 0.03807831486692422 32.47493282632768 -0.6373473 -0.2859582 32.49745
38 -0.7549467866213432 0.03286015523902856 33.21305064071814 -0.669497 -0.2913155 33.2349
39 -0.825551038673859 0.04582933038899582 33.9378837956378 -0.7070281 -0.2980989 33.96228
40 -0.8875065415482342 0.04639397891000098 34.67765951160477 -0.7475972 -0.3011809 34.70353
41 -0.9293157015027429 0.06022080837913558 35.36696960247707 -0.7861231 -0.3012987 35.39317
42 -0.9889576886474978 0.05554493368378142 36.05794318999797 -0.8225011 -0.2935002 36.08573
43 -1.0330908466186977 0.04988659175916903 36.74512661349546 -0.8579745 -0.2845601 36.77338
44 -1.0759095860464483 0.034270637863541065 37.42060595236995 -0.8979841 -0.2829222 37.44921
45 -1.1190743376692034 0.05017389154517407 38.08215487295355 -0.9356939 -0.2753503 38.11124
46 -1.1538222950226196 0.013251637090830146 38.73330077481564 -0.966244 -0.2643952 38.76355
47 -1.1870616229430508 0.03649384373019486 39.369719525389336 -0.9940685 -0.2590333 39.40063
48 -1.218842517364276 0.02588956662052088 40.006358690298924 -1.022967 -0.2546909 40.03748
49 -1.2766515312398723 0.03928491419548326 40.65376507150362 -1.054571 -0.2561416 40.68683
50 -1.3209422708613916 0.05020953269976969 41.25798239416791 -1.082779 -0.2559993 41.29211
51 -1.3349029509721804 0.052549208513990656 41.85710156576992 -1.107347 -0.2542439 41.89089
52 -1.388817943502357 0.04608700684893361 42.43973453641916 -1.127463 -0.2504927 42.47569
53 -1.4108098937937785 0.05611212406326058 43.00800833767473 -1.143225 -0.2472759 43.04425
54 -1.4616916954595638 0.048891417690177616 43.55389708200189 -1.156523 -0.2461265 43.59239
55 -1.4813937900648133 0.04285550919999226 44.080623007848054 -1.163695 -0.2463307 44.11947
56 -1.5034877987011401 0.04618406782283779 44.587713663545856 -1.165311 -0.2460311 44.62705
57 -1.5297297306536357 0.06595316214841626 45.07005166478833 -1.165281 -0.2401569 45.11047
58 -1.5408581280213822 0.06496291852288835 45.53395826907251 -1.162119 -0.2348502 45.57447
59 -1.5251115892894698 0.07081074747103054 45.97319847093405 -1.153911 -0.2368661 46.01395
60 -1.4928315117481215 0.06872643729114042 46.39386750341683 -1.139704 -0.2380301 46.43562
61 -1.4998760590497067 0.06580288123855635 46.79138087304051 -1.11911 -0.2395256 46.83267
62 -1.4827602667259348 0.07755279176859345 47.16328176143751 -1.098158 -0.2391747 47.20456
63 -1.451773751497053 0.08537786091677985 47.525207738780445 -1.077742 -0.2387525 47.56732
64 -1.4283571371362893 0.09292461295248783 47.8358546208942 -1.059487 -0.2404154 47.8784
65 -1.4571115634497833 0.07301033003979628 48.13298249826093 -1.036133 -0.2443984 48.17664
66 -1.482051693035711 0.05883974958542212 48.40749241614854 -1.006263 -0.2532706 48.45088
67 -1.4500706172803952 0.06128254428179767 48.67341248868925 -0.9730963 -0.2607772 48.71656
68 -1.4155226266714653 0.07737428363938983 48.932249466040055 -0.9369557 -0.2675893 48.97559
69 -1.3723148762816337 0.056460943549844905 49.18761901659971 -0.8977462 -0.2734425 49.23239
70 -1.3233066882713582 0.02048573036710187 49.43842399226157 -0.8567415 -0.280568 49.48708
71 -1.2711421338375708 0.019847026761039714 49.70036319623155 -0.8084309 -0.2860922 49.7497
72 -1.233932175296572 0.024584943357999142 49.93932769676035 -0.7577117 -0.2915714 49.98615
73 -1.1243438129039338 -0.030149082472593597 50.15940565142453 -0.6971579 -0.2967619 50.23058
74 -1.0789906502594113 -0.012488304255030672 50.41061064101259 -0.6296551 -0.3022908 50.47733
75 -1.03353461590812 0.004761959530833668 50.645177830897836 -0.5626253 -0.3067843 50.70727
76 -0.9970075800472322 0.006286037163916911 50.891710319498905 -0.4889211 -0.3117062 50.9453
77 -0.9368230016740037 0.00042105496103873267 51.13419335933024 -0.4074937 -0.3179085 51.18149
78 -0.8549809019296349 0.015367335218982706 51.37558126707521 -0.3172192 -0.3255041 51.4202
79 -0.7757934376349204 0.0005869537710570319 51.62045736081155 -0.2212449 -0.3340796 51.6593
80 -0.6564439146907116 -0.009497849980659423 51.85582605268007 -0.114714 -0.3439537 51.90075
81 -0.49780132463734517 -0.008671855894149217 52.05741521989254 0.0002735872 -0.3544958 52.12982
82 -0.3553604224156536 -0.014111449056665521 52.27647767109897 0.1309526 -0.3642721 52.35595
83 -0.24501774285993913 -0.012126505388695686 52.52010017938451 0.2760316 -0.3733939 52.58045
84 -0.11781370917767828 -0.0300465281752736 52.75463334620978 0.4279778 -0.3824345 52.80031
85 0.05518651289012505 -0.023284315933255154 52.96547162730281 0.5907911 -0.3919068 53.01901
86 0.23927948629585669 -0.03102213590380399 53.18680557146237 0.7701079 -0.4025973 53.24411
87 0.4212398252352545 -0.04327083061171083 53.426102082096484 0.965237 -0.4147601 53.4728
88 0.6390799083121966 -0.04304078904813216 53.63806565365254 1.172293 -0.4302534 53.69477
89 0.8761026748412368 -0.029654222019274853 53.86252907517173 1.401712 -0.4467404 53.9268
90 1.1546949983565706 -0.029939811768201714 54.06224966264862 1.658262 -0.4647131 54.15343
91 1.4054156689704607 -0.014273692083085654 54.31983244876441 1.94608 -0.4776399 54.36895
92 1.7182632809626301 -0.0040020721168515655 54.55119643686045 2.269729 -0.4777691 54.58519
93 2.06530769276147 -0.014194865580664353 54.74868076652932 2.612681 -0.4832195 54.78988
94 2.3922901065600195 -0.007882881225985176 54.99577391882956 2.973763 -0.4792758 54.98383
95 2.7437521180096565 0.026186747348567956 55.23757907786495 3.359263 -0.4860892 55.16957
96 3.1174351210139584 0.00648423592876712 55.46791972252379 3.766145 -0.4913921 55.33541
97 3.529195642201327 0.01922573531600808 55.667431945951634 4.198361 -0.5166196 55.48396
98 3.9609299930981585 0.033028261993020655 55.83574459028245 4.641416 -0.5396177 55.61845
99 4.418008798133269 0.025942833807638472 55.962162320621964 5.103719 -0.5645924 55.72143
100 4.897628974903529 0.0166295438062823 56.05979805562932 5.585536 -0.5957735 55.80227
101 5.397320126657303 0.020727077599727667 56.14432177053826 6.088519 -0.6266796 55.85617
102 5.922586840736187 0.029880148175450358 56.18055645155035 6.612372 -0.6532414 55.9028
103 6.432370429787788 0.050545881594429284 56.25776637987032 7.126377 -0.6821309 55.9379
104 6.963146451558205 0.04895155064622781 56.31784392670778 7.658631 -0.724289 55.95413
105 7.516291388165714 0.0548744681908617 56.334779125811295 8.20958 -0.7737852 55.97135
106 8.082490472057422 0.08095755216317443 56.33792831777772 8.774944 -0.8137508 55.97751
107 8.659133190808694 0.10143038254485384 56.37796173446359 9.351661 -0.857379 55.98323
108 9.240766120268507 0.14414615348175322 56.38883065110796 9.933246 -0.9020616 55.98182
109 9.846388456543957 0.16875141505304536 56.390123971266945 10.53767 -0.947374 55.97984
110 10.446239110770378 0.2080059985939977 56.36012129603206 11.13754 -0.9965387 55.979
111 11.065857481098625 0.2387097397671468 56.37020912948774 11.75501 -1.055254 55.96304
112 11.697535798450767 0.24098217693971666 56.37270222324086 12.38276 -1.117194 55.92954
113 12.33219701032224 0.31454080975256016 56.33404427614665 13.02027 -1.167977 55.90304
114 12.984375100999268 0.37403254275837783 56.345443427598894 13.67308 -1.217524 55.8833
115 13.643599826226351 0.4221514159302253 56.39715300495112 14.33357 -1.269538 55.85852
116 14.321342946936738 0.4444583727073965 56.32137728067159 15.01321 -1.317429 55.82149
117 15.007556615774503 0.48424122304790285 56.29661541153782 15.69798 -1.366117 55.77901
118 15.698663371536567 0.5199054341737717 56.28412380552399 16.38718 -1.417061 55.74074
119 16.393712132899587 0.5756914905990734 56.3116021658324 17.08252 -1.462354 55.70318
120 17.09423593968948 0.6338662509344121 56.35083922318286 17.78472 -1.502437 55.6721
121 17.813179028488353 0.6967013255071999 56.36624927031994 18.50468 -1.545746 55.643
122 18.550748821240123 0.7417923908052636 56.36017533466075 19.24155 -1.593908 55.61503
123 19.28108874629893 0.7751762826268775 56.25196033945243 19.97824 -1.647724 55.59027
124 20.01634231426239 0.8149826552123269 56.26816340396489 20.71281 -1.696725 55.56904
125 20.742257664763716 0.8485781953177961 56.30816311412077 21.4385 -1.741686 55.53688
126 21.47158039399261 0.8914243882870381 56.31307589277994 22.16714 -1.787932 55.51011
127 22.207634713659683 0.9441576375569887 56.30656346950764 22.90332 -1.839076 55.50537
128 22.937058093063893 0.9911703482880759 56.319516218607795 23.63216 -1.895775 55.50164
129 23.68053355447113 1.000702690546643 56.33828390126615 24.37331 -1.955801 55.48454
130 24.419514832013203 1.047700087141167 56.33189012651056 25.11164 -2.008471 55.46362
131 25.140120922570556 1.1253065719718263 56.306945260027206 25.83505 -2.059391 55.46181
132 25.87299228611924 1.1774143278540268 56.28340796827105 26.56806 -2.113697 55.47262
133 26.60588880051649 1.2440196027005772 56.215691802284056 27.30492 -2.167614 55.48963
134 27.344087407110287 1.313329997944056 56.23079456885741 28.04413 -2.226546 55.49768
135 28.076350257002126 1.3768150035721103 56.18800864409597 28.77765 -2.288673 55.51027
136 28.808074706740936 1.4442891033019 56.2424240400799 29.51232 -2.343893 55.52232
137 29.54024836946978 1.5183952457403154 56.2408825722297 30.2463 -2.395401 55.5362
138 30.277858191207468 1.5716831263151874 56.28860574166477 30.98559 -2.445222 55.54859
139 31.016570532868855 1.646517844395538 56.29963123698189 31.7263 -2.496112 55.56188
140 31.748502691693904 1.7022416569031387 56.39450575441585 32.46495 -2.537443 55.58466
141 32.488746042507074 1.7781721754482325 56.39391494534535 33.2074 -2.578228 55.61348
142 33.224939860726025 1.8522811949447542 56.483178215364234 33.95101 -2.620601 55.63975
143 33.968497005726014 1.9317832739628564 56.535570990403066 34.69841 -2.667716 55.67316
144 34.71020417798089 2.0001123805893752 56.58203606161035 35.44252 -2.711893 55.7093
145 35.46594117258716 2.058072271480858 56.57808935255837 36.19785 -2.761384 55.74855
146 36.215765608410194 2.1253056771090266 56.64484164983195 36.95093 -2.812393 55.78704
147 36.965018828002236 2.1861954076154873 56.73287175417595 37.70474 -2.867554 55.8266
148 37.715718092069146 2.2307004643969583 56.86866317251407 38.46575 -2.922992 55.86855
149 38.47543589775459 2.299486748585765 56.955743554190924 39.23007 -2.973413 55.92107
150 39.2440884475445 2.363777453349221 57.03861195037732 40.0022 -3.024315 55.97631
151 40.02056797013845 2.4067143088485823 57.09462577921532 40.7783 -3.080932 56.02494
152 40.79730349860768 2.456549715482446 57.15837846408633 41.5555 -3.135919 56.07788
153 41.57560577823924 2.524929698275673 57.26353152870409 42.33951 -3.188774 56.1413
154 42.36231579269011 2.5851802098157313 57.362302043666205 43.13031 -3.244326 56.20333
155 43.166165083630624 2.6148292571489713 57.47379600839824 43.93795 -3.297181 56.26972
156 43.94078363229379 2.668639326452303 57.560157676240806 44.71372 -3.352539 56.34391
157 44.71978595977233 2.7021000470571943 57.721294889945774 45.5044 -3.40258 56.42297
158 45.51675976543001 2.746237163767686 57.85781918611686 46.30756 -3.461241 56.5081
159 46.32118070964495 2.814709804518852 58.017431925498464 47.12224 -3.525277 56.60533
160 47.11077578923855 2.880670754921948 58.13585143691656 47.91411 -3.592468 56.70663
161 47.91561696400101 2.9079161196359173 58.30324876480618 48.72687 -3.662244 56.81192
162 48.71670792519021 2.949754590642826 58.49060008919109 49.54068 -3.727642 56.92162
163 49.52413168343487 3.0038093259529473 58.66302893195418 50.35682 -3.792894 57.04097
164 50.330548944978716 3.027050603146556 58.82535037175351 51.16788 -3.850124 57.16787
165 51.138928507186 3.073731709837128 59.02368128553072 51.98907 -3.91255 57.29726
166 51.91346165747326 3.100948096513756 59.2094569325552 52.77379 -3.968025 57.4249
167 52.68865810475139 3.1386750971200024 59.40836154128419 53.56153 -4.023164 57.56033
168 53.46141667283202 3.1733718050676294 59.59606945187019 54.34318 -4.082523 57.69851
169 54.222712168497175 3.212611810272618 59.74234515783488 55.10439 -4.143701 57.83752
170 54.98266298375609 3.248353513128852 59.92126293316269 55.87053 -4.204409 57.9795
171 55.74869546508338 3.27677736551492 60.11117469027134 56.64546 -4.26212 58.12033
172 56.485039496474045 3.312584296476276 60.292568107093665 57.38911 -4.318314 58.26251
173 57.22517257354009 3.338725755643364 60.48173518427506 58.13668 -4.369152 58.41357
174 57.95704584389465 3.381349488655448 60.67000359618915 58.87601 -4.420802 58.56727
175 58.66739407963459 3.4171650613714326 60.8751010196083 59.59961 -4.467621 58.71611
176 59.37448582639063 3.431148162118851 61.05631156169672 60.31245 -4.516372 58.86609
177 60.073119345676886 3.4576039155724634 61.225393917925594 61.01319 -4.564529 59.02108
178 60.74251934296646 3.4800450816504727 61.45891814184632 61.70436 -4.614787 59.17238
179 61.41625457509179 3.493962540398976 61.62910178834624 62.38199 -4.657586 59.32091
180 62.09110223578786 3.5216268605529595 61.77794180679713 63.05593 -4.706379 59.46843
181 62.74818257081316 3.5494256112899762 61.96851725951995 63.72231 -4.758759 59.61689
182 63.40141908336015 3.5597084904335157 62.14601287601784 64.3816 -4.814707 59.76019
183 64.04434192746139 3.5738904564178315 62.32906111954286 65.03281 -4.867829 59.90218
184 64.68377139356093 3.589661708523576 62.466540353708176 65.67175 -4.913385 60.03522
185 65.31382519253538 3.5946424891537125 62.60508148459421 66.30099 -4.9654 60.16765
186 65.92643595124926 3.613775810777225 62.77822964968018 66.92208 -5.018319 60.29836
187 66.54567608355974 3.6303312406038217 62.94114183106444 67.54573 -5.076711 60.43224
188 67.10372353399076 3.6406727043695146 63.13155757746854 68.12018 -5.130339 60.55436
189 67.70895426792994 3.673921188492047 63.25805199299745 68.72472 -5.182058 60.67792
190 68.2824705609304 3.693222243839289 63.410834595195745 69.30307 -5.231855 60.80309
191 68.84941338531863 3.7181692228940686 63.58563065920106 69.88288 -5.285896 60.91928
192 69.42013982448778 3.737248307914635 63.69352519331694 70.44995 -5.342758 61.033
193 69.96646528728466 3.7533749966757877 63.829951812513364 71.00066 -5.393054 61.14039
194 70.5005636882749 3.76223484631672 63.98602999644699 71.54538 -5.440828 61.24382
195 71.03818700693813 3.804711829149168 64.10679849907903 72.08654 -5.485365 61.34673
196 71.56749277977484 3.8237462206891024 64.24872939205675 72.62287 -5.532216 61.45078
197 72.09552123565257 3.8513785731732244 64.39116896956446 73.15814 -5.583135 61.55451
198 72.63333254409072 3.894736792084416 64.51941327779639 73.70114 -5.63017 61.65701
199 73.17052359114349 3.9031369257335053 64.64313074222656 74.24267 -5.676448 61.7495
200 73.7074273057238 3.9198441695238495 64.78051987563528 74.78759 -5.7208 61.84178
201 74.23622281254166 3.95022318345528 64.96001910129046 75.33524 -5.768173 61.94475
202 74.77431491721808 3.960988232141228 65.13251998978872 75.88674 -5.817062 62.05821
203 75.32971612268989 3.9772042087187343 65.21064543353211 76.43447 -5.862448 62.17121
204 75.88416221767365 4.018379670165326 65.34964453983469 76.9926 -5.912287 62.29135
205 76.45273339916537 4.04431836012749 65.51578210410348 77.56843 -5.961148 62.42394
206 77.00592932276959 4.084467403347366 65.67445942175223 78.12868 -6.008758 62.55305
207 77.56601215227141 4.106432638929102 65.83484953800652 78.69259 -6.059871 62.69195
208 78.15100945966326 4.138214030098389 66.01846501925918 79.28502 -6.107865 62.8458
209 78.70599501207136 4.172295091342325 66.21390565801879 79.85086 -6.150779 63.00502
210 79.30591581696403 4.203687758560423 66.39963808409958 80.4534 -6.192815 63.17985
211 79.90099638602706 4.234603023872275 66.57956031543947 81.04837 -6.239009 63.35684
212 80.48757437422277 4.277192528686983 66.8200956955167 81.65468 -6.285674 63.54111
213 81.10045224906287 4.292202568872231 67.01734389258354 82.26579 -6.324963 63.74049
214 81.72654866573208 4.310173991254379 67.23854011138381 82.89509 -6.371173 63.94808
215 82.36680324620826 4.344937766939665 67.4571255834637 83.53476 -6.414738 64.1668
216 83.01601254833197 4.35692077556326 67.72023322968737 84.19403 -6.458457 64.39981
217 83.68119200424556 4.379784108315139 67.96603844351729 84.86139 -6.498607 64.63735
218 84.3453635282949 4.431123411168749 68.24909205898349 85.53876 -6.545009 64.88814
219 85.0279399614202 4.467448721584887 68.5232202924621 86.22445 -6.585584 65.15377
220 85.72406052667476 4.494587270000038 68.81425837105077 86.92746 -6.605047 65.4284
221 86.42365500254213 4.548450275320597 69.09623138607648 87.63165 -6.624344 65.70333
222 87.13818802923358 4.6163498692825575 69.4074511505051 88.35787 -6.646336 65.99341
223 87.84211830414267 4.687414353616494 69.7318655527775 89.07692 -6.684073 66.28897
224 88.54731671022563 4.761637097436018 70.05935812155113 89.79244 -6.725361 66.59944
225 89.23645280662942 4.82312602572259 70.40798785898113 90.50245 -6.763694 66.90709
226 89.92283856577521 4.922369794446548 70.77821578215865 91.2181 -6.813377 67.22868
227 90.61111447154143 5.000175672419372 71.13608661041314 91.92183 -6.870738 67.55932
228 91.29187651395715 5.061837341406671 71.49037201166428 92.60904 -6.914272 67.90371
229 91.95732242378492 5.107610347395557 71.86339061370076 93.28887 -6.975179 68.24748
230 92.62378388108003 5.166022852756854 72.2087391940634 93.9613 -7.03488 68.58083
231 93.28567699305394 5.216949351216947 72.57125329281972 94.63312 -7.110019 68.92013
232 93.9074228396809 5.2614493554793516 72.94140288737272 95.27546 -7.183014 69.2482
233 94.543318162475 5.3121946629667995 73.30987586513582 95.92749 -7.259679 69.5824
234 95.19493339820333 5.370102038587148 73.65108088024621 96.58342 -7.329268 69.91299
235 95.82423322261225 5.410673748851757 73.96690350628987 97.20647 -7.398532 70.23613
236 96.47973702288223 5.445914848340504 74.27336173305892 97.84561 -7.469536 70.56975
237 97.05585528472075 5.487808897490604 74.61468852127072 98.43505 -7.533159 70.88389
238 97.63919311954507 5.53635200872972 74.956901930502 99.03309 -7.592121 71.19793
239 98.24419726237903 5.585620158381128 75.24914504755468 99.6279 -7.650212 71.50888
240 98.82396153974454 5.6250066429443235 75.56808668822518 100.2122 -7.709739 71.81621
241 99.40610154277539 5.651578624760912 75.86738818000661 100.7869 -7.766662 72.12549
242 99.96259662421281 5.709810562549261 76.19138485937441 101.353 -7.82354 72.43265
243 100.5119582909932 5.759349864277622 76.50201640245486 101.9055 -7.88334 72.73582
244 101.05124851476265 5.790475272535588 76.80274555944413 102.4447 -7.943074 73.03236
245 101.58704914233068 5.803619131186073 77.10888526706384 102.983 -8.002376 73.32849
246 102.08548109080604 5.82543261141835 77.45317983500706 103.5115 -8.05369 73.6209
247 102.60144250161828 5.860872214050335 77.75821246319448 104.0361 -8.096619 73.90981
248 103.11492437011798 5.91209944054014 78.0445279043031 104.5505 -8.139292 74.19588
249 103.62693968770117 5.940613376057241 78.32842734637813 105.0601 -8.181955 74.48234
250 104.12808688738448 6.000880124951282 78.61389538601183 105.564 -8.22375 74.76626
251 104.61659628010324 6.033829825696677 78.92193906282951 106.0641 -8.265059 75.05403
252 105.10894406471284 6.094209193752859 79.22242544067741 106.565 -8.308372 75.34311
253 105.60321376742729 6.107985697785329 79.518689683905 107.0595 -8.363102 75.63421
254 106.08567762949406 6.134806942619351 79.81149499523178 107.5403 -8.418748 75.92569
255 106.57630516290251 6.176368684398515 80.1138931980469 108.0289 -8.475876 76.22883
256 107.04776331991094 6.201916557853921 80.43260269649515 108.5079 -8.530283 76.53231
257 107.51333190330524 6.23311146953178 80.77415160318733 108.9938 -8.586122 76.8408
258 107.99953666922345 6.282256362692646 81.10234592148618 109.4846 -8.642339 77.16092
259 108.47563330522036 6.302150284537087 81.4715374370375 109.9856 -8.706456 77.48994
260 108.98993556808865 6.355896540431113 81.8011830400825 110.4964 -8.763095 77.82451
261 109.47537579088757 6.377144023468679 82.19280944556294 111.0125 -8.817849 78.17109
262 109.97556947057637 6.407379128822117 82.57703363356732 111.5367 -8.867411 78.51965
263 110.48250439638814 6.453652217480794 82.95068483726835 112.0557 -8.915374 78.87613
264 111.01236406359737 6.445959339043291 83.3205498810279 112.5829 -8.963221 79.24678
265 111.55186982449727 6.477547503775899 83.69425085772004 113.1161 -9.011645 79.62766
266 112.05752695555731 6.493178730298043 84.14640532545704 113.6686 -9.057118 80.01888
267 112.57900939609856 6.505444177444133 84.60410700298668 114.2286 -9.105368 80.42589
268 113.12876324386282 6.5281144802221 85.0487307320086 114.7933 -9.158005 80.84871
269 113.68704916293574 6.525311584965268 85.50803732001609 115.3671 -9.217043 81.28451
270 114.25353312432465 6.549581885218515 85.97333284846628 115.9476 -9.273702 81.72926
271 114.78867238639192 6.571330035514198 86.48877728245877 116.5301 -9.317811 82.18891
272 115.35191376023226 6.589876277195531 86.9844516362869 117.1091 -9.366338 82.66397
273 115.90051374065897 6.6121083478269425 87.52020967113778 117.7001 -9.410224 83.15109
274 116.47238152644182 6.635749557885811 88.0532475036476 118.2986 -9.457628 83.65236
275 117.0688297769798 6.636151667378353 88.58087635558724 118.9071 -9.501459 84.16417
276 117.65410669452072 6.662421404424748 89.13758376836822 119.523 -9.549903 84.68521
277 118.26704150192207 6.6638797420058085 89.70896897220481 120.1636 -9.590647 85.22386
278 118.90645888911838 6.648645789997268 90.20356653138421 120.7812 -9.63523 85.74376
279 119.55095361933768 6.667965483407894 90.76319614105037 121.4334 -9.682937 86.29266
280 120.20352351650662 6.702831054006537 91.32172364171238 122.0849 -9.728697 86.85165
281 120.8059876526421 6.728138661998021 91.92238638644045 122.73 -9.773963 87.405
282 121.39399524126205 6.7626450380141225 92.5574403248745 123.3777 -9.820354 87.97821
283 122.04153639248149 6.803398895359505 93.12905372822495 124.0203 -9.868055 88.55484
284 122.62933852124695 6.837377361278451 93.80243269773067 124.6768 -9.916275 89.16047
285 123.20510942826505 6.8928868316104985 94.45195998793409 125.3111 -9.964397 89.75362
286 123.82456058482687 6.911482004965842 95.09362679800853 125.9636 -10.01373 90.35993
287 124.4592704073479 6.965221503357521 95.73098547356565 126.619 -10.0578 90.97676
288 125.07605148959553 7.03438981716785 96.38848029167914 127.2756 -10.10087 91.59686
289 125.68274622321216 7.0508588402436105 97.05473537494738 127.9271 -10.14276 92.21818
290 126.30218754834493 7.0956838599287275 97.7119039651341 128.5815 -10.1842 92.84078
291 126.92900559755093 7.1421747379193725 98.3515037417548 129.2245 -10.23342 93.4639
292 127.53748185930968 7.210448678355037 99.03622669918612 129.8788 -10.28691 94.10638
293 128.12456349963213 7.268063013987324 99.71136171118438 130.5065 -10.3407 94.74426
294 128.7425505144838 7.3341909520717214 100.3928073150879 131.1491 -10.39963 95.40323
295 129.333581152533 7.356772042978457 101.10785920286992 131.7916 -10.456 96.07042
296 129.93743943533406 7.427098102884573 101.806314690994 132.4272 -10.50523 96.742
297 130.55975391388026 7.497530304055178 102.49030950451967 133.059 -10.55248 97.41926
298 131.1322908167472 7.550232149063313 103.22038826937197 133.6847 -10.60432 98.10439
299 131.71283735970536 7.5755954162804615 103.95974189311059 134.3191 -10.66004 98.79631
300 132.30117192426755 7.633427678264365 104.69170903241076 134.9539 -10.71551 99.48856
301 132.9289491693076 7.687001075440156 105.41690689763442 135.6011 -10.77139 100.1963
302 133.52610640012364 7.747772885978967 106.11937125746199 136.2215 -10.81998 100.8793
303 134.14124157785528 7.826762530355289 106.83058798898506 136.8528 -10.86978 101.5789
304 134.73793636078574 7.893372430023106 107.56040221116068 137.4843 -10.91832 102.2803
305 135.33728813905253 7.959023216406381 108.2958568508467 138.1207 -10.96869 102.9852
306 135.94756304418652 8.007520111418517 109.04368679524441 138.7684 -11.01807 103.7008
307 136.5267443433031 8.050003821658645 109.7626064677516 139.3904 -11.06529 104.3827
308 137.09752050626864 8.107831275308312 110.50252769044677 140.0213 -11.11507 105.0727
309 137.71317756570193 8.149632109511433 111.2298115046004 140.6686 -11.1641 105.7715
310 138.30733349820252 8.203342931022911 111.95611079767929 141.3096 -11.21534 106.457
311 138.91582905823896 8.267408484392863 112.65741647652936 141.9472 -11.26171 107.1334
312 139.49941049262569 8.315873459990266 113.38450398273442 142.5933 -11.3094 107.8056
313 140.11392487450544 8.372035002810374 114.06350184581723 143.2295 -11.35965 108.4648
314 140.73184359542486 8.447732875081677 114.73153545947068 143.8589 -11.4107 109.1244
315 141.34280696030643 8.499349087731952 115.41850972635719 144.4994 -11.4626 109.7839
316 141.9725668148461 8.51699434186379 116.10946069185097 145.1538 -11.52141 110.4492
317 142.5523891424155 8.552200657128196 116.80832826207974 145.7899 -11.57854 111.0957
318 143.1379989914911 8.604708896878087 117.53242316630437 146.4484 -11.63357 111.754
319 143.69776121728057 8.645888778217826 118.22467573065649 147.0826 -11.68264 112.3782
320 144.34850840305893 8.70092150944146 118.85357280776498 147.7333 -11.73221 113.0076
321 144.98229586859722 8.743439530079293 119.51534671851363 148.3963 -11.78416 113.6394
322 145.61384246487648 8.803188300914442 120.1506161941787 149.0522 -11.835 114.2503
323 146.21510257541803 8.815025332089704 120.79930265508607 149.7073 -11.88352 114.8427
324 146.80880568156672 8.842605986125285 121.4709713199591 150.3763 -11.92783 115.4384
325 147.4598001073578 8.89582459391722 122.0913569821674 151.0476 -11.97578 116.0372
326 148.1074012549954 8.934558272346612 122.72358437150912 151.7272 -12.02409 116.6342
327 148.73468685661257 8.986190625028803 123.36414578672259 152.4041 -12.07204 117.2224
328 149.39358341997422 9.031404599869438 123.98360361916103 153.086 -12.12501 117.8158
329 150.0273425257273 9.063211758470311 124.62691562195343 153.7739 -12.17933 118.3992
330 150.6861882326803 9.086564744045676 125.27009189086756 154.4786 -12.23831 118.9893
331 151.36425613046447 9.120507821831485 125.88672536349533 155.189 -12.299 119.5662
332 152.0547622353585 9.143046716183491 126.51438499119608 155.9127 -12.36503 120.152
333 152.72187665336605 9.160782416290159 127.16478716149395 156.6454 -12.42646 120.7245
334 153.42393789703735 9.200692099697598 127.78324914755699 157.3838 -12.47643 121.2983
335 154.12742838643132 9.233822007134886 128.41063340227288 158.1338 -12.52578 121.8681
336 154.8775458056915 9.225122995528166 129.00628460567927 158.9058 -12.58374 122.4322
337 155.5643722175627 9.267281915952589 129.61326957541473 159.646 -12.63933 122.9716
338 156.274173606944 9.294897218909366 130.21186699570237 160.4008 -12.70216 123.5094
339 157.0382599346796 9.32874600662509 130.8103111492687 161.1947 -12.77762 124.0636
340 157.78821784438244 9.350068439167785 131.361413602216 161.9638 -12.85193 124.5828
341 158.53185478973555 9.400310667930725 131.90259907213814 162.7291 -12.9194 125.0909
342 159.25197035751725 9.41940270162965 132.48490414929935 163.4987 -12.98726 125.6019
343 159.9952176437549 9.455711981102871 133.03945557867672 164.2698 -13.05527 126.1138
344 160.7342678298911 9.485557939932143 133.58141818920774 165.0417 -13.12226 126.6042
345 161.4900158544528 9.508022426588793 134.07760153950318 165.8008 -13.18289 127.092
346 162.22353266520582 9.540691186027896 134.5926504235903 166.5531 -13.23954 127.577
347 162.95149145003296 9.568018412567138 135.0868141696125 167.2915 -13.29978 128.0524
348 163.6836461185436 9.558807304749193 135.60061908100474 168.0469 -13.36429 128.5271
349 164.38491935172286 9.592400369068756 136.07948918745947 168.764 -13.42431 128.9792
350 165.07251626690535 9.606412095021904 136.56978673198455 169.4764 -13.48459 129.4289
351 165.76730225403168 9.65916200516944 137.05694581182632 170.1931 -13.54899 129.8817
352 166.47233440127266 9.688872045242412 137.52211070439202 170.9121 -13.61181 130.3215
353 167.1602848611298 9.715965488259789 137.98927674567477 171.6213 -13.67121 130.7525
354 167.85105709773225 9.739331693917594 138.42849709353268 172.3205 -13.72813 131.175
355 168.51717764124223 9.760389663382833 138.88602129435264 173.0101 -13.7841 131.5931
356 169.1661609884081 9.814568349577184 139.3422465517241 173.6861 -13.84508 132.0073
357 169.82992893674174 9.84310656977811 139.7640750320958 174.3545 -13.90627 132.4182
358 170.49641980401805 9.864059617829362 140.19865066845225 175.035 -13.96378 132.827
359 171.1226025613809 9.9072437876947 140.63548394643655 175.6897 -14.01825 133.2184
360 171.79898784107712 9.95491474303761 141.028147419944 176.3532 -14.07865 133.6308
361 172.4283841995796 9.972733034992716 141.46851386380146 177.0072 -14.134 134.0303
362 173.05598698609091 10.000738903959725 141.87969188579024 177.652 -14.18089 134.4121
363 173.67651014217734 10.021838378733664 142.28192138063716 178.2937 -14.22293 134.7778
364 174.28266660591493 10.039089472611087 142.6968398661607 178.9314 -14.26465 135.1404
365 174.90565125942362 10.090248938474796 143.06577232901154 179.5573 -14.31261 135.5048
366 175.504454148678 10.13301084366806 143.45609929629006 180.1748 -14.36322 135.8638
367 176.10656938990175 10.162085242539838 143.81551306232623 180.7795 -14.41258 136.2166
368 176.69687920421694 10.179836561472106 144.19486769508998 181.3913 -14.45852 136.5576
369 177.27543471338166 10.209990119864537 144.56388894885652 181.9903 -14.50312 136.8908
370 177.8522526991716 10.25727632394367 144.91102290725445 182.5812 -14.54745 137.2138
371 178.44946426721754 10.281266986448472 145.2091259786991 183.1665 -14.59096 137.5326
372 179.0171094686022 10.31082290623615 145.544051743385 183.7467 -14.63103 137.8441
373 179.56388887528615 10.343836578721376 145.90897614412492 184.3283 -14.67151 138.1496
374 180.12295116718727 10.374988810157712 146.25136335453266 184.9104 -14.71237 138.45
375 180.69294569792737 10.392862520560527 146.59666847801452 185.5029 -14.7551 138.7526
376 181.27060404144368 10.449452542291484 146.9278611840128 186.0967 -14.79763 139.0562
377 181.86431525469322 10.465603985350139 147.2539936579385 186.7023 -14.84501 139.3564
378 182.49890077781424 10.47799575664667 147.50539532927215 187.3167 -14.89366 139.65
379 183.1200563090522 10.47927948028872 147.80385737537873 187.939 -14.94259 139.942
380 183.73163602255042 10.486855290765655 148.12813276765056 188.564 -14.99292 140.2354
381 184.34839983941703 10.499497527358022 148.45687764389666 189.1978 -15.03908 140.5266
382 184.97322292555734 10.524232893875558 148.78418204284256 189.8399 -15.08795 140.8155
383 185.6289556479699 10.53042587758018 149.07454049253926 190.4965 -15.14579 141.0981
384 186.2863382205843 10.544073048586107 149.3914455829786 191.1667 -15.20551 141.381
385 186.9577265048187 10.56086852908621 149.68788091492735 191.8455 -15.26383 141.6544
386 187.63035839576153 10.571413973966212 150.01646344303705 192.5394 -15.32526 141.9287
387 188.31485255554728 10.567175984328085 150.3471456866835 193.245 -15.38822 142.2045
388 189.0242985733966 10.585626594857965 150.65020923716224 193.9627 -15.45199 142.4808
389 189.72786288353987 10.605940100760442 150.99857722560344 194.6963 -15.51367 142.7543
390 190.47749460232413 10.643559137940658 151.3106425531139 195.46 -15.57305 143.0263
391 191.2097167622785 10.664772678225704 151.63623625434337 196.2138 -15.62684 143.2937
392 191.96813560968621 10.678650882750109 151.950483468708 196.9859 -15.68196 143.5675
393 192.7334331845725 10.69949865999185 152.27638483255487 197.7721 -15.74033 143.8336
394 193.51197156273105 10.719201485643893 152.56898850528577 198.5592 -15.79846 144.0967
395 194.27046541646192 10.764614729660654 152.88102349294002 199.3386 -15.85428 144.35
396 195.05624860073743 10.812476283724477 153.20018438818323 200.1451 -15.92437 144.6074
397 195.86170705472483 10.859338731658983 153.53537648590302 200.9751 -16.00532 144.8679
398 196.70189354785552 10.885163569968979 153.83570967918513 201.8244 -16.08857 145.1297
399 197.53753750105997 10.936062481254444 154.19894982344616 202.6924 -16.17598 145.3976
400 198.36782411213426 10.969666613938534 154.49385159240882 203.5316 -16.26124 145.6544
401 199.17981451669223 11.022355034157695 154.82035039145805 204.3673 -16.33869 145.908
402 200.03869962333488 11.081749315996214 155.15862265232548 205.2495 -16.42655 146.1719
403 200.87286322530133 11.122892553734987 155.4826359710991 206.1048 -16.51609 146.4228
404 201.73804288985437 11.15584139999181 155.78822971395755 206.9819 -16.6098 146.6776
405 202.59960471144515 11.183552874824995 156.10314041580767 207.8609 -16.69858 146.926
406 203.46338682898806 11.228836082882985 156.4263597230606 208.7471 -16.78439 147.1708
407 204.3442169533968 11.237770638939821 156.7299978559461 209.644 -16.8739 147.4068
408 205.24532534103636 11.261610798400259 156.99621074936513 210.5492 -16.96319 147.6436
409 206.15194207856533 11.285647119485137 157.2704612445351 211.462 -17.05443 147.8807
410 207.06000260127723 11.307011512485204 157.55772170527402 212.3811 -17.14388 148.1148
411 207.96495326610886 11.354151519434017 157.8518451119686 213.3004 -17.23376 148.3482
412 208.87643465515825 11.382924007930711 158.1522971517725 214.2272 -17.32239 148.5829
413 209.8025218692654 11.408976742217746 158.41180849430572 215.1568 -17.41109 148.8145
414 210.70730575872054 11.42421672844705 158.7341817238118 216.0841 -17.50032 149.0489
415 211.6076549230425 11.440286924648822 159.05881816831356 217.0093 -17.58912 149.2778
416 212.52771281308404 11.450517253133695 159.31997760802702 217.9343 -17.67768 149.5044
417 213.4503072028951 11.500297076087026 159.56753140968615 218.8603 -17.76862 149.7262
418 214.37678390989453 11.514595586934687 159.83372113821648 219.7937 -17.85886 149.9499
419 215.28435955283223 11.548189830295819 160.12836310070517 220.7197 -17.94623 150.1656
420 216.20519510604942 11.571347086239818 160.37722911973623 221.6448 -18.03413 150.3821
421 217.1212654757397 11.59360922034163 160.6586501346955 222.5742 -18.12038 150.6004
422 218.03494596796858 11.60811726846723 160.95795301266364 223.5075 -18.20847 150.8144
423 218.927565736377 11.644251914771377 161.2234570276672 224.4121 -18.29363 151.0218
424 219.8291657206029 11.700309379986962 161.49723320894935 225.3277 -18.38635 151.2317
425 220.7557298215009 11.748871714314426 161.7937441178748 226.2731 -18.4808 151.4464
426 221.64834965652736 11.782683585641935 162.01389732787783 227.1676 -18.56752 151.6432
427 222.56169584806804 11.828312342610598 162.31151652170718 228.1038 -18.65508 151.845
428 223.45570019450176 11.868302235307716 162.54894789692884 229.0056 -18.73661 152.0382
429 224.36059080975008 11.882761330678818 162.79054428989983 229.9189 -18.81652 152.2303
430 225.27256618576942 11.902931955981277 163.02185820433053 230.8378 -18.89376 152.4181
431 226.18367199583776 11.910568761778803 163.26258013448427 231.7587 -18.96992 152.6032
432 227.10684597792272 11.946578072408625 163.48897352738564 232.6895 -19.04112 152.7858
433 228.02882850275856 11.989928285152905 163.69625067362304 233.6155 -19.11494 152.9646
434 228.93315347842093 12.024126682589124 163.92915868745257 234.5305 -19.18701 153.1401
435 229.83048010973084 12.042635713110458 164.2014096221271 235.4493 -19.26118 153.3132
436 230.755025996647 12.071362243665366 164.402870387113 236.3787 -19.33366 153.478
437 231.65044917326688 12.090386836310143 164.64873913695052 237.2897 -19.41011 153.6418
438 232.55187491343523 12.100218351328085 164.87002388535035 238.1998 -19.49555 153.8032
439 233.44611399186556 12.100521505702199 165.0974781471382 239.1054 -19.5793 153.959
440 234.33705112207204 12.102405187387177 165.36417083800683 240.0191 -19.66444 154.11
441 235.23746566915838 12.136768640459593 165.59800980693248 240.9342 -19.75257 154.2564
442 236.14289795466658 12.156924930728291 165.81301035744798 241.85 -19.83999 154.3982
443 237.050610179807 12.183354160589 165.9985055224513 242.7628 -19.92378 154.5354
444 237.9441365045366 12.21809455396631 166.21162221744063 243.6688 -20.00434 154.6684
445 238.84403343466158 12.243573308989848 166.3989743452484 244.5757 -20.08388 154.7979
446 239.7322404324653 12.241584281098609 166.6009259110273 245.4743 -20.16399 154.9236
447 240.6157995136039 12.254715693571821 166.79843554381515 246.3684 -20.24532 155.0412
448 241.5112862942354 12.253750778702868 166.98214775640187 247.2733 -20.3235 155.1446
449 242.4096087031353 12.263533879581946 167.13070355300866 248.1739 -20.40379 155.2524
450 243.30597966103926 12.256699290962834 167.25886714660953 249.0698 -20.48204 155.3582
451 244.18584372049742 12.265455456416229 167.41309920858234 249.9549 -20.55749 155.4527
452 245.06485644775302 12.29031893312252 167.53320160218354 250.8345 -20.6346 155.5425
453 245.95474358627465 12.303310052411444 167.6670880313442 251.7259 -20.71972 155.6328
454 246.84483807020152 12.315424953842028 167.82183903698328 252.6209 -20.80615 155.7215
455 247.72776609422684 12.350591972811243 167.99793069143504 253.5136 -20.89449 155.8057
456 248.61153372787797 12.32565513487629 168.1452450024319 254.4024 -20.98217 155.8813
457 249.48420344153524 12.33183622491878 168.30246791771862 255.2821 -21.06516 155.9558
458 250.36843122674432 12.342413312233159 168.36290207600837 256.1621 -21.14494 156.0255
459 251.24188773641558 12.324468857340895 168.513654618778 257.0428 -21.22381 156.0897
460 252.1179567379447 12.321995865083176 168.61869927104095 257.9199 -21.30232 156.1451
461 252.9900058662587 12.290835194675877 168.68059735523266 258.7907 -21.3755 156.1854
462 253.85579813315854 12.25440642629577 168.7847698943719 259.6601 -21.44205 156.224
463 254.72092844278092 12.257470511693159 168.87957475106907 260.527 -21.51116 156.258
464 255.59518467939176 12.256924220981466 168.92578464950606 261.3989 -21.58418 156.2883
465 256.4681774940757 12.232480129360079 168.99377895805478 262.2717 -21.65347 156.3158
466 257.33950521340535 12.227265931315317 169.0223322374916 263.1403 -21.72636 156.3324
467 258.206605375582 12.231072530958366 169.0738926045607 264.006 -21.79663 156.3451
468 259.06561915988624 12.227014341688728 169.15303787021335 264.8657 -21.86707 156.3569
469 259.9312888634052 12.186103561409395 169.17758677785199 265.7295 -21.94115 156.3616
470 260.7959935843741 12.192413405869013 169.25659452365576 266.5945 -22.0171 156.3599
471 261.66125490900544 12.177944046677256 169.32708544606334 267.4594 -22.09328 156.3596
472 262.52282453571405 12.203010204252282 169.39253985903616 268.3206 -22.16749 156.3531
473 263.38790801658075 12.18679856355665 169.38627392435464 269.1826 -22.2424 156.3491
474 264.24563907585394 12.176347057936045 169.4499227859971 270.0395 -22.31694 156.3437
475 265.102818395658 12.176642300855406 169.45870990337693 270.8934 -22.39231 156.3409
476 265.95622885165676 12.157634249594809 169.48450508081893 271.7439 -22.46937 156.334
477 266.80464150397864 12.157815730624504 169.48708439171438 272.5882 -22.55275 156.33
478 267.6549635628877 12.17852496543954 169.5472979726244 273.4367 -22.63729 156.3283
479 268.46182461447756 12.197819372473587 169.58309027465245 274.2406 -22.71743 156.3276
480 269.2813264720818 12.192225644610271 169.59247973639467 275.0562 -22.79801 156.3301
481 270.0896222221844 12.17830572496495 169.63173032369204 275.8616 -22.87783 156.3361
482 270.8950773177622 12.18033351477633 169.69224561660388 276.6656 -22.95477 156.3455
483 271.68031748352337 12.21061866642214 169.72474742063307 277.4484 -23.02961 156.3596
484 272.45661943481906 12.213542763703602 169.7888904839334 278.2238 -23.10166 156.3778
485 273.21806442720043 12.210799590901333 169.87275060962097 278.9862 -23.17205 156.4029
486 273.96969256767824 12.212981065550505 169.9480383510548 279.7382 -23.23843 156.4295
487 274.71096155461356 12.229774694406409 170.0257997523905 280.4806 -23.30168 156.455
488 275.4511642503949 12.221364152580696 170.09085917787374 281.2202 -23.36731 156.4848
489 276.16887298024443 12.23313049281068 170.1663804909942 281.9382 -23.43189 156.5202
490 276.88237663981204 12.228751737440367 170.2397325917481 282.6515 -23.49597 156.56
491 277.5719419216697 12.230884637411533 170.21913522069508 283.3383 -23.55164 156.5937
492 278.2444979086415 12.236535915344385 170.30118116542172 284.0121 -23.6105 156.634
493 278.90723680152956 12.223393254945758 170.37670526972732 284.6753 -23.6696 156.6761
494 279.5568078147733 12.221018471264927 170.4686793919356 285.3276 -23.7268 156.7166
495 280.19649377872 12.222188007862721 170.53669358246714 285.967 -23.78128 156.7616
496 280.8204515496845 12.239370592800332 170.62621760844863 286.5937 -23.83446 156.8069
497 281.42476845096627 12.236369302852196 170.76332008539134 287.2092 -23.89017 156.8523
498 282.0275529765589 12.231005424336216 170.8224664919878 287.8108 -23.94344 156.8983
499 282.6246822126936 12.234776699182097 170.91153498944493 288.4106 -23.99582 156.9431
500 283.18103843839634 12.228026212181598 171.02744040194617 288.9746 -24.04626 156.9918
501 283.75726881949197 12.214478248885989 171.08750383086064 289.5493 -24.10169 157.0416
502 284.307556055925 12.198519945027796 171.21343603626053 290.1099 -24.15117 157.0886
503 284.8569684182168 12.196440692616275 171.286534690628 290.6604 -24.19669 157.1342
504 285.39468476280405 12.19188397490525 171.35684821413156 291.199 -24.24004 157.1804
505 285.9187627425397 12.183892434116768 171.4534058986109 291.7281 -24.28194 157.2288
506 286.43758946743725 12.190196709869733 171.52988684878352 292.2488 -24.32193 157.2772
507 286.9428119846719 12.194894030688193 171.62680318464183 292.7596 -24.36116 157.3242
508 287.43965748188367 12.191972925172557 171.70716186458972 293.2587 -24.40494 157.3722
509 287.932137621218 12.192148780217906 171.78289788202068 293.7527 -24.44767 157.4213
510 288.41372483609774 12.18029072960926 171.86625732779683 294.2374 -24.49148 157.4678
511 288.89076040310715 12.17135634635382 171.98582072104028 294.7246 -24.53746 157.5174
512 289.37549178359205 12.167812656224193 172.05627880101315 295.2096 -24.58496 157.567
513 289.8678917038065 12.185154825045915 172.12346436384732 295.702 -24.63307 157.617
514 290.3642050885849 12.188460765382613 172.19898471705258 296.1993 -24.67824 157.6689
515 290.85912154865787 12.181309217182847 172.3068007687668 296.7013 -24.72333 157.7197
516 291.3661073575131 12.170193176155044 172.37693871606555 297.209 -24.77055 157.7654
517 291.87711138602583 12.181647853430041 172.44241751272716 297.7199 -24.82169 157.8091
518 292.3992039158241 12.205007294570615 172.4872396382729 298.2403 -24.87488 157.8477
519 292.92652531220136 12.208530544114089 172.55363000832304 298.7679 -24.92374 157.8894
520 293.4665431240286 12.232024072163945 172.64040292719244 299.3114 -24.96956 157.9364
521 294.01192199232867 12.252272337947762 172.76158687061934 299.8664 -25.02054 157.9801
522 294.5763140217564 12.269915820244048 172.8480081426007 300.4328 -25.085 158.0169
523 295.15374034904335 12.257914015575205 172.9407123217979 301.0133 -25.15046 158.0468
524 295.7392917827134 12.25162875605097 173.01522263343085 301.5988 -25.21321 158.0882
525 296.32688166610546 12.255824765798646 173.1155189785164 302.1893 -25.27483 158.1416
526 296.9258926974647 12.265345249178877 173.20592925009092 302.7896 -25.33868 158.193
527 297.54368826198237 12.25972051728382 173.29617808916024 303.4095 -25.40269 158.2314
528 298.17122429262315 12.254611697431278 173.3816328204942 304.0385 -25.46722 158.2678
529 298.8092979487562 12.26821702118397 173.48915275778302 304.6811 -25.53204 158.3096
530 299.46251874536165 12.277976722293182 173.55779240533744 305.3328 -25.59815 158.3588
531 300.1210114399414 12.292774637707472 173.6638369548647 305.9952 -25.66221 158.4057
532 300.791865946188 12.329078002255267 173.7296044146841 306.6661 -25.72467 158.4467
533 301.47034629625773 12.327900664410418 173.8413137161989 307.3491 -25.79503 158.4838
534 302.1692409727116 12.339404457443885 173.93363368354224 308.0487 -25.86821 158.5319
535 302.86851526709654 12.33525771909228 174.01806512480317 308.7476 -25.94126 158.5802
536 303.57535856126015 12.34338964125553 174.12332863908028 309.4569 -26.01685 158.6244
537 304.29068569956297 12.34394206895916 174.22762463196187 310.1745 -26.09606 158.6611
538 305.0158497340388 12.371444415325554 174.28465472618467 310.8972 -26.1748 158.6982
539 305.7471599959771 12.376289212982071 174.40464381368616 311.6329 -26.25448 158.7386
540 306.4980627496998 12.375053299174143 174.47480200542927 312.3814 -26.34091 158.7711
541 307.2582340282514 12.388751319638272 174.5533212839575 313.1397 -26.43175 158.8018
542 308.0271823830562 12.401432191362511 174.61208999617207 313.9052 -26.52053 158.8338
543 308.8006336959057 12.415818589625188 174.68123699752746 314.6762 -26.60789 158.8676
544 309.579023226731 12.435847842977813 174.76318859123762 315.4536 -26.69381 158.9033
545 310.3663315862229 12.475844334137724 174.84467393574224 316.2406 -26.78025 158.9387
546 311.1623699531898 12.486899351498801 174.94700015822616 317.0373 -26.87072 158.9755
547 311.9646405614524 12.523311904156127 175.07004872069987 317.8436 -26.96318 159.0134
548 312.77473692036057 12.546846474550556 175.16270636679653 318.6531 -27.05549 159.0532
549 313.59805195496006 12.55515259580854 175.27392170859838 319.4779 -27.14548 159.0967
550 314.4212200197849 12.565735826517455 175.37908402257213 320.3018 -27.23538 159.1401
551 315.2501883216429 12.575116836233162 175.5345445322567 321.1391 -27.32655 159.1855
552 316.09353143405957 12.604421749712959 175.63991577731582 321.9833 -27.4181 159.2317
553 316.9433316188928 12.63275008801243 175.7498475812066 322.8344 -27.50858 159.2816
554 317.800198736504 12.638662277038359 175.85026726890544 323.6909 -27.59901 159.3323
555 318.6648835809495 12.665519692511817 175.96068090719496 324.5567 -27.68936 159.3854
556 319.5411946209742 12.697751545156079 176.08062649029853 325.435 -27.78207 159.4432
557 320.41890575868763 12.71529900297614 176.19316905272672 326.3133 -27.8748 159.501
558 321.30185506448004 12.734375569890265 176.32299609188073 327.199 -27.96791 159.5617
559 322.1940686563301 12.75976006011904 176.44788992909406 328.0932 -28.06283 159.6224
560 323.08237023969536 12.79139414534985 176.6044897456403 328.9883 -28.15786 159.6885
561 323.97627529204874 12.809805785993754 176.76448359229036 329.888 -28.25775 159.7631
562 324.87501550143327 12.857228954934607 176.89675777224647 330.789 -28.35861 159.8373
563 325.7804306043469 12.880911598479438 177.03941182900837 331.697 -28.45992 159.9145
564 326.68838792839523 12.91108104235252 177.17542730152294 332.6065 -28.5625 159.9925
565 327.59208428833136 12.949073111319796 177.34889800173997 333.518 -28.66639 160.0736
566 328.4992664024784 12.995403129682822 177.51441951445145 334.4313 -28.77189 160.1589
567 329.41550792347584 13.04812125973922 177.62414814363976 335.3462 -28.87348 160.2423
568 330.33016798115654 13.08523388459288 177.73398407382646 336.2589 -28.97212 160.3277
569 331.24536390679333 13.143113767178168 177.86063192611687 337.1754 -29.07108 160.4126
570 332.14939457475185 13.180630647016374 178.0401733328108 338.0878 -29.17312 160.5022
571 333.05421471776054 13.193993041765387 178.20571851338806 338.9981 -29.27516 160.5872
572 333.95434659435637 13.23893247926655 178.37630182615075 339.9061 -29.37509 160.6703
573 334.85206482331387 13.266737173601543 178.53194920316136 340.8083 -29.47693 160.7513
574 335.74532813961633 13.291978063727349 178.72057525468674 341.7122 -29.57782 160.8345
575 336.6364310827242 13.302829345794606 178.9187647570879 342.6161 -29.6802 160.9116
576 337.5353665371903 13.323939973772244 179.07817303946422 343.5205 -29.78018 160.9891
577 338.4304502868338 13.333181606715598 179.2509429377241 344.4236 -29.87756 161.0668
578 339.3250834154331 13.358056343273718 179.4308163365182 345.3276 -29.97769 161.1449
579 340.21477767821875 13.391773190695941 179.59390451195156 346.2235 -30.07709 161.2272
580 341.1035241006204 13.426459440536997 179.74649957851724 347.1167 -30.17753 161.3076
581 341.99603925829575 13.475126343154274 179.87095290313923 348.0099 -30.27574 161.3912
582 342.89229701797865 13.502442551587226 180.0001345216651 348.9065 -30.37548 161.4741
583 343.7860143111364 13.529169170288846 180.1613193852957 349.8059 -30.47413 161.5564
584 344.6677737385156 13.55053719847184 180.34283654591533 350.6977 -30.56953 161.637
585 345.55442661503116 13.587969520490686 180.49920846869898 351.5901 -30.66501 161.7177
586 346.44135883865437 13.644245792445274 180.64803066970967 352.4825 -30.76035 161.7983
587 347.32736067847344 13.687239145527808 180.83063084475836 353.3785 -30.8605 161.884
588 348.213377819495 13.738820638645509 181.003863394482 354.2731 -30.96097 161.9694
589 349.10376614674783 13.766737802209123 181.16747768808284 355.17 -31.05569 162.0527
590 349.98959376214617 13.81871630652632 181.34709243632668 356.0658 -31.14982 162.144
591 350.8865508142687 13.862348851662153 181.49553850078334 356.966 -31.24424 162.2399
592 351.7793561393594 13.923567327745335 181.65525823430343 357.8634 -31.34268 162.3464
593 352.6632860246815 13.989660043039303 181.86620675982456 358.7644 -31.43232 162.4482
594 353.5616626981734 14.046575267268965 182.0148564617299 359.6666 -31.52203 162.5502
595 354.45219255740017 14.107228668376532 182.22874004492303 360.5743 -31.60985 162.6543
596 355.3419391534162 14.177230272830338 182.42464125255506 361.4763 -31.69958 162.7695
597 356.20606120331485 14.23557820465796 182.71340474424062 362.3757 -31.79176 162.8963
598 357.08746555764776 14.2949721138193 182.9394690442031 363.2722 -31.88456 163.0348
599 357.95093562438916 14.344637657253552 183.22836196145266 364.1687 -31.97736 163.1733
600 358.8347143964285 14.393214086488197 183.44625778751484 365.0628 -32.07264 163.323
601 359.6967109218532 14.405012707489158 183.74240577872584 365.9547 -32.16864 163.4848
602 360.5641300578232 14.436646962876475 184.01136736787785 366.8412 -32.26554 163.6594
603 361.43073369273606 14.488289765840868 184.28992573601226 367.727 -32.36548 163.8508
604 362.29186088685805 14.536272990590275 184.55211125446485 368.6005 -32.46696 164.049
605 363.13923697570146 14.55956880709695 184.87325082083692 369.4767 -32.56385 164.2602
606 364.00363470907763 14.602076253456335 185.1310100061983 370.3486 -32.65824 164.4754
607 364.84679586056086 14.64901328501997 185.45286834739443 371.22 -32.75253 164.6956
608 365.7014412766561 14.707277272642711 185.74666309359256 372.0932 -32.84871 164.9156
609 366.5513817819745 14.741620566305176 186.05548927318154 372.9644 -32.94965 165.1387
610 367.42248214067524 14.772793608541992 186.319988646733 373.8419 -33.04904 165.362
611 368.28180530462015 14.801927706318423 186.62588249818225 374.7198 -33.14733 165.5911
612 369.12734503341414 14.846193385617982 186.9765483292338 375.5998 -33.24711 165.8267
613 369.9760713708052 14.891249681673624 187.3162954459316 376.4772 -33.34844 166.0669
614 370.82901522444257 14.943078664051395 187.6562185041785 377.3568 -33.45186 166.3146
615 371.67879790930476 14.980232642725229 187.99100330487443 378.2299 -33.55204 166.5661
616 372.5298896904286 14.99990150605622 188.31253094104082 379.0956 -33.65147 166.8284
617 373.3725487526703 15.032750033791428 188.62215087442306 379.9484 -33.75068 167.0928
618 374.2119785647933 15.08216190805751 188.94019189630652 380.8018 -33.85006 167.3575
619 375.03461270020205 15.127051280433673 189.27733949248355 381.646 -33.94947 167.6218
620 375.8397093363001 15.153631323620413 189.64219419499923 382.4797 -34.05166 167.8984
621 376.6637280464169 15.189653841225951 189.9702404283304 383.3184 -34.15042 168.1718
622 377.4854259957705 15.221338168841687 190.306263419079 384.1565 -34.24855 168.4494
623 378.30875151959594 15.245124801802406 190.61951838282252 384.9855 -34.34893 168.7309
624 379.0941896499329 15.299555120029138 191.0030292685488 385.8082 -34.44909 169.0139
625 379.8918768214889 15.334175121748693 191.33567357455146 386.6213 -34.54404 169.2932
626 380.6689279194756 15.381923245922813 191.7137455641982 387.4349 -34.639 169.5726
627 381.46573740387487 15.394517321080047 192.05128152264157 388.2465 -34.73778 169.8564
628 382.2554346899576 15.429608896564181 192.38690740153592 389.0518 -34.83651 170.1379
629 383.0317499003869 15.436011148492119 192.75744687963015 389.8585 -34.93537 170.4198
630 383.8303046334771 15.46813206844993 193.02936271285856 390.6508 -35.03121 170.695
631 384.60715359192153 15.481756843881803 193.34952773227542 391.4405 -35.12143 170.9678
632 385.3796166981736 15.495481672639531 193.6702283176428 392.2273 -35.21056 171.2375
633 386.14778660396536 15.527100850907576 193.99811014132544 393.0148 -35.29819 171.5035
634 386.9355452615903 15.557790892893633 194.30389935101067 393.8158 -35.37808 171.7624
635 387.7085791851313 15.590704248250102 194.64146389075663 394.6157 -35.45946 172.0196
636 388.48093264068484 15.621219320261062 194.96010033511706 395.4044 -35.54302 172.2841
637 389.2492168132674 15.67961114488879 195.26861399101537 396.1902 -35.62299 172.539
638 390.01218420967416 15.708848262066578 195.60506716442808 396.9791 -35.70992 172.7964
639 390.7927087060987 15.726666102260449 195.93987847763586 397.7804 -35.79994 173.0637
640 391.57653698523455 15.76464686106388 196.27686155612454 398.5862 -35.89106 173.3316
641 392.3554581013949 15.81313162339665 196.63209458530542 399.394 -35.98738 173.6026
642 393.14513252620134 15.88255379213612 196.96751068941217 400.2054 -36.08162 173.874
643 393.9570280432417 15.954857613429862 197.31075295215976 401.042 -36.17291 174.146
644 394.7522015195536 15.99503310668555 197.64027233355003 401.857 -36.26143 174.4114
645 395.5917209084641 16.0278351195929 198.0167862292997 402.7259 -36.35992 174.6994
646 396.39026486614256 16.039591209537935 198.3449886796324 403.54 -36.4565 174.9704
647 397.2069372626238 16.07688513000134 198.71666826909347 404.3866 -36.55987 175.2516
648 398.0447077650354 16.13570260387672 199.04502112221937 405.2387 -36.65818 175.5298
649 398.8811594323213 16.171423013522602 199.40569425502719 406.0994 -36.76127 175.8119
650 399.6998441194635 16.223751841501272 199.78333343374314 406.9522 -36.86062 176.092
651 400.5384303709789 16.27679908811279 200.12615129908306 407.8104 -36.9606 176.3696
652 401.3925150340288 16.303507756074904 200.42809813049328 408.6653 -37.05716 176.6545
653 402.2328183614731 16.351576754529262 200.77321632672985 409.5217 -37.14867 176.9473
654 403.0458754085626 16.397629629310146 201.18809117641646 410.3808 -37.23727 177.2463
655 403.88757539632627 16.44092925556395 201.52397142273188 411.2375 -37.3234 177.5323
656 404.7204242183612 16.487946861909087 201.876077566996 412.0933 -37.40675 177.816
657 405.5373520156429 16.53404820726025 202.24708258527093 412.9441 -37.49169 178.0918
658 406.36966345007716 16.610339390752646 202.58668610635297 413.8009 -37.5727 178.3624
659 407.1870370075996 16.64115032980014 202.97247614756472 414.6582 -37.66188 178.6362
660 407.9882520954389 16.713224754974853 203.3547494762895 415.5021 -37.74912 178.9073
661 408.8054794698308 16.793280494079944 203.69153538332966 416.3431 -37.83262 179.1783
662 409.6021109775752 16.83902311972915 204.04401230947894 417.1677 -37.91664 179.4502
663 410.39220179646077 16.844431036900232 204.40173640881332 417.987 -38.00097 179.722
664 411.1852251142038 16.87655226289344 204.72193818403713 418.7969 -38.08222 179.9864
665 411.9724329877437 16.926682033292238 205.05424504893247 419.6091 -38.15827 180.2456
666 412.72809221385245 16.977182415782703 205.40476752376816 420.4007 -38.23307 180.499
667 413.5017165267457 17.012554244209518 205.6931647989879 421.1854 -38.30596 180.7477
668 414.2696907527626 17.058169408962677 205.95799066501755 421.9594 -38.37484 180.9889
669 414.9999298186639 17.095313873828104 206.2926203413187 422.7235 -38.44427 181.2296
670 415.6987873119203 17.141596317761206 206.66287930623776 423.4737 -38.52223 181.472
671 416.4059658646074 17.2016764696477 207.01766138367202 424.2251 -38.60018 181.7147
672 417.1284061272214 17.249524621454935 207.3259749508773 424.9706 -38.6818 181.9531
673 417.8553713785979 17.29307416209138 207.61921157410416 425.7139 -38.76538 182.1916
674 418.57142896777077 17.301651979527588 207.933734219451 426.4553 -38.84576 182.4274
675 419.29766889237595 17.337008462709196 208.19829507560024 427.1913 -38.9186 182.6547
676 420.0034988410456 17.390403916379196 208.48133024848224 427.9167 -38.9893 182.8782
677 420.702575094262 17.43844071645437 208.77626023750923 428.639 -39.06082 183.1044
678 421.3895942611177 17.498775588876732 209.10429633909357 429.3649 -39.13224 183.3307
679 422.0778274172994 17.551606262318177 209.4236586616614 430.0878 -39.20176 183.5566
680 422.76922652223624 17.605438017442022 209.7228065219792 430.8055 -39.26661 183.7827
681 423.5199372321829 17.663937460938698 209.90705191671665 431.5424 -39.32909 184.0151
682 424.17516433674973 17.69262155551301 210.26516097700335 432.2521 -39.38552 184.2421
683 424.87315870757067 17.731615240216954 210.57502581924194 432.9778 -39.44566 184.4755
684 425.5888108256132 17.782311928986257 210.85607906008613 433.7097 -39.51541 184.7061
685 426.2882084159116 17.857707906755262 211.17595832296686 434.4438 -39.58607 184.9369
686 426.98925017077136 17.895581649124253 211.49695444207435 435.1772 -39.6556 185.1676
687 427.6778829870373 17.936313657046938 211.8069557651235 435.8944 -39.72678 185.3968
688 428.3541736976256 17.992668699658058 212.09935295396824 436.5933 -39.80189 185.6247
689 429.02387209371926 18.021820035365007 212.4213842505779 437.295 -39.87998 185.8583
690 429.68187438905113 18.06218536780434 212.74834132555105 437.987 -39.96184 186.0948
691 430.34398969390276 18.122489537031985 213.00369447288827 438.6578 -40.03698 186.322
692 430.9895033249797 18.153085390637397 213.28055015503338 439.3183 -40.11521 186.5498
693 431.6349671853265 18.189099827057873 213.54945129849582 439.9765 -40.19335 186.7754
694 432.25097853319284 18.238959081529234 213.86524570145988 440.6294 -40.26688 186.999
695 432.83474864916155 18.277757501047088 214.1852650934424 441.2583 -40.33301 187.2107
696 433.45679370551636 18.31347853549356 214.4297262921276 441.8895 -40.3994 187.4232
697 434.06595937518233 18.341636083470117 214.71647300857327 442.5242 -40.4691 187.6386
698 434.63777766304906 18.38214775384851 214.96146445786135 443.1116 -40.5317 187.8378
699 435.21353620871434 18.410136956752844 215.22650274663138 443.7097 -40.58993 188.0413
700 435.7897836468352 18.451244159307144 215.4988549494081 444.3114 -40.65105 188.2466
701 436.31404365081914 18.480671745390282 215.779491377906 444.871 -40.71269 188.4403
702 436.88618097116284 18.504250386899592 216.00560338274985 445.4493 -40.77681 188.6415
703 437.4004055199133 18.547466049550486 216.24272530405628 445.9827 -40.83615 188.8272
704 437.9313321692816 18.57597220136267 216.46868572957243 446.5258 -40.89361 189.0156
705 438.44765252306667 18.636397178514365 216.68894411534578 447.0563 -40.94722 189.2012
706 438.9591463004194 18.663580295473174 216.90402572958058 447.5777 -41.00285 189.3847
707 439.46396413619703 18.703466162047217 217.10872998656708 448.0907 -41.0568 189.5643
708 439.9523993172988 18.712038343666975 217.32069078592485 448.5905 -41.11097 189.7399
709 440.4367324012831 18.749898473833127 217.517016062703 449.0822 -41.16507 189.9127
710 440.85706779621665 18.766488476438525 217.7902516811345 449.5511 -41.22241 190.0814
711 441.30173148410205 18.777912374201883 218.01086944863303 450.015 -41.2784 190.2493
712 441.75418982191763 18.83310886539041 218.19304306912085 450.4737 -41.33399 190.415
713 442.18563186774094 18.878600458058425 218.3779003789366 450.9162 -41.38482 190.5699
714 442.5998114542929 18.916040077929168 218.58457826974168 451.3527 -41.43116 190.7215
715 443.0125936121256 18.93464602461547 218.7671846861755 451.7763 -41.47778 190.8714
716 443.41394511806175 18.96857026626012 218.94651773084846 452.1892 -41.5232 191.0192
717 443.8166348106984 19.0069349603964 219.10245475848453 452.5961 -41.57027 191.1612
718 444.18475353982416 19.009689407645066 219.26871310199604 452.9753 -41.61612 191.2926
719 444.55208636898345 19.02801664491374 219.41962068761026 453.3477 -41.66274 191.4237
720 444.8972692715118 19.074767177443338 219.58624893854724 453.7102 -41.70389 191.5502
721 445.2323585492381 19.113598242198666 219.7368342524489 454.0561 -41.74707 191.6725
722 445.5714499818106 19.13869312311293 219.88156777623595 454.4021 -41.79023 191.7949
723 445.8792371598441 19.18633819599066 220.04541147299796 454.7312 -41.8346 191.9114
724 446.20180251366935 19.20331890481192 220.1514945896542 455.0471 -41.87896 192.029
725 446.4763839400902 19.25118194539288 220.32589481674984 455.3537 -41.9151 192.1421
726 446.7609411571888 19.260342275341024 220.4700834257047 455.6532 -41.94952 192.2468
727 447.0547794713806 19.262358334486375 220.56738051260072 455.9458 -41.97617 192.3442
728 447.3102005024735 19.279278456588205 220.72035702466547 456.2262 -42.00704 192.4409
729 447.580248880069 19.30420166852019 220.83725072580032 456.5053 -42.03355 192.5337
730 447.84159750459577 19.32118554808448 220.96775993885794 456.7802 -42.06007 192.6304
731 448.1102735726024 19.345167974712577 221.07016094761036 457.0499 -42.08984 192.7285
732 448.3684152266964 19.36456312215255 221.19662842278635 457.3193 -42.1196 192.8262
733 448.6261353864257 19.393461860990882 221.31160568907268 457.5849 -42.14874 192.9215
734 448.8800253437533 19.419449978884614 221.42886171406298 457.8478 -42.17833 193.0158
735 449.13734360702495 19.4354319245489 221.5379666928661 458.1099 -42.20107 193.1115
736 449.3774422345944 19.451803906114247 221.6819446611768 458.3727 -42.22298 193.2069
737 449.621479721317 19.47861223029443 221.81787262345378 458.6339 -42.24587 193.3069
738 449.86792562025494 19.49992386760323 221.9570908744551 458.8966 -42.27315 193.4109
739 450.1180767386036 19.532566501943368 222.08820327971205 459.1567 -42.30207 193.522
740 450.3595475053504 19.563616919905623 222.259484489572 459.4284 -42.32982 193.6404
741 450.6419352169215 19.566132665330436 222.3483286845347 459.6977 -42.35796 193.7601
742 450.9092768615165 19.58953676290582 222.48348104626743 459.9699 -42.38822 193.8837
743 451.20249131484496 19.624476405938747 222.58266063995492 460.2494 -42.41641 194.0183
744 451.4743255503664 19.647045422832864 222.74970592206398 460.5317 -42.44519 194.1659
745 451.73285625539427 19.679842692264753 222.94319897639824 460.8164 -42.46997 194.3198
746 452.0094844813413 19.69305959672973 223.0921149491674 461.0905 -42.49464 194.4719
747 452.2671158870645 19.724139801838756 223.28509374602203 461.3703 -42.52156 194.6318
748 452.50449963471294 19.712908281287064 223.5041120231098 461.6462 -42.55214 194.7973
749 452.7368390527905 19.714190521440734 223.70770677541833 461.9028 -42.58029 194.967
750 452.98003485423874 19.74531647866847 223.89647010619154 462.1586 -42.6007 195.1399
751 453.2556366788772 19.74298743283912 224.023418205041 462.4096 -42.6202 195.3093
752 453.46377614345323 19.722511333968797 224.22948116304423 462.6558 -42.6418 195.4678
753 453.68084338255 19.733411665487843 224.41287051219976 462.8996 -42.66193 195.6128
754 453.9007975863513 19.76394454731555 224.56749699038966 463.1354 -42.68335 195.7438
755 454.12288585792083 19.762993898801174 224.7193702428031 463.3755 -42.69452 195.8647
756 454.3048103139867 19.78137838887953 224.8624035637801 463.5862 -42.70011 195.962
757 454.52971489170704 19.804530523579338 225.0442959827515 463.8526 -42.71946 196.0754
758 454.7896002960285 19.796387141371643 225.11282854396794 464.1011 -42.73706 196.1766
759 455.0248390672012 19.82816077392213 225.24455638806975 464.3543 -42.75047 196.2736
760 455.25884850389906 19.853876836988004 225.367387524337 464.6036 -42.76345 196.3641
761 455.51100209579147 19.828727858180283 225.4945516508063 464.8704 -42.78446 196.4577
762 455.7689045837523 19.844770165647738 225.61706905640534 465.1394 -42.8119 196.5508
763 456.02822440690977 19.84363594806879 225.71560814138195 465.4025 -42.83862 196.6346
764 456.2847845513699 19.851940573196657 225.84393673514063 465.6751 -42.87317 196.7174
765 456.56058492516564 19.867539791908374 225.92285299322307 465.9486 -42.90391 196.7998
766 456.80757775112926 19.86620764727468 226.03930052395333 466.2106 -42.93432 196.8705
767 457.06868357991976 19.873902978218474 226.12622699031016 466.4742 -42.97107 196.9409
768 457.31534073238663 19.863236637866102 226.1694219752093 466.714 -43.00329 197.0063
769 457.55659706759917 19.87009734344895 226.2325190546879 466.9526 -43.03319 197.0727
770 457.7952066479615 19.87838640090569 226.3055222743825 467.1914 -43.05471 197.1423
771 457.9929117537735 19.893452174477943 226.42063289293054 467.4097 -43.07618 197.209
772 458.20113713454987 19.886978153879582 226.48981231369874 467.6176 -43.09856 197.2758
773 458.41389557173903 19.90788891085735 226.53842734992676 467.8226 -43.12385 197.3493
774 458.5784066491112 19.926897528305993 226.65018901054674 468.0046 -43.15132 197.427
775 458.7173861055375 19.9341966452889 226.76380597443296 468.1669 -43.18329 197.4971
776 458.8528772672281 19.942606139958205 226.88242996485283 468.3295 -43.20345 197.5723
777 459.01268902891263 19.949836866586203 226.95951196677103 468.491 -43.22371 197.6433
778 459.133243577737 19.960162933917452 227.0423173741502 468.6283 -43.24139 197.6916
779 459.26957832860904 19.95260196373633 227.0886764243408 468.7634 -43.2591 197.7388
780 459.3821338246241 19.965578382484832 227.15506255974032 468.8842 -43.27329 197.7883
781 459.4779377140558 19.98034180288126 227.23607884630007 468.9924 -43.28474 197.8525
782 459.5474980363325 19.99262326687044 227.33532701659584 469.0948 -43.29185 197.9181
783 459.6296172878707 20.006463799584928 227.43221598284578 469.204 -43.29579 197.9843
784 459.712321961361 20.021046595265258 227.49995482438453 469.2991 -43.29833 198.0352
785 459.712321961361 20.021046595265258 227.49995482438453 469.3867 -43.30684 198.0824
786 459.7954434056701 20.029264623145377 227.55702106321044 469.473 -43.31315 198.1348
787 459.7954434056701 20.029264623145377 227.55702106321044 469.5559 -43.31632 198.181
788 459.7954434056701 20.029264623145377 227.55702106321044 469.6341 -43.31351 198.2243
789 459.7954434056701 20.029264623145377 227.55702106321044 469.7087 -43.32229 198.2622
790 459.7954434056701 20.029264623145377 227.55702106321044 469.7717 -43.3356 198.3029
791 459.7954434056701 20.029264623145377 227.55702106321044 469.8181 -43.34418 198.3492
792 459.7954434056701 20.029264623145377 227.55702106321044 469.8578 -43.34935 198.4001
793 459.7954434056701 20.029264623145377 227.55702106321044 469.8944 -43.35196 198.4424
794 459.7954434056701 20.029264623145377 227.55702106321044 469.9367 -43.35745 198.4781
795 459.7954434056701 20.029264623145377 227.55702106321044 469.9846 -43.36013 198.5051
796 459.7954434056701 20.029264623145377 227.55702106321044 470.0301 -43.36564 198.5343
797 459.7954434056701 20.029264623145377 227.55702106321044 470.0664 -43.37479 198.5661
798 459.7954434056701 20.029264623145377 227.55702106321044 470.0932 -43.3869 198.6001
799 459.7954434056701 20.029264623145377 227.55702106321044 470.1173 -43.3898 198.6341
800 459.7954434056701 20.029264623145377 227.55702106321044 470.1424 -43.39187 198.6644
