0 0.0 0.0 0.0 1.110223e-16 2.220446e-16 -2.220446e-16
1 0.03147842793229742 -0.01875014585316466 1.001675156842077 0.05154656 -0.02424883 1.000725
2 0.08467822136730475 -0.055500415667043126 1.9993785237449762 0.1464632 -0.05051622 1.995659
3 0.22030752700763329 -0.08678379338040917 2.9911414366847078 0.2879204 -0.07903059 2.986691
4 0.400438643056069 -0.11913785761862591 3.9678382854471614 0.4657503 -0.1102928 3.963845
5 0.5780153703728638 -0.15305853770858122 4.94989597940662 0.6971645 -0.143877 4.934639
6 0.8592093034127981 -0.16482949894917742 5.901548303513095 0.9715689 -0.1802237 5.887651
7 1.1681737943930586 -0.1771877574343558 6.843306751024733 1.288079 -0.2184877 6.826202
8 1.575292380058512 -0.20228319914322987 7.742837287382942 1.651331 -0.254729 7.743952
9 1.9753517125446565 -0.2295622210674817 8.645085548990043 2.050498 -0.2919528 8.64624
10 2.486788628440977 -0.22847983140207903 9.486742566195318 2.488685 -0.3309237 9.527392
11 2.981078019307825 -0.2606510346707267 10.334284062635914 2.966292 -0.3697385 10.38417
12 3.495796645482932 -0.3111928345543472 11.166362183092218 3.483068 -0.4086031 11.2156
13 4.060877306962805 -0.3275806307378387 11.962139653644053 4.03669 -0.4439735 12.01878
14 4.655497992489593 -0.35492284780343725 12.733830201293323 4.631439 -0.4790227 12.79006
15 5.306383222054683 -0.3790739273591567 13.44838024097711 5.252124 -0.5136186 13.53058
16 5.954276166367419 -0.43966929918775666 14.165641039368476 5.913461 -0.5462713 14.23731
17 6.638343847490791 -0.4710251136057391 14.845680033673386 6.602643 -0.5777429 14.91216
18 7.322863752565197 -0.5114152397536084 15.51848504219218 7.315983 -0.6091556 15.55483
19 8.068984200023916 -0.5706895105763343 16.113277281590438 8.059654 -0.636292 16.155
20 8.810308232134979 -0.5931914030678044 16.711307509326115 8.824947 -0.6652783 16.72174
21 9.56516914442368 -0.5738232427384001 17.2910354128429 9.617499 -0.6938755 17.24835
22 10.35305711710897 -0.6191226692232786 17.824915338445177 10.43572 -0.7209802 17.73582
23 11.197057758602986 -0.6433343003713375 18.265776359574204 11.27339 -0.7448949 18.18861
24 12.05064475147335 -0.6624416320660299 18.70591835756627 12.13844 -0.7707228 18.60541
25 12.932705655338866 -0.6852503393744962 19.093325612768954 13.02386 -0.7968987 18.98486
26 13.828287228979931 -0.701162406050634 19.452660358526785 13.92282 -0.8194983 19.33529
27 14.77884841696043 -0.7159346306786373 19.678195403413834 14.84567 -0.8398217 19.65558
28 15.719271733256615 -0.7323874579409698 19.97801946895236 15.78819 -0.859011 19.94858
29 16.687236848726986 -0.7533473885049705 20.19861373828589 16.74609 -0.8779579 20.20959
30 17.64061488612761 -0.7766625867209833 20.47456670279668 17.71096 -0.8926428 20.4429
31 18.612458450575996 -0.8080675447875973 20.710622210579345 18.69074 -0.9066816 20.64544
32 19.594706083954893 -0.8519774529347742 20.964690545853568 19.69166 -0.9204752 20.81649
33 20.613459367387147 -0.8480025198321163 21.094912805101647 20.70872 -0.9323174 20.9589
34 21.64276194059427 -0.8576809537078114 21.23873813819327 21.74157 -0.9423525 21.0745
35 22.690349573943074 -0.8718147508578845 21.342227739067088 22.79076 -0.948405 21.16118
36 23.75411514705932 -0.8788921360986699 21.373164744979388 23.85365 -0.951047 21.21468
37 24.82548686124765 -0.9060910048303003 21.487365297067075 24.93112 -0.9519265 21.24069
38 25.91778589042595 -0.9104566890632495 21.498101685572212 26.02348 -0.9509506 21.24027
39 27.01716053398549 -0.9315633911689647 21.597119859785842 27.12723 -0.9489508 21.21564
40 28.13332644897635 -0.9216026560692505 21.595800862862465 28.24249 -0.9456288 21.16969
41 29.26199409570725 -0.9010908396588327 21.558923801069017 29.37022 -0.9414386 21.10741
42 30.389442030878005 -0.8736338270038786 21.42787382431239 30.50291 -0.9363594 21.0296
43 31.529105407795754 -0.8855387012815318 21.346867991364228 31.64196 -0.9296868 20.93984
44 32.67855789737216 -0.8957344986160548 21.344059786678063 32.78682 -0.9216773 20.83696
45 33.83166586605753 -0.8736269046415992 21.205699385947987 33.94232 -0.9117462 20.71859
46 35.01079849142939 -0.8526951016795192 21.16528748188967 35.11473 -0.9007201 20.58533
47 36.210301045416 -0.8218511258082815 21.07067701926032 36.30912 -0.8891584 20.43698
48 37.421032026045594 -0.782914412403606 20.869507118689906 37.5268 -0.8781568 20.2789
49 38.66830947114455 -0.7605337251487359 20.764256970343148 38.76733 -0.8670199 20.11085
50 39.91707565325669 -0.684402873421211 20.549799992344457 40.02403 -0.8564479 19.93253
51 41.19669270334995 -0.6381116618344399 20.35660140089689 41.3055 -0.8460362 19.74648
52 42.49534920593265 -0.6132815539711931 20.145291541726962 42.60679 -0.837548 19.55065
53 43.818267434063216 -0.5128731981213617 19.947193681168148 43.93278 -0.8295496 19.34786
54 45.1680951932728 -0.47771693209854355 19.747748157370147 45.28137 -0.8187903 19.13753
55 46.54099185916503 -0.43402531724244947 19.578120132573332 46.6485 -0.8059921 18.92231
56 47.917023665174604 -0.39497892774271476 19.297168564708194 48.03559 -0.790753 18.69944
57 49.33595359130625 -0.3505158899141848 19.17854220762383 49.44201 -0.776593 18.47318
58 50.76574391259503 -0.2914035437376596 18.95589918283286 50.87125 -0.7612088 18.23994
59 52.22303171725323 -0.2812453473724279 18.816220234224424 52.31634 -0.7488661 18.00571
60 53.70646718533512 -0.2519341572729281 18.718728509458444 53.78414 -0.7385593 17.76822
61 55.20425446894385 -0.18193832980077607 18.535107326304445 55.27561 -0.7282464 17.52865
62 56.7259469806395 -0.15350943306734033 18.3772216517328 56.7869 -0.7193216 17.28947
63 58.27278017932765 -0.12669677371796279 18.254863815627054 58.3197 -0.7090229 17.04698
64 59.83786483601253 -0.060255432531527 18.165116248901423 59.87004 -0.6982294 16.80555
65 61.427971493789734 -0.03414009467998841 18.00597830026297 61.44932 -0.6898538 16.56009
66 63.03549250683728 0.011403223864690067 17.85681372639049 63.04564 -0.682234 16.31483
67 64.65244775116858 0.06986070524756997 17.62204514425027 64.66146 -0.6742945 16.06555
68 66.29650584908511 0.12579822792772266 17.487184860483143 66.29273 -0.665932 15.81429
69 67.95309440434163 0.19792148301293871 17.41310857260868 67.93358 -0.6566595 15.56429
70 69.62331147675494 0.19467690941537397 17.26041828930347 69.59146 -0.6495479 15.31065
71 71.27973134705032 0.24085817475746743 16.925168538033052 71.26348 -0.6455501 15.06048
72 72.96856740333502 0.28665593777955006 16.69524302627861 72.94957 -0.6411509 14.80708
73 74.68539662977723 0.33562323448337184 16.52531225226186 74.65679 -0.6351425 14.55382
74 76.40915275656359 0.4068662024784877 16.312429841086242 76.37583 -0.6266393 14.29583
75 78.13980638180533 0.49577334594604133 16.032833601422574 78.11207 -0.6192733 14.03765
76 79.91081087332887 0.5346802483604758 16.01447138580156 79.86417 -0.6121849 13.77611
77 81.69195289640926 0.573643620451047 15.994702951595212 81.62656 -0.6069533 13.51471
78 83.48288659387825 0.5990998476082677 15.858199245420222 83.40315 -0.6037449 13.2493
79 85.27535982729633 0.6616339908704825 15.609250627452967 85.19377 -0.601808 12.98
80 87.07608037529475 0.7700003025920718 15.289770726931705 87.00538 -0.5994816 12.70711
81 88.9005552700942 0.8349016750372638 15.035261612381047 88.82747 -0.5948763 12.42843
82 90.73562946763354 0.9206417467613092 14.742143772520317 90.66661 -0.5892579 12.14861
83 92.5936969374062 0.976511868411574 14.52350873807775 92.51613 -0.5822604 11.86127
84 94.48169293745437 1.0239231766157182 14.613237434391651 94.38417 -0.576158 11.56935
85 96.36732266701017 1.1333932092907861 14.375602448176123 96.26377 -0.5690865 11.26751
86 98.25711472211846 1.1955705018137974 14.071506546215408 98.15387 -0.5670654 10.95901
87 100.17013754427859 1.2180204303764055 13.854153538625733 100.0527 -0.5652429 10.63988
88 102.07696193173084 1.2147936703115274 13.54955789880164 101.9553 -0.5641477 10.30991
89 104.00062144384978 1.267324097665462 13.266231501043551 103.8698 -0.5624452 9.966128
90 105.94336945556763 1.2973214311564973 13.06246508690289 105.791 -0.5643553 9.611618
91 107.90980051547233 1.3361989134809629 12.994370042514667 107.7248 -0.5687973 9.246382
92 109.86609142708429 1.3881812565028964 12.69789453294093 109.6683 -0.5717942 8.871585
93 111.81173326385182 1.4120151588657182 12.281266875764326 111.6206 -0.5733449 8.486629
94 113.78640141404024 1.4909661986047913 11.966071670426565 113.5815 -0.5728043 8.086921
95 115.75534882855386 1.486487111232717 11.566182629871523 115.5478 -0.570538 7.674193
96 117.71435370437811 1.5444278205183286 11.092917794059224 117.5182 -0.5680584 7.246929
97 119.6871346411538 1.5954747597650958 10.633756983591638 119.4963 -0.5658779 6.808278
98 121.69202876677056 1.6577392537104632 10.253327226660934 121.4861 -0.5645652 6.351224
99 123.68353202977725 1.7083192923500032 9.770856382953594 123.4817 -0.5636678 5.883248
100 125.6517060492287 1.7384378902696427 9.182359894830983 125.4794 -0.5607338 5.403529
101 127.67583478986347 1.7835113195502665 8.756289489140178 127.4889 -0.5591517 4.911013
102 129.68305276863288 1.8074133697478498 8.231446916089906 129.5004 -0.5556139 4.402279
103 131.74666968593792 1.8327302876393714 7.906376539662518 131.5233 -0.5494115 3.880107
104 133.7318786015772 1.8673820102833019 7.241095420414131 133.5486 -0.5427542 3.348158
105 135.76965172970893 1.9510193810481544 6.7166223827180795 135.5837 -0.5360354 2.806947
106 137.85016191066725 1.9967770444892785 6.345562215008427 137.625 -0.5295973 2.257989
107 139.91094728331166 2.0386873553484377 5.811344879479387 139.6797 -0.5224538 1.699296
108 142.0078027487047 2.1222833082152293 5.460272916454922 141.7304 -0.5179993 1.132152
109 144.08625838937752 2.2102154540656183 4.947969731685948 143.7927 -0.5127373 0.5515872
110 146.18153159931316 2.270604863318714 4.459091851355388 145.8618 -0.5061993 -0.0413721
111 148.27542734943964 2.2900810151363142 3.9501169013246713 147.9305 -0.5006247 -0.6449311
112 150.35892937260778 2.336319022845444 3.360541880937438 150.0068 -0.4959689 -1.261108
113 152.46161803886457 2.3843342034932595 2.77489359656537 152.0968 -0.4898301 -1.892338
114 154.57059081446315 2.4604964567741403 2.2254536148210526 154.1812 -0.4829921 -2.533182
115 156.69859042240017 2.4990749210293055 1.6927489604412216 156.2753 -0.4753909 -3.187653
116 158.81458419390646 2.5011382364008403 1.0883554657170205 158.3734 -0.467684 -3.851462
117 160.91577556329932 2.5072742813440687 0.4172795651158663 160.4737 -0.4608735 -4.525316
118 163.02903118762404 2.51904679372432 -0.2709720345290916 162.5875 -0.4555311 -5.211974
119 165.16464151979991 2.5391412272526797 -0.9052738283186125 164.7037 -0.4525483 -5.908582
120 167.29399891013566 2.5831196229965325 -1.5874762564886686 166.8257 -0.4495307 -6.614701
121 169.4305606355259 2.6171107180077273 -2.277473152128448 168.9537 -0.4456125 -7.331463
122 171.58196619790644 2.6559541793866543 -2.9532009739463216 171.0871 -0.4416744 -8.063072
123 173.75717949958863 2.716836451414452 -3.573938632898937 173.2245 -0.4365523 -8.806086
124 175.8739403125102 2.787230640693481 -4.391068295319711 175.3665 -0.4294089 -9.557829
125 178.02076778907517 2.8271953210289142 -5.160546771661371 177.5169 -0.420933 -10.31827
126 180.12865730705218 2.8556797650066517 -6.047529805231907 179.6714 -0.4118277 -11.0856
127 182.28228085212865 2.9287587837029654 -6.835346555112873 181.8303 -0.4043634 -11.86225
128 184.44367252280364 2.9852158307952483 -7.635169763873782 183.9969 -0.3985802 -12.64986
129 186.62926123179616 3.042954404083832 -8.395943742094246 186.1699 -0.3990509 -13.44797
130 188.84751020191229 3.0943341289011745 -9.070826990421189 188.344 -0.4000549 -14.25545
131 191.06460104894273 3.0879985573120314 -9.7699818528036 190.5195 -0.4013833 -15.07493
132 193.23133765344068 3.113378738828258 -10.66022543409563 192.7087 -0.4038655 -15.90879
133 195.4609797026617 3.168636047920131 -11.398319627649615 194.901 -0.4035663 -16.75316
134 197.63311031222537 3.2216471413847394 -12.300315387149686 197.093 -0.4021162 -17.60738
135 199.8640182064773 3.269900830758326 -13.091225211271269 199.2958 -0.4006638 -18.47484
136 202.04921438114667 3.346381057120153 -13.956000915980415 201.4804 -0.4011965 -19.34449
137 204.28467629669484 3.3203304621873277 -14.773737912434903 203.6882 -0.4030819 -20.23459
138 206.49751250611445 3.3825017148661525 -15.602684201241816 205.877 -0.4061955 -21.12723
139 208.75077239950718 3.432592037496778 -16.36274006436156 208.0748 -0.408323 -22.03665
140 210.9657567619674 3.448458942567173 -17.24261012825106 210.2746 -0.4072563 -22.95396
141 213.18586011397812 3.4957896386974854 -18.11648098379701 212.4744 -0.4051777 -23.87896
142 215.3962215320734 3.5823975620998905 -19.00371335785612 214.6697 -0.4036944 -24.80688
143 217.61981663611272 3.6494751707160225 -19.886853305002607 216.8716 -0.4053455 -25.7452
144 219.83242645471867 3.6675881751534174 -20.83938690910478 219.0854 -0.4089666 -26.69513
145 222.01467511050404 3.7176512424014425 -21.802543684048658 221.2752 -0.4145729 -27.6423
146 224.26120633638166 3.771786429916458 -22.641327349370844 223.4748 -0.4227878 -28.5989
147 226.51414771241352 3.8299653073602595 -23.47476916524164 225.6743 -0.432373 -29.5663
148 228.71802306734335 3.9062909726642663 -24.425744952818118 227.8686 -0.4418329 -30.54211
149 230.96084293538303 3.922809998054514 -25.298344836444635 230.0656 -0.4485622 -31.5245
150 233.0505675658851 4.029707172932723 -26.483212290882435 232.2584 -0.4502008 -32.51137
151 235.1195215922589 4.087230155954493 -27.705950114366843 234.4478 -0.4516442 -33.50409
152 237.30186707880696 4.092603461990447 -28.730671938651238 236.6402 -0.4545615 -34.50713
153 239.51988959554322 4.1112972305619575 -29.667275261127635 238.8266 -0.456504 -35.51552
154 241.72715755703626 4.166433320196625 -30.63043616230996 241.0098 -0.4583595 -36.53355
155 243.937634956327 4.1939494408348335 -31.58040769639639 243.1866 -0.4598154 -37.55871
156 246.1530273290888 4.209392168884907 -32.51249368256302 245.3571 -0.4618584 -38.59114
157 248.20267168941754 4.299193038450579 -33.76606104915858 247.5244 -0.461475 -39.63198
158 250.4137346425787 4.285744295455337 -34.70438335780896 249.6839 -0.461446 -40.68364
159 252.52099873212705 4.375728562421906 -35.86185154679068 251.8424 -0.4628392 -41.74631
160 254.68612311989347 4.407085630394256 -36.89193114979509 253.9896 -0.4623208 -42.81371
161 256.8654581194633 4.448286554237297 -37.91313293029511 256.1425 -0.4599411 -43.89031
162 259.0126262554355 4.497756647940466 -39.01016932570946 258.2951 -0.4566041 -44.97777
163 261.14342653558464 4.582849616844667 -40.13920448910649 260.4446 -0.451586 -46.07408
164 263.33584986164755 4.669941099629298 -41.15462040205636 262.5925 -0.4468931 -47.18398
165 265.40015674146446 4.696980423833491 -42.40745388078731 264.734 -0.4443228 -48.30007
166 267.55061950037043 4.757112330614943 -43.554553500852585 266.892 -0.442692 -49.43452
167 269.74608288426253 4.796665696628913 -44.561939624311854 269.0255 -0.4394885 -50.56793
168 271.91967278680005 4.853026902771646 -45.665717391355635 271.1744 -0.4357941 -51.72041
169 274.1817656045914 4.92049519463368 -46.61195657219854 273.3318 -0.4312748 -52.88771
170 276.33599981772403 4.945632506694747 -47.787888600380306 275.487 -0.4244063 -54.06212
171 278.5711254653983 5.018848089919088 -48.851180183740624 277.658 -0.4182424 -55.25311
172 280.8382168798364 5.1229620996972765 -49.851292543014374 279.8273 -0.4128268 -56.45514
173 283.07968107926166 5.201934146504051 -50.9690930372671 282.0168 -0.4105826 -57.67414
174 285.32357848342036 5.223498765527388 -52.04852196113277 284.1885 -0.4095589 -58.89251
175 287.57901012016293 5.3567826231673825 -53.14167245786315 286.3724 -0.4079618 -60.12956
176 289.7418833570255 5.43743266863531 -54.453852122428415 288.5702 -0.4045488 -61.38495
177 291.90257580462264 5.584569737976107 -55.776436366720795 290.7704 -0.3986685 -62.64929
178 294.15612570385883 5.645656285548193 -56.97455780306437 292.9827 -0.3908822 -63.92341
179 296.4408311132772 5.73643990639027 -58.12051042248987 295.1953 -0.3821466 -65.20624
180 298.7004258569054 5.817990043185987 -59.35730083812934 297.4212 -0.3713999 -66.50521
181 300.8111329135561 6.011708295655275 -60.820183481610094 299.6423 -0.3587114 -67.80874
182 303.1552798922288 6.054515342029704 -61.92840538380927 301.8763 -0.3470056 -69.1256
183 305.4604689907152 6.119773106851941 -63.13182959615748 304.1141 -0.3372516 -70.4517
184 307.7581319044488 6.201756443738003 -64.37703439570933 306.3593 -0.3307952 -71.79168
185 310.06919426590656 6.261259641646126 -65.62816312970276 308.6134 -0.3233356 -73.14403
186 312.4346924056196 6.314741396256402 -66.79983304598034 310.8714 -0.3126191 -74.51245
187 311.41188246574535 6.6835761016489466 -69.21756186200292 313.1301 -0.2971879 -75.90012
188 311.17922286897385 7.121707395979209 -71.82901915103307 315.3852 -0.2796424 -77.30725
189 313.82796418750604 7.210045508650187 -72.10682632259524 317.6383 -0.2578412 -78.72988
190 316.45292641431985 7.282872659826892 -72.63684128792515 319.8954 -0.2381554 -80.17271
191 319.0651400206744 7.356014285168746 -73.28497896465169 322.1579 -0.2197853 -81.63211
192 321.6841276440461 7.392804340968808 -73.89801250548587 324.412 -0.2016825 -83.10009
193 324.2744487686664 7.406059760074543 -74.63620803970643 326.6626 -0.1825361 -84.57972
194 326.91783698569895 7.430209357574907 -75.14487131063099 328.9055 -0.1608324 -86.06826
195 329.5437539907967 7.476405303449218 -75.76708134140226 331.1477 -0.1383913 -87.57051
196 332.12119304353195 7.469598886392618 -76.57791439724816 333.384 -0.1125608 -89.08675
197 334.725816891117 7.491009811815614 -77.29855716379087 335.6133 -0.08455148 -90.61426
198 337.33998958678086 7.498021229101818 -77.99397721972818 337.8389 -0.05242768 -92.15154
199 339.94070405880166 7.441706106233093 -78.73433827416267 340.056 -0.01599584 -93.70014
200 342.58606537775256 7.444082108492719 -79.34858830546496 342.2752 0.02333862 -95.26502
201 345.1887245632586 7.464196279778219 -80.12166036132086 344.4892 0.0633751 -96.83616
202 347.7854668022466 7.479569367433806 -80.91752197230215 346.701 0.1024766 -98.41195
203 350.39238660990986 7.503783702562652 -81.69327112850043 348.9103 0.1402984 -99.99813
204 353.00292191475546 7.462275210166933 -82.43997937362782 351.1094 0.1754218 -101.5909
205 355.58232264129066 7.459773185274679 -83.33089945635483 353.3107 0.2141195 -103.2033
206 358.22432752145994 7.437932100383331 -83.97606006138585 355.4996 0.2539708 -104.817
207 360.8356200832153 7.408983608643443 -84.73593165623595 357.6809 0.2903191 -106.4411
208 363.43823784978 7.391842038602839 -85.56445269602172 359.867 0.3297903 -108.0781
209 366.07132443352964 7.396080903388377 -86.25018469515423 362.0386 0.3801369 -109.7167
210 368.6921395030714 7.357147068546537 -86.98300486361839 364.2051 0.433594 -111.3631
211 371.28373775330925 7.296557717870463 -87.80448122836724 366.3626 0.4855505 -113.0176
212 373.8659266582904 7.258207565966401 -88.66153648096734 368.5148 0.5357534 -114.6817
213 376.4501708302994 7.231022925568697 -89.48744604306479 370.6543 0.5857535 -116.3494
214 379.0370148163659 7.1866769944294076 -90.31944957956455 372.7925 0.6347512 -118.0262
215 381.60303026624354 7.121670438819525 -91.22045418736796 374.9322 0.6806409 -119.7055
216 384.2337359431805 7.0723594564348335 -91.7870465582485 377.0444 0.7141844 -121.3733
217 385.6951923740236 7.516732276455845 -94.02004098863904 379.1489 0.732239 -123.0734
218 388.12858547831945 7.627669486060094 -95.20233946794495 381.246 0.7514499 -124.7861
219 390.8026161368374 7.594168032548792 -95.67154360092232 383.3531 0.7912642 -126.4979
220 393.26637729585326 7.525112251948416 -96.81059542213265 385.4625 0.8581189 -128.2062
221 395.8496419844925 7.445623132451651 -97.62224844131894 387.5638 0.9375737 -129.914
222 393.50253574780413 7.556547056435766 -98.9518687846735 389.6489 1.01544 -131.6273
223 396.07066351947253 7.468254435865997 -99.75724938754036 391.7168 1.088896 -133.3507
224 395.93232260546256 8.23272447174753 -102.33771632203867 393.78 1.154913 -135.0831
225 398.4712114562527 8.220615326678672 -103.24708088460709 395.8385 1.214067 -136.8244
226 397.6319692150913 8.628955711765876 -105.77746003055303 397.8934 1.272858 -138.5702
227 396.81129556816313 9.03857005857405 -108.3105264311844 399.9429 1.334967 -140.3176
228 395.97647247526334 9.441386001263135 -110.83070887519769 401.9775 1.399861 -142.0688
229 395.1373699957082 9.846266818754064 -113.36381002642578 404.0132 1.46395 -143.8398
230 397.3852679474365 10.055312440778978 -114.82855371421824 406.0396 1.53057 -145.6094
231 400.01674517227724 9.938908437895403 -115.39478305107127 408.0639 1.596786 -147.3861
232 402.67872621820925 9.816925682065119 -114.99463320512008 410.0865 1.665192 -149.1653
233 405.35764351242756 9.681458199494102 -115.09814841582755 412.0999 1.73948 -150.9391
234 405.8129361621897 10.37497197100868 -117.66531356742728 414.1199 1.820766 -152.7256
235 408.3781879461479 10.351038242581204 -118.46263279646438 416.1297 1.902123 -154.5063
236 410.9545610626294 10.273575219042344 -119.2095550890064 418.1369 1.980352 -156.2858
237 410.3971984717226 9.84432366038971 -116.61983408898865 420.1401 2.051261 -158.0701
238 413.0042927140561 9.747346887349531 -117.25158839330184 422.1413 2.117805 -159.8579
239 415.5084817554561 9.7412740618096 -118.22777777204097 424.1424 2.186326 -161.6509
240 418.0385414280598 9.671589253281441 -119.11161419924956 426.1357 2.256082 -163.4423
241 420.5282666308779 9.635477026317345 -120.11213354892594 428.1288 2.325413 -165.2378
242 422.9652191754665 9.636877587679665 -121.21406208147793 430.1109 2.396912 -167.032
243 425.41227037279486 9.594210434490927 -122.30637600251717 432.0961 2.47181 -168.831
244 427.9161826909049 9.543616901781801 -123.23785323982658 434.0721 2.549279 -170.628
245 430.39979534718884 9.496286387192246 -124.22923816899585 436.0531 2.650572 -172.4221
246 432.9157120498493 9.44513577151926 -125.12676401354827 438.042 2.755615 -174.2029
247 435.3822809008564 9.37964166801601 -126.1248113033459 440.03 2.84391 -175.9705
248 437.848463848541 9.308286667802522 -127.1699325874539 442.0339 2.921911 -177.7475
249 440.29228990788476 9.2395900769868 -128.26226691519582 444.0392 3.006852 -179.52
250 442.6701627947981 9.24801439755245 -129.49050760674663 446.046 3.098726 -181.2884
251 445.13379458161154 9.206175692635156 -130.515698768861 448.0532 3.192574 -183.0447
252 447.60890926189927 9.137638098701762 -131.50128810125193 450.064 3.278015 -184.7916
253 450.0984147684468 9.078767040600152 -132.47661798242214 452.0924 3.358861 -186.5327
254 452.5968658365137 8.986939710397667 -133.41940159103646 454.1251 3.436998 -188.2652
255 455.087813519769 8.84833134345703 -134.36715475193822 456.158 3.516788 -189.9924
256 457.5326465759733 8.720485795148523 -135.4235782570461 458.1873 3.593514 -191.7203
257 459.92082586941393 8.634209619946212 -136.60921915670102 460.2152 3.669483 -193.4519
258 462.5166308252897 8.426675336265143 -137.1982986295844 462.2462 3.750848 -195.183
259 464.1384487584517 8.090537961866652 -135.10903622647274 464.2791 3.835891 -196.9059
260 466.57024086376947 7.91528389183287 -136.17899480750026 466.3135 3.921999 -198.6214
261 468.9389466703315 7.7792991603441 -137.39301366643548 468.3509 4.004216 -200.3376
262 471.2874825974198 7.713826720937191 -138.63613510448664 470.3839 4.079549 -202.0483
263 473.7425517099821 7.578063399211464 -139.6747146635507 472.4259 4.154116 -203.7656
264 476.1199315204854 7.522363444995054 -140.8817202221739 474.4683 4.23021 -205.4787
265 478.4346268753746 7.4423978638651045 -142.19668285582284 476.5113 4.309712 -207.1855
266 480.86045191003024 7.336395977176657 -143.2852127028276 478.5558 4.389454 -208.8868
267 483.1815162359537 7.237764319721349 -144.5925377010962 480.606 4.471449 -210.5886
268 485.51345028160415 7.25276847809062 -145.87475728158662 482.6545 4.555624 -212.2853
269 487.9167914095434 7.155472925410611 -147.02175823559168 484.7071 4.640076 -213.9826
270 490.38537858623073 7.034482520176634 -148.0086254599745 486.7577 4.720801 -215.677
271 492.6110989271476 6.977912132402798 -149.463209527887 488.8066 4.799764 -217.3707
272 495.07772639216597 6.899255386427034 -150.4722797507583 490.8629 4.88093 -219.0659
273 497.3785900983178 6.906534844463328 -151.81089087493623 492.9166 4.960767 -220.7576
274 499.7399796296225 6.853231051661206 -153.03761728498787 494.9713 5.038016 -222.4476
275 502.20662021820027 6.710386126565399 -154.02676795987819 497.0247 5.116707 -224.1389
276 504.76609458893734 6.49837030084834 -154.69906495467325 499.0722 5.193552 -225.827
277 507.19336850874015 6.383756481290718 -155.81178076503826 501.1328 5.267707 -227.5274
278 509.62433979492204 6.26487079053307 -156.89250447676724 503.1867 5.349108 -229.2205
279 511.90580737296153 6.155458126705801 -158.26028648410346 505.239 5.43277 -230.9143
280 514.3184537727749 6.010088582402889 -159.37570336584844 507.2915 5.519275 -232.6072
281 516.6237623348572 5.937540107200563 -160.69227707476554 509.3381 5.605249 -234.2975
282 518.9661994068946 5.864106871120395 -161.96857459744925 511.3939 5.689304 -235.9969
283 521.3329838084992 5.789883557488216 -163.1842344166666 513.4454 5.773309 -237.6908
284 523.7234588124993 5.723810472422384 -164.35342908569373 515.4974 5.857608 -239.3843
285 526.369469330278 5.577562636077814 -164.59272575469342 517.5493 5.942483 -241.0762
286 528.6174880421192 5.069072282791285 -163.262955359486 519.6014 6.026971 -242.768
287 531.0244473738987 4.951590793301228 -164.40478281867405 521.6574 6.115358 -244.4639
288 533.4010081485008 4.84761952456566 -165.5994790597982 523.7106 6.206642 -246.1557
289 536.0428087043912 4.647477108863067 -165.8361957690047 525.7627 6.29972 -247.8455
290 538.5505913226923 4.492170658869228 -166.71447382230068 527.8159 6.392878 -249.5367
291 540.9958334875666 4.29523179238128 -167.73083047339705 529.8651 6.486799 -251.2228
292 543.4816106294136 4.1307032051139645 -168.6886195421819 531.9262 6.582378 -252.9158
293 545.7944664196426 4.045365508085425 -170.00199508295677 533.9814 6.677372 -254.6036
294 548.0784088104244 3.868943979931404 -171.3592244298225 536.0377 6.771372 -256.2925
295 550.469723404014 3.7133935563052995 -172.52415009449828 538.0951 6.865967 -257.983
296 552.7983490124036 3.5732228501695604 -173.81510969294217 540.1536 6.964906 -259.6746
297 555.0278416545294 3.38259332486186 -175.2670673523486 542.2136 7.066817 -261.3661
298 557.530917095286 3.099885026039513 -176.12531971782295 544.2679 7.168745 -263.0547
299 559.9272926349246 2.9149333249333815 -177.279431447423 546.3253 7.265256 -264.7478
300 562.4206153610153 2.7314303854538107 -178.18249783036381 548.376 7.35715 -266.4366
301 564.7902601152106 2.598175602908103 -179.40873689937092 550.4365 7.450904 -268.1343
302 567.017953893991 2.4749768773454344 -180.87640373674625 552.4956 7.551427 -269.8319
303 569.3802540641904 2.3289669269584974 -182.09889094022466 554.5493 7.654529 -271.5254
304 571.7260117269398 2.193053520356801 -183.3588377218794 556.6051 7.757167 -273.22
305 574.0885316095023 2.030572183833924 -184.57991809783096 558.6591 7.857401 -274.9141
306 576.2426195709681 1.9635896426901425 -186.16298706584055 560.7204 7.957556 -276.6146
307 578.5361967178321 1.8765331798254263 -187.52416748188298 562.7775 8.058037 -278.3114
308 580.774600984363 1.6370337385524216 -188.96334561532248 564.8386 8.161795 -280.0085
309 582.9722689230576 1.5220784480930818 -190.46968781717092 566.8959 8.267916 -281.7021
310 585.2088120438598 1.4220651010230556 -191.91335222780438 568.9502 8.373989 -283.3947
311 587.275249277641 1.463185216841252 -193.61328994885136 571.015 8.48345 -285.0936
312 589.5169545077803 1.4507949493010848 -195.06512922006758 573.0773 8.593947 -286.7871
313 591.5745839788096 1.503357358573716 -196.761686697869 575.1384 8.705148 -288.4766
314 593.8618310929679 1.4581350683752354 -198.1371297896571 577.2007 8.816896 -290.1677
315 596.1637613053547 1.2962450445388154 -199.45717343424008 579.254 8.924907 -291.8529
316 598.5783520830684 0.9769726235040674 -200.54298105150738 581.3141 9.03162 -293.5428
317 600.3710934865487 1.0016527823830355 -202.50874664823263 583.3713 9.137328 -295.2267
318 602.679698425127 0.8316063748367994 -203.8400104934615 585.4383 9.245509 -296.9139
319 604.8501257990532 0.7119411566465255 -205.42106079458026 587.519 9.353208 -298.6121
320 607.2989105694269 0.5002265101517549 -206.32399189700533 589.5489 9.456599 -300.263
321 609.5836500935337 0.43235040868666275 -207.68207560460922 591.6108 9.561344 -301.9383
322 611.8460252021987 0.4350202653970804 -209.07176761573362 593.6716 9.666809 -303.6091
323 614.2141300021749 0.30402623868741363 -210.27367641231498 595.737 9.775807 -305.28
324 616.6681104806311 0.0792601168119006 -211.26921811409184 597.8027 9.883665 -306.9488
325 619.1290425516454 -0.039850170243830405 -212.25544308012098 599.867 9.992222 -308.6131
326 621.4594580330413 -0.29880555742594134 -213.50878728187232 601.9345 10.09861 -310.2813
327 623.8108612686956 -1.1092056153448115 -212.56310249697847 604.0024 10.20684 -311.9523
328 625.7671573720537 -0.9754478154783961 -214.36249684393553 606.0701 10.31717 -313.6242
329 628.0273417919844 -1.1294676846098421 -215.74559526701142 608.1333 10.43016 -315.2902
330 630.4215260421136 -1.3665509336080928 -216.8911685783182 610.2041 10.54205 -316.9635
331 632.7506122041557 -1.5190021514665024 -218.1684374483519 612.2707 10.65103 -318.6358
332 635.1179235319343 -1.6454005173713733 -219.36042840275024 614.3316 10.75646 -320.3039
333 637.4036732633874 -1.7196226557195569 -220.72690969491654 616.4014 10.85851 -321.9781
334 639.8299361930411 -1.9056825223265617 -221.79150414555318 618.4658 10.96062 -323.6462
335 642.0680461105592 -2.0247059672409904 -223.227348248361 620.535 11.06765 -325.3171
336 644.1263415294605 -2.0588582673825897 -224.91901808580718 622.6067 11.17705 -326.9891
337 646.4671012000059 -2.176955503626085 -226.17631294682434 624.6751 11.28685 -328.6575
338 648.801375292137 -2.426656553386764 -227.4318049349125 626.7459 11.39641 -330.327
339 651.0042571849676 -2.5368260900683057 -228.91595509305893 628.8138 11.50486 -331.9942
340 653.2462830444862 -2.6937000918019205 -230.35089055074673 630.8887 11.61229 -333.6656
341 655.5164917285301 -2.825590416510903 -231.72880749818577 632.9587 11.72232 -335.3308
342 657.849091672546 -2.888497960983406 -233.01443076498106 635.0324 11.83193 -336.9998
343 660.3326984638544 -3.102291144643357 -233.91268890810426 637.0951 11.9409 -338.6594
344 662.6808803099344 -3.2544583458593794 -235.15021746256838 639.1659 12.04805 -340.3234
345 664.989576280033 -3.365708312428139 -236.46669961614631 641.2374 12.15564 -341.9886
346 666.9324696111889 -3.359775769247025 -238.27502834928129 643.3047 12.26642 -343.6496
347 669.2763566330109 -3.5669788678164625 -239.50742181911045 645.375 12.37656 -345.3101
348 671.5351893862248 -3.749712035184292 -240.89041956222184 647.4454 12.48249 -346.9686
349 673.7094974987356 -3.921051706932974 -242.4000994914635 649.5155 12.58629 -348.6239
350 676.1349432669534 -4.051810805385436 -243.48158220385707 651.5913 12.69235 -350.282
351 678.098786630746 -4.040818474886471 -245.2642714044912 653.6623 12.80042 -351.9355
352 680.2641306250276 -4.064352214682058 -246.79711632763897 655.7358 12.91009 -353.587
353 682.1463128657982 -4.084233795869776 -248.6589836631001 657.8057 13.02023 -355.2341
354 684.1762265186676 -4.136063216276453 -250.3600976557456 659.8779 13.13 -356.8806
355 686.4271256424555 -4.261670512763621 -251.770277058694 661.9586 13.23887 -358.5328
356 688.3751620268757 -4.305746047511166 -253.57315397645942 664.0361 13.34665 -360.1819
357 690.5754120563729 -4.397717975033321 -255.05084351308247 666.112 13.45227 -361.8289
358 692.8050882128509 -4.5055061914010786 -256.4854802361749 668.1904 13.55813 -363.4752
359 694.877964570721 -4.43480139487621 -258.1452798235745 670.2712 13.66357 -365.1232
360 697.0888307667652 -4.571443322883688 -259.6075548829253 672.3505 13.76872 -366.7695
361 699.2326929301029 -4.625262209404802 -261.1786385567513 674.4325 13.87413 -368.4192
362 701.5103772591036 -4.662670340195108 -262.538963116985 676.509 13.97893 -370.0675
363 703.6538472381905 -4.745557244742305 -264.10799867614463 678.5876 14.08324 -371.7203
364 705.9014335084692 -4.800322222142223 -265.5259732995089 680.6657 14.1885 -373.3743
365 708.2641318473188 -4.942774934689006 -266.7375168278993 682.7432 14.29713 -375.0304
366 710.6432126521656 -5.152744233472557 -267.90156108563934 684.8198 14.40571 -376.6842
367 712.9562670094616 -5.296418458835281 -269.1965057622801 686.8945 14.51349 -378.337
368 715.1608712305818 -5.390267946343819 -270.66776871305166 688.9656 14.61921 -379.9902
369 717.4818583773533 -5.527425953118757 -271.95719062546004 691.0408 14.72406 -381.6488
370 719.7674177804867 -5.638355824235505 -273.3066321834915 693.1156 14.82707 -383.3046
371 722.0643151801203 -5.741450373683499 -274.6424550317128 695.193 14.92975 -384.9613
372 724.3066747881953 -5.836778527774726 -276.0650774051875 697.271 15.03283 -386.6143
373 726.7007775874376 -6.021145323032104 -277.1934993249791 699.3457 15.13859 -388.2646
374 729.0180349896929 -6.162874676652647 -278.49309666247086 701.4274 15.24435 -389.9181
375 731.3763447218736 -6.33554207766972 -279.7038153187356 703.5065 15.34668 -391.5686
376 733.7177054580877 -6.5490699491082145 -280.9329246713295 705.5829 15.44804 -393.2168
377 735.7456212584177 -6.5713129648439565 -282.64719043002117 707.6613 15.54996 -394.8665
378 737.6994116312434 -6.434213146540404 -284.44708718299756 709.7441 15.65581 -396.5177
379 740.0835827269589 -6.575150296800419 -285.60230845878476 711.8243 15.76531 -398.1607
380 742.3736759935474 -6.76728821398371 -286.92516359960933 713.9054 15.87836 -399.8001
381 744.7666354486172 -6.86746701787266 -288.05013961430615 715.9839 15.99116 -401.4338
382 747.0433828635145 -6.97752874074077 -289.3948615464609 718.0631 16.10183 -403.0674
383 749.06929216061 -7.125488365284412 -291.0907547386894 720.1441 16.21513 -404.698
384 751.5077094401956 -7.181803306386552 -292.1276316506356 722.2296 16.32798 -406.3296
385 753.6674808996039 -7.322050940193368 -293.65474177778316 724.3156 16.44029 -407.9582
386 755.84327376924 -7.390298212311183 -295.1670306517385 726.4057 16.54399 -409.585
387 758.0033897344696 -7.325441491126803 -296.7019319059165 728.4983 16.66273 -411.2077
388 760.1372469569783 -7.372296780885272 -298.26863024183484 730.5888 16.77343 -412.8287
389 762.4208023389403 -7.466171870005656 -299.599098248686 732.6752 16.88104 -414.4501
390 764.6103021944933 -7.4951473934217905 -301.09027415396207 734.7664 16.98171 -416.0734
391 766.6908559647123 -7.5144359388548025 -302.72427827000405 736.8556 17.07951 -417.6935
392 768.9136720839898 -7.600576002261702 -304.17090932575275 738.9533 17.1754 -419.3157
393 771.1345975854739 -7.690577619832991 -305.61141151460646 741.0479 17.27242 -420.934
394 773.7108053667573 -7.990684458046237 -306.14223777140984 743.1419 17.37146 -422.5508
395 775.8728792822216 -8.02354247400272 -307.67046671121454 745.2354 17.4672 -424.1692
396 778.1887418054114 -8.105505215227538 -308.95616505170335 747.3289 17.555 -425.7917
397 780.2618502796062 -8.04304231713282 -310.60335942963314 749.4207 17.65191 -427.4134
398 782.5877208145226 -8.089575355858623 -311.87922041716826 751.5173 17.75413 -429.0362
399 784.8739536860064 -8.20551826414486 -313.2109003364676 753.6116 17.85404 -430.6541
400 787.1189015783531 -8.177830471274218 -314.6205011761291 755.7109 17.94006 -432.2706
401 789.2956032876867 -8.274508273874659 -316.1251635938055 757.8089 18.02205 -433.884
402 791.6675056309813 -8.386034667761692 -317.3005979260589 759.9091 18.09594 -435.4976
403 793.8430089759909 -8.339601540471566 -318.82597091327955 762.0181 18.17308 -437.1125
404 796.2367322559428 -8.4846314622621 -319.9596148039266 764.1249 18.25478 -438.7221
405 798.7798304567751 -8.659051228627318 -320.6971411747256 766.2346 18.33932 -440.3295
406 800.9775879968843 -8.646115068830431 -322.18619787974484 768.3468 18.42281 -441.9355
407 803.2575456073039 -8.66731570425157 -323.53841088391505 770.4571 18.50284 -443.5378
408 805.5593553566184 -8.767890588764248 -324.85888365647247 772.573 18.58489 -445.1404
409 807.926424910933 -8.938127235114408 -326.0497943965687 774.6901 18.66585 -446.7409
410 810.5234229492344 -9.239428262180006 -326.4947790643351 776.805 18.74823 -448.3389
411 812.8844623120029 -9.305618167958508 -327.69025208215294 778.9176 18.82798 -449.9322
412 814.9224854397748 -9.363858921001805 -329.392178738549 781.0382 18.91026 -451.529
413 817.1173180196583 -9.411004978764415 -330.87648593583646 783.1553 18.99428 -453.1207
414 819.373894472983 -9.461158005957039 -332.2607168004915 785.2706 19.07913 -454.711
415 821.6726811232703 -9.595920022828007 -333.57149730723927 787.3866 19.16217 -456.3036
416 823.9210806360836 -9.664964558028716 -334.95383203712186 789.4935 19.24372 -457.8927
417 826.4103266744182 -9.87499836301229 -335.828939537375 791.6044 19.32538 -459.4876
418 828.3145893302884 -9.853515166695617 -337.6601058079889 793.7097 19.40541 -461.0817
419 830.1094878406536 -9.75569158512525 -339.59599378431335 795.8137 19.48576 -462.6772
420 832.3046315269453 -9.713506025188156 -341.0586498298574 797.914 19.56981 -464.2714
421 834.6090984710946 -9.897754722134472 -342.32373618714536 800.0123 19.65533 -465.8635
422 836.8495900061262 -9.959126932102794 -343.7047187653828 802.1083 19.73792 -467.4543
423 839.1763028562077 -10.041465898036034 -344.93043958692186 804.2028 19.8163 -469.0448
424 841.4588648560066 -10.116504340516713 -346.2413452645448 806.2987 19.88938 -470.6373
425 843.8224584713478 -10.096959332840688 -347.4056303182551 808.3959 19.96249 -472.2307
426 846.1641545917721 -10.174269441341208 -348.600079573608 810.4902 20.03686 -473.8196
427 848.4696045048972 -10.248751405924628 -349.87916568874 812.591 20.11443 -475.4125
428 850.8091338775702 -10.273014668858144 -351.0864005368421 814.6888 20.19413 -477.0013
429 853.2124723370348 -10.43665429929013 -352.15894139714067 816.7915 20.27321 -478.5905
430 855.4104072148641 -10.428546081115861 -353.6114596681855 818.8949 20.3538 -480.1748
431 857.7597399137273 -10.47556760778239 -354.80752070549994 821.0023 20.43563 -481.7573
432 860.1057112433073 -10.486537615781833 -356.0234698367194 823.1164 20.51693 -483.3404
433 862.1968175419711 -10.416489923082631 -357.6316686722294 825.2301 20.59912 -484.9182
434 864.4826455225453 -10.557440788435612 -358.94447678070526 827.3472 20.68385 -486.4927
435 867.0332569780603 -10.712901672643854 -359.5937313882181 829.4645 20.77068 -488.0614
436 869.0883927194383 -10.653464637032735 -361.25762774238444 831.5909 20.85797 -489.6319
437 871.4497722857624 -10.761985243183018 -362.45746757514866 833.7229 20.94602 -491.2049
438 873.9421891895031 -10.861304058364608 -363.3498965266055 835.8541 21.03407 -492.7761
439 876.1661939402514 -10.885775057703938 -364.7873573271979 837.986 21.12295 -494.3446
440 878.7459710180415 -10.98873990089263 -365.38412774274843 840.1199 21.21212 -495.9132
441 881.0691920890523 -11.064742432416729 -366.67522217435015 842.2623 21.30359 -497.4854
442 883.4380092834344 -11.150993190350318 -367.8761883855548 844.4038 21.3978 -499.0558
443 885.7375122969291 -11.250265600642596 -369.201148206675 846.5437 21.49439 -500.6257
444 888.0153197833517 -11.37689692273771 -370.56004551330324 848.6827 21.58726 -502.1964
445 890.3385126791726 -11.455651146206415 -371.84277539024276 850.8213 21.67907 -503.767
446 892.7664023443618 -11.564133815412783 -372.9441116543098 852.9722 21.77339 -505.3431
447 895.1233681980457 -11.750240581151758 -374.15865335981596 855.1147 21.86598 -506.9135
448 893.0260533822996 -11.810230018031564 -372.51747022450945 857.2619 21.95643 -508.4874
449 895.3925285512989 -11.91364224128085 -373.73486098457465 859.4084 22.04762 -510.0613
450 897.744668679736 -11.909594647315034 -374.98997211096093 861.557 22.1402 -511.637
451 899.9897243456995 -12.001022238197102 -376.433487565139 863.7104 22.23641 -513.2137
452 902.4135843206491 -12.154850230614663 -377.5267549609236 865.8589 22.33432 -514.7848
453 899.8526466138196 -12.03861888024821 -376.7923149385043 868.0116 22.43636 -516.3554
454 897.4920566393429 -11.866465125237033 -375.5815652627104 870.1571 22.53588 -517.9222
455 895.1430936579363 -11.678695775213864 -374.37326513659366 872.2938 22.63292 -519.4836
456 892.6668987292278 -11.632629215045593 -373.40296314774054 874.4419 22.72987 -521.0493
457 890.5319821175058 -11.42574811952864 -371.83895442599044 876.5885 22.82659 -522.608
458 888.3802416180839 -11.325315893534395 -370.2909525223645 878.7368 22.92504 -524.1609
459 885.8395556782331 -11.155658742085558 -369.5715630092309 880.8822 23.02388 -525.7065
460 883.4729451337889 -11.057925183303249 -368.3888732809789 883.0323 23.12541 -527.2479
461 881.2564454044143 -11.01245919776511 -366.90805914698325 885.2001 23.22957 -528.7963
462 878.8429523238931 -10.88979912750358 -365.9256763619451 887.3238 23.32974 -530.3079
463 876.4674590650544 -10.710863243564413 -364.8014767117268 889.4706 23.43087 -531.831
464 874.0821959533644 -10.528150886390794 -363.7269132700693 891.6091 23.53263 -533.3456
465 871.6317107958478 -10.430765530566498 -362.7782281338087 893.755 23.63418 -534.8619
466 869.3321239221356 -10.35981918779136 -361.5249214245003 895.8952 23.73415 -536.3697
467 871.5576518200727 -10.347608503097346 -362.90153984450006 898.0347 23.83529 -537.8732
468 869.1204674830061 -10.213165946069982 -361.96128761551194 900.1742 23.94138 -539.3743
469 871.2898580220037 -10.282360528653111 -363.4031254607458 902.3079 24.04861 -540.8662
470 868.8460835848352 -10.257528457794884 -362.4560256264632 904.4565 24.15887 -542.3632
471 866.5372189896026 -10.283024877984163 -361.255517520102 906.591 24.26707 -543.8481
472 864.229364649494 -10.243336691853079 -360.0517604196772 908.7272 24.37286 -545.3321
473 866.0397041108347 -10.162540567888527 -361.9180763643834 910.8623 24.47974 -546.8143
474 867.1481213473905 -10.579190272651237 -359.6118103976469 912.9899 24.58493 -548.2919
475 864.8048924065868 -10.46227281077979 -358.4941699204859 915.123 24.68802 -549.7727
476 867.2975262892154 -10.569459214281162 -359.24587076721673 917.2617 24.78905 -551.2578
477 869.6354900101893 -10.639490211261164 -360.37988404071575 919.4006 24.89471 -552.7312
478 872.0306018651451 -10.735308651678334 -361.39439002745326 921.5445 25.01399 -554.2024
479 874.3213112487963 -10.811434476376643 -362.5916238920621 923.6762 25.1219 -555.6621
480 876.6379831017734 -10.822458236219136 -363.74115198425585 925.8066 25.21008 -557.1257
481 878.9870194149355 -10.920676627095801 -364.84228893556553 927.945 25.3008 -558.5951
482 881.132859808943 -10.902623082714419 -366.30941413999807 930.0863 25.41005 -560.0649
483 883.3357509132276 -10.988148645272966 -367.6862548318766 932.2263 25.52985 -561.5352
484 884.4309648746132 -11.399244196548231 -365.38263254829644 934.3539 25.65168 -562.9959
485 885.5324081867847 -11.812677974685565 -363.0659077348437 936.4928 25.77269 -564.4662
486 886.6579823773142 -12.226428403743089 -360.76261813061046 938.6325 25.89232 -565.9327
487 889.1972928735728 -12.339336736026054 -361.28692788275276 940.7719 26.01411 -567.3969
488 891.4670438555535 -12.374848974912661 -362.5509384211136 942.9158 26.13759 -568.8595
489 893.8108218696117 -12.451050565884655 -363.66524736783816 945.0575 26.26007 -570.322
490 896.1530145503307 -12.522000477596873 -364.79620937728583 947.2049 26.38159 -571.7862
491 898.3899937411031 -12.496208957643796 -366.12354564784795 949.3532 26.50083 -573.2481
492 899.4977063447614 -12.904203469108447 -363.7996458376342 951.5077 26.62079 -574.7102
493 898.1160402104642 -12.502623119947298 -365.96719141653307 953.6604 26.74228 -576.1661
494 897.0091283395961 -12.091884052971107 -368.2856178844399 955.8153 26.86169 -577.6191
495 899.4462766775018 -12.197359011800216 -369.21873894416547 957.9804 26.98219 -579.0749
496 901.8172438302929 -12.314791483978588 -370.2855129579395 960.1378 27.09965 -580.5258
497 902.3926427115414 -11.770990449146801 -372.7713398154608 962.3019 27.22009 -581.9778
498 904.7647460053097 -11.817311729022915 -373.8462001584004 964.464 27.3483 -583.4246
499 907.1518808924013 -11.954248469376026 -374.90614719428055 966.6368 27.48447 -584.8741
500 909.4712091578416 -12.044071077708018 -376.0853689251532 968.8004 27.62785 -586.315
501 911.7678069769802 -12.09422516628628 -377.31142913171993 970.9633 27.76619 -587.7582
502 914.1448982308718 -12.282797544265307 -378.3583864440468 973.1252 27.89962 -589.2041
503 916.4456388319944 -12.262861856558372 -379.5778863102221 975.2876 28.02995 -590.6491
504 918.7901053117172 -12.27135276189885 -380.7202906491419 977.4553 28.16051 -592.0933
505 921.1537207649204 -12.390012589893614 -381.8138973156355 979.6246 28.29193 -593.5333
506 923.5215679088116 -12.493408363093724 -382.90511726970084 981.7949 28.42396 -594.9757
507 925.8051752026531 -12.576250952180837 -384.16192199162344 983.9617 28.55465 -596.4211
508 928.1191187483068 -12.680838024422355 -385.3597260318352 986.1268 28.68428 -597.8687
509 930.5371668531642 -12.784442995185309 -386.33485159068834 988.2929 28.81455 -599.3177
510 932.925133687268 -12.907270554842562 -387.3846490198661 990.4617 28.9454 -600.7664
511 935.1554753242276 -12.911157362010304 -388.73956862857904 992.6304 29.07443 -602.2122
512 937.4674562315644 -12.918363578475033 -389.94712694309396 994.799 29.20365 -603.6558
513 939.7609461002214 -12.940379299744034 -391.1831039552122 996.9663 29.33236 -605.0961
514 942.1989053214917 -13.085314115973265 -392.1003152923466 999.1375 29.45851 -606.5369
515 944.5781673909518 -13.148451005472804 -393.15239456008874 1001.304 29.58125 -607.9732
516 946.9738487527834 -13.248524199651913 -394.1620866353171 1003.471 29.70297 -609.4078
517 949.4758784723364 -13.408469820236636 -394.8487413058241 1005.637 29.82681 -610.8397
518 951.7223727480383 -13.436427915073397 -396.1596634247052 1007.806 29.95555 -612.2697
519 954.1109315998356 -13.53924604935092 -397.17459846541675 1009.973 30.08734 -613.6954
520 956.4312234170608 -13.617949584229333 -398.3302231005883 1012.137 30.21781 -615.1186
521 958.7638348247815 -13.704318767181382 -399.44938238456314 1014.298 30.3449 -616.5381
522 961.0565837241205 -13.726399270943759 -400.6509808341431 1016.458 30.47099 -617.9592
523 963.3929522741502 -13.784132829697256 -401.7613975908276 1018.616 30.59832 -619.3811
524 965.6463052240982 -13.746653868808416 -403.02796681694633 1020.773 30.72311 -620.8006
525 967.8561503964827 -13.69434029031215 -404.3571114077241 1022.925 30.84525 -622.2172
526 970.1841563114748 -13.753793783224411 -405.4566737368088 1025.074 30.96719 -623.6311
527 972.5339987882465 -13.840448245751485 -406.4944283729745 1027.219 31.08777 -625.042
528 974.8867581413328 -13.913991478031479 -407.5326266004099 1029.367 31.20927 -626.4527
529 977.2715196327415 -13.999199753826318 -408.4829509627883 1031.514 31.3327 -627.8572
530 979.5582364202182 -14.031971752480413 -409.63595543787767 1033.658 31.45684 -629.2527
531 981.9029476535071 -14.077418157365726 -410.6608143009768 1035.804 31.58219 -630.6416
532 984.1582159598948 -14.1067934083754 -411.8487121353591 1037.942 31.70698 -632.0242
533 986.5327765769654 -14.180448706334145 -412.7967045696328 1040.088 31.82813 -633.4108
534 988.9239920364978 -14.368493127531764 -413.67976133669237 1042.231 31.94674 -634.7988
535 991.3468416717483 -14.534872991810431 -414.4678940337233 1044.372 32.06456 -636.1849
536 993.6231023118062 -14.555954330380326 -415.62236864937597 1046.514 32.18651 -637.5675
537 995.9790318355914 -14.650943606972659 -416.5944433823002 1048.656 32.31052 -638.9462
538 998.2353810973882 -14.66175346379349 -417.7705547368431 1050.796 32.43167 -640.3174
539 1000.5798784137038 -14.723485188458882 -418.76047346606214 1052.94 32.54722 -641.685
540 1002.9382956813093 -14.77797265898009 -419.7152450981902 1055.084 32.65961 -643.0515
541 1005.1765816434453 -14.810093782386419 -420.9217977607526 1057.226 32.77429 -644.4173
542 1007.4820250402364 -14.843484289805495 -422.0085563220744 1059.374 32.89861 -645.784
543 1009.8465231485944 -14.940475720580961 -422.9538045667317 1061.525 33.0293 -647.1441
544 1012.2122466626138 -15.053860013308842 -423.87179111340777 1063.674 33.16135 -648.4919
545 1014.6136050842581 -15.221378500222418 -424.673268889107 1065.821 33.29059 -649.8375
546 1016.910072835163 -15.358148007269213 -425.74164936585504 1067.966 33.4162 -651.1855
547 1019.325772612769 -15.527858642000043 -426.50070809048304 1070.112 33.53835 -652.5347
548 1021.6217148089872 -15.612672172249663 -427.5773449174171 1072.257 33.65737 -653.8847
549 1023.9720367969693 -15.705858061748604 -428.5269920040796 1074.401 33.77429 -655.2353
550 1026.2956371472535 -15.747019167397609 -429.55336307534975 1076.547 33.89027 -656.5901
551 1028.6166779477219 -15.800229311561946 -430.56731757039285 1078.687 34.0047 -657.9412
552 1030.983558842444 -15.866240693943881 -431.50103273895127 1080.84 34.12492 -659.2934
553 1033.3704311586596 -15.985753076271168 -432.34951122833917 1082.986 34.24794 -660.6391
554 1035.69498897373 -16.079777033785426 -433.34536286001315 1085.128 34.36709 -661.9814
555 1038.0052946699095 -16.148174845811806 -434.38136852872844 1087.27 34.48078 -663.3284
556 1040.3231764822715 -16.229804639877187 -435.3925689208576 1089.413 34.5871 -664.6693
557 1042.5989025260442 -16.26701643675058 -436.5254545123753 1091.568 34.69434 -666.014
558 1044.9163759080573 -16.36073775622024 -437.54201793195983 1093.718 34.80575 -667.3474
559 1047.1935459261895 -16.35239332087312 -438.66585615066293 1095.878 34.92102 -668.6777
560 1049.5059190154514 -16.34822429406549 -439.72678996823714 1098.041 35.04702 -670.0112
561 1051.7123139956118 -16.292999778853275 -440.9734703991985 1100.195 35.17977 -671.3409
562 1054.0769938222702 -16.348858136508323 -441.89926538955814 1102.354 35.311 -672.6726
563 1056.2947937140939 -16.38273769681672 -443.11644797143344 1104.507 35.43368 -673.9958
564 1058.6990086352012 -16.541529623016118 -443.90608372853774 1106.668 35.54872 -675.3171
565 1061.0387257784244 -16.60275994667755 -444.8801029891647 1108.829 35.66545 -676.6374
566 1063.2754253567934 -16.579986671417473 -446.07934411260766 1110.993 35.78536 -677.9581
567 1065.6003566752565 -16.61436308570538 -447.0878026621626 1113.157 35.90472 -679.272
568 1067.8629870641746 -16.60156392623777 -448.2403866305836 1115.326 36.02658 -680.5868
569 1070.1622555134475 -16.620521963711408 -449.30880311299694 1117.494 36.14825 -681.8958
570 1072.4183339910555 -16.57567438201741 -450.45482107397754 1119.659 36.26861 -683.201
571 1074.7684994918475 -16.639714466930872 -451.4309567709537 1121.838 36.38796 -684.5117
572 1077.1028329604453 -16.669118846364558 -452.4523717878561 1124.019 36.51109 -685.8237
573 1079.460838063901 -16.759994565429253 -453.40431688362617 1126.198 36.63445 -687.1319
574 1081.5914385154292 -16.649395759695253 -454.79635482797903 1128.381 36.75667 -688.4392
575 1083.7130754433747 -16.520533681541277 -456.1969297393607 1130.564 36.87463 -689.7431
576 1086.1738329298828 -16.627972861052434 -456.8578574823092 1132.753 36.99032 -691.0464
577 1088.712284076408 -16.85811363263251 -457.0178145939413 1134.946 37.10266 -692.3504
578 1091.1282533308977 -16.894126744967714 -457.85448946191616 1137.143 37.21242 -693.654
579 1093.5576055749636 -17.04227690434535 -458.6375358902507 1139.341 37.32204 -694.9554
580 1095.877526588601 -17.057178084483617 -459.7141928737947 1141.541 37.43261 -696.2551
581 1098.220424215585 -17.079232620088018 -460.75868915973024 1143.749 37.54673 -697.556
582 1100.598989293745 -17.090255968335114 -461.706083345299 1145.954 37.66114 -698.8522
583 1102.8868862669954 -17.033875810352765 -462.8620411142844 1148.163 37.77645 -700.1487
584 1105.3187531813105 -17.110814794117715 -463.6812287630173 1150.376 37.89135 -701.445
585 1107.684198121087 -17.204452417463035 -464.66510471250444 1152.585 38.00681 -702.7408
586 1110.1269003764392 -17.32701642193056 -465.45773157232327 1154.8 38.12449 -704.0408
587 1112.4629358710058 -17.428029366910415 -466.51688492664516 1157.012 38.24356 -705.3377
588 1114.8265333706784 -17.476163854675498 -467.5320204629305 1159.229 38.36214 -706.6378
589 1117.1606803453574 -17.49287321775914 -468.61646227224196 1161.448 38.48244 -707.9363
590 1119.5165925985605 -17.516914313678846 -469.6464535814354 1163.663 38.60075 -709.2369
591 1121.9541845443696 -17.591981497648693 -470.4841094556564 1165.886 38.71705 -710.5384
592 1124.3281425734183 -17.59064975791031 -471.4979461764277 1168.11 38.83461 -711.8436
593 1126.6981113762342 -17.601048037878698 -472.5300586937205 1170.337 38.95544 -713.1505
594 1129.1035200814392 -17.67663460717519 -473.47130141856104 1172.562 39.07728 -714.459
595 1131.4973196394044 -17.722309183152593 -474.4500940163031 1174.79 39.19328 -715.7678
596 1133.9740672826285 -17.78360183376998 -475.4198121501772 1177.083 39.30786 -717.1122
597 1136.399084970683 -17.9057219819117 -476.15942237113165 1179.271 39.41873 -718.394
598 1138.8157264394106 -17.927569952994627 -477.1328935950953 1181.516 39.54154 -719.7105
599 1141.2411195225932 -17.995937867889968 -478.06930288016355 1183.758 39.67071 -721.0223
600 1143.6933965438554 -18.061267754087083 -479.0018108553881 1186.021 39.80234 -722.3448
601 1146.1298715707117 -18.11728653942656 -479.9355351129691 1188.272 39.93274 -723.6591
602 1148.5562568435305 -18.19067536082985 -480.8971779452311 1190.524 40.06015 -724.9743
603 1150.997910764316 -18.24565735145013 -481.8471643513553 1192.784 40.18605 -726.2948
604 1153.4202611253972 -18.260485476058882 -482.87506204324353 1195.054 40.30956 -727.6201
605 1155.8504011798238 -18.29001998655052 -483.85230960663864 1197.315 40.43252 -728.937
606 1158.3127019403498 -18.359214479994158 -484.77202569695663 1199.585 40.55332 -730.2584
607 1160.8008650384227 -18.41919207235513 -485.6544715320663 1201.867 40.67201 -731.5819
608 1163.2388238836431 -18.45341187839685 -486.6425643839209 1204.142 40.79001 -732.8978
609 1165.6875011133086 -18.50122505698586 -487.60149994717347 1206.417 40.90637 -734.2126
610 1168.14244459469 -18.503856897635714 -488.5948861644318 1208.709 41.02557 -735.534
611 1170.5924508431535 -18.545591684476992 -489.56832999930714 1210.993 41.14443 -736.8459
612 1173.0888521310976 -18.62121837179085 -490.4318600681621 1213.283 41.26512 -738.1592
613 1175.574454382261 -18.709392218109915 -491.3417541797142 1215.578 41.3833 -739.4756
614 1178.0706880802688 -18.767596635706035 -492.2248862624753 1217.874 41.50237 -740.7904
615 1180.5548397662778 -18.860965164744652 -493.1455232543364 1220.173 41.61726 -742.1052
616 1183.0453460583033 -18.990821731972936 -494.0523353538532 1222.478 41.72981 -743.4152
617 1185.5805671996036 -19.08269743922136 -494.83704889013313 1224.787 41.83738 -744.7223
618 1188.094959622773 -19.120697438598704 -495.7012453705444 1227.101 41.9435 -746.0279
619 1190.5266142812086 -19.090998307421152 -496.77233708268426 1229.416 42.04989 -747.3281
620 1192.9623663703594 -19.07019531804007 -497.86623323051083 1231.744 42.15831 -748.6314
621 1195.4563843982946 -19.105188916963527 -498.81740506670474 1234.074 42.26955 -749.9294
622 1197.9721449670421 -19.182841414240045 -499.7081857708633 1236.405 42.3792 -751.2267
623 1200.4839636854085 -19.272007337816284 -500.5995942475089 1238.735 42.48429 -752.5197
624 1203.0197158224903 -19.34021916700597 -501.4850650656305 1241.082 42.5865 -753.8235
625 1205.5658823481708 -19.4524495543674 -502.3075087437969 1243.423 42.68651 -755.1203
626 1207.9806541409225 -19.467314471401664 -503.4820261577468 1245.771 42.78686 -756.4194
627 1210.531283592724 -19.526790397316827 -504.3292900400401 1248.123 42.88754 -757.7175
628 1212.9957956356645 -19.493535743746083 -505.4072050258424 1250.478 42.99082 -759.0137
629 1215.5249850638952 -19.52831909626513 -506.3467511655357 1252.841 43.09761 -760.312
630 1218.1386870982776 -19.55695895191787 -507.0367293523168 1255.209 43.2069 -761.6116
631 1220.7090053602549 -19.611969682680318 -507.87858012564124 1257.579 43.32063 -762.911
632 1223.1702584141597 -19.570658596072022 -508.99873157150387 1259.949 43.4359 -764.2087
633 1225.6755046126393 -19.614719588333088 -510.0076017516377 1262.318 43.54782 -765.5015
634 1228.278829870506 -19.679688966523376 -510.8352883786594 1264.716 43.65179 -766.8074
635 1230.8393258608107 -19.762994904372913 -511.67818104249767 1267.084 43.73951 -768.0952
636 1233.4207581562605 -19.79992419583786 -512.534227882536 1269.473 43.81598 -769.3932
637 1235.9820802199602 -19.842315478611507 -513.4663101027021 1271.868 43.89318 -770.6928
638 1238.551368464162 -19.88968843045165 -514.3633114537269 1274.261 43.97657 -771.9869
639 1241.132579964866 -19.89772031901128 -515.2792166564087 1276.67 44.06634 -773.287
640 1243.7030755232772 -19.884912915536248 -516.2052198176364 1279.074 44.15904 -774.5821
641 1246.2590962340262 -19.92184285531726 -517.1687043562615 1281.478 44.25252 -775.8763
642 1248.8794263512495 -20.024730903773946 -517.944279178156 1283.885 44.34661 -777.1708
643 1251.4101968032946 -20.043313303703744 -518.9708288669035 1286.29 44.43881 -778.4617
644 1253.9680946786286 -20.033646753865757 -519.9288372957162 1288.696 44.52846 -779.7516
645 1256.4991882564675 -20.014268018323637 -520.9564332753366 1291.103 44.61411 -781.0407
646 1259.0542476360447 -20.053874603529586 -521.9198285708111 1293.51 44.6961 -782.3282
647 1261.6383192590295 -20.11767919302252 -522.8048707820893 1295.919 44.77631 -783.6147
648 1264.1976843190027 -20.16193041351852 -523.759857866699 1298.329 44.85866 -784.899
649 1266.79825365172 -20.203415550305593 -524.6037006127461 1300.742 44.94119 -786.1825
650 1269.342970047262 -20.189588467747424 -525.5991270139167 1303.154 45.0228 -787.464
651 1271.891562654409 -20.210719741702206 -526.5676117128439 1305.561 45.1037 -788.7421
652 1274.439280014669 -20.227396629344142 -527.5294073265516 1307.966 45.18137 -790.0173
653 1277.1162091453186 -20.281673232947576 -528.0747968133236 1310.38 45.25492 -791.2954
654 1279.6782975298001 -20.25400164315284 -529.0209234450823 1312.794 45.32493 -792.5713
655 1282.3330274936493 -20.313997512282352 -529.6532755883762 1315.208 45.39321 -793.8437
656 1284.884305142339 -20.32786631976322 -530.629793480468 1317.624 45.46362 -795.1168
657 1287.436719351743 -20.352583766531964 -531.5763293686182 1320.032 45.53831 -796.3846
658 1289.9512234745073 -20.34393997073164 -532.636185392518 1322.449 45.62651 -797.6481
659 1292.564574423977 -20.329908281418682 -533.4160940789037 1324.867 45.70716 -798.907
660 1295.1512876513127 -20.322487089695677 -534.2964322513924 1327.287 45.80071 -800.1723
661 1297.762206181074 -20.39457918610966 -535.0878716776814 1329.709 45.86664 -801.4285
662 1300.3799839934761 -20.52816988363439 -535.8279699944804 1332.123 45.92005 -802.6887
663 1302.9475454821638 -20.513152868691204 -536.7511679158215 1334.542 45.96958 -803.95
664 1305.502781979599 -20.516138229152965 -537.7094862067348 1336.962 46.01545 -805.2106
665 1308.0769518218287 -20.47925507877335 -538.6065401543725 1339.38 46.06417 -806.4689
666 1310.6940843582115 -20.505436288000254 -539.3597909105554 1341.797 46.11465 -807.7231
667 1313.240794062861 -20.51572946506152 -540.3160160536834 1344.212 46.16921 -808.9741
668 1315.829972122803 -20.550599344679785 -541.1873583947923 1346.638 46.21961 -810.2296
669 1318.400220789553 -20.54993919752522 -542.0935646868007 1349.058 46.27189 -811.4819
670 1320.9833974953183 -20.556573665457613 -542.9615534679651 1351.478 46.32033 -812.7339
671 1323.5973567851026 -20.599818310334495 -543.7425507832227 1353.902 46.36595 -813.9856
672 1326.1564790882312 -20.584039792229657 -544.6644431107729 1356.319 46.41171 -815.2327
673 1328.7272477006027 -20.609808702632467 -545.5680513651635 1358.741 46.45846 -816.4808
674 1331.3135647644906 -20.59536608570184 -546.3983637210015 1361.156 46.50728 -817.7234
675 1333.7507590340467 -20.45916944333075 -547.5782570203934 1363.568 46.55681 -818.9605
676 1336.3581845891747 -20.563246890493037 -548.3096305913932 1365.979 46.60484 -820.1971
677 1338.8104347712117 -20.481292458376306 -549.4534639482487 1368.388 46.65299 -821.4312
678 1341.373764649234 -20.45033638440781 -550.3209283941036 1370.797 46.70062 -822.6635
679 1343.9229462414805 -20.399088675247068 -551.2247507735881 1373.206 46.74966 -823.8932
680 1346.4563236022677 -20.357564280529672 -552.1601762599817 1375.612 46.79807 -825.1194
681 1349.0484981437987 -20.364813238122515 -552.9004348357181 1378.014 46.84358 -826.3424
682 1351.5909673603844 -20.276832964815714 -553.8117334712507 1380.423 46.88691 -827.566
683 1354.0430716704748 -20.22457991576426 -554.9367272135448 1382.83 46.92624 -828.785
684 1356.588784339466 -20.204053446587263 -555.8401613434631 1385.241 46.96243 -830.0028
685 1359.084501676837 -20.142091383765106 -556.8540890031687 1387.647 46.99431 -831.2155
686 1361.626784986259 -20.107261754805336 -557.7593540397633 1390.058 47.02338 -832.428
687 1364.2163690697523 -20.107637191497595 -558.5310721971662 1392.473 47.05185 -833.6398
688 1366.7931371766851 -20.102980368312412 -559.322532963845 1394.883 47.07894 -834.847
689 1369.3640980508515 -20.08795795000415 -560.1448583756828 1397.297 47.10779 -836.0545
690 1371.9805694085157 -20.0951440336982 -560.8058295326356 1399.712 47.13563 -837.2586
691 1374.527487393823 -20.073469324295996 -561.6674760062488 1402.118 47.16495 -838.4586
692 1377.070172853645 -20.048504677394945 -562.5618769126181 1404.531 47.1942 -839.6596
693 1379.664805820453 -20.06013608200974 -563.2711799466454 1406.94 47.22089 -840.856
694 1382.1828941730512 -20.05390467017404 -564.2021453692122 1409.345 47.24749 -842.0488
695 1384.6930082046965 -20.01356578278502 -565.1428577613924 1411.748 47.27064 -843.2372
696 1387.1769029410787 -19.980130848097172 -566.1297818396349 1414.145 47.29259 -844.4199
697 1389.7286118754337 -19.944175180382114 -566.9339390348971 1416.545 47.31261 -845.6026
698 1392.2938042414921 -19.93899818360209 -567.6800042131614 1418.942 47.32869 -846.782
699 1394.8519890439559 -19.914229947232535 -568.4420369529504 1421.338 47.34203 -847.9587
700 1397.409712900707 -19.900445016434645 -569.2157394327119 1423.739 47.3582 -849.1316
701 1399.9446237325292 -19.898880183731922 -570.0517663450235 1426.137 47.37431 -850.3038
702 1402.4145234987652 -19.813869937148795 -571.0694717593368 1428.54 47.39107 -851.4737
703 1404.9399125400314 -19.749579410643133 -571.9299947592352 1430.939 47.40614 -852.6428
704 1407.4845333915293 -19.70065197874249 -572.7298109200051 1433.338 47.41639 -853.8098
705 1410.0517822378592 -19.694489242828634 -573.4452279956348 1435.735 47.42141 -854.9747
706 1412.5809829829805 -19.64886393363725 -574.2888090611758 1438.134 47.42352 -856.1389
707 1415.0590652654735 -19.58293082335334 -575.2797582423966 1440.537 47.42646 -857.302
708 1417.6122941993656 -19.563606199828094 -576.042461663236 1442.936 47.43237 -858.4621
709 1420.1720478687203 -19.534839509397898 -576.7590670216773 1445.33 47.43887 -859.6177
710 1422.6535790634484 -19.4551843183666 -577.6989530089292 1447.721 47.4462 -860.7713
711 1425.1658017046768 -19.418787430178092 -578.5643796261701 1450.116 47.45202 -861.9226
712 1427.6914497411792 -19.38008988433044 -579.3792270543777 1452.509 47.45636 -863.0706
713 1430.2083555588024 -19.34874769864813 -580.2045525123093 1454.899 47.45953 -864.2129
714 1432.6567922677073 -19.264867933616777 -581.208220470354 1457.288 47.46458 -865.3539
715 1435.187573162511 -19.232863607493417 -581.9628516269499 1459.672 47.46995 -866.4905
716 1437.700179785778 -19.215184421282302 -582.7823606891875 1462.058 47.47405 -867.6272
717 1440.211430684157 -19.1881351637448 -583.5619315913235 1464.432 47.47977 -868.7581
718 1442.713192410325 -19.15609471188299 -584.3706883676939 1466.807 47.47599 -869.8865
719 1445.2249068691365 -19.128653054468966 -585.1466075212376 1469.182 47.46689 -871.0138
720 1447.703410254503 -19.11556788073893 -585.9959641877529 1471.55 47.46029 -872.135
721 1450.2071621310647 -19.108746426479883 -586.7755337433259 1473.92 47.45073 -873.2573
722 1452.6774392273342 -19.050565550809832 -587.6263724550402 1476.283 47.43923 -874.3734
723 1455.182483261975 -19.025668965458166 -588.3509728269344 1478.642 47.42685 -875.4851
724 1457.6410615191526 -18.98191997299276 -589.215086937102 1481.001 47.42477 -876.5934
725 1460.1247755797528 -18.95159434259164 -589.9586182100265 1483.348 47.42592 -877.6953
726 1462.6298736671142 -18.928054453138277 -590.6292736524134 1485.696 47.43611 -878.7965
727 1465.158288453974 -18.984057468505647 -591.1940221829643 1488.042 47.44804 -879.897
728 1467.6359934110744 -18.956579052963296 -591.9243049407638 1490.381 47.45675 -880.9934
729 1470.0870567647214 -18.94037823774848 -592.7099925339553 1492.712 47.46804 -882.085
730 1472.5712028501043 -18.978888633140215 -593.3733107790855 1495.041 47.47876 -883.175
731 1474.9968385674892 -18.938177071309195 -594.2017511799471 1497.363 47.49161 -884.2612
732 1477.4162924040577 -18.884639336886238 -595.0490223510054 1499.686 47.51405 -885.3464
733 1479.8264327854247 -18.854581122054196 -595.8823542226664 1501.996 47.5321 -886.427
734 1482.2270983871717 -18.828711148326832 -596.7140694158949 1504.298 47.54396 -887.5023
735 1484.6313849674202 -18.787697647022846 -597.5589664171604 1506.608 47.55386 -888.5793
736 1487.0420509283601 -18.72437565618503 -598.3648103945169 1508.913 47.56552 -889.6524
737 1489.4310817521327 -18.70596499149471 -599.2263149931058 1511.216 47.58029 -890.7229
738 1491.8466126847188 -18.697500017417592 -599.9753353108101 1513.51 47.59751 -891.7874
739 1494.2523879241369 -18.673383715233008 -600.741146399964 1515.801 47.61124 -892.8485
740 1496.6362271061314 -18.645752851315635 -601.5835643854364 1518.096 47.62399 -893.9096
741 1499.0324760204414 -18.61782569500478 -602.3757741835375 1520.388 47.63313 -894.9665
742 1501.4507410866765 -18.633370947525965 -603.0792141478915 1522.676 47.64596 -896.0191
743 1503.8264431761065 -18.594633474646088 -603.9048435505129 1524.961 47.66736 -897.0705
744 1506.235537834395 -18.60170302779017 -604.6082099477932 1527.242 47.68706 -898.117
745 1508.5832337684042 -18.556186788627574 -605.4926267813671 1529.523 47.70517 -899.1623
746 1511.0082055445735 -18.592790652388533 -606.093238388681 1531.795 47.7202 -900.2017
747 1513.3667070128795 -18.521896171704967 -606.9134985844154 1534.067 47.73131 -901.2401
748 1515.739345344893 -18.513341487155316 -607.6834493424068 1536.337 47.73818 -902.2742
749 1518.1101402075815 -18.47052092094292 -608.4490165359041 1538.605 47.75082 -903.306
750 1520.4569124670784 -18.43232425826502 -609.2820837352441 1540.873 47.76928 -904.3349
751 1522.8335543708981 -18.44721883935072 -609.9973524503865 1543.134 47.79346 -905.3584
752 1525.2091095931407 -18.41057923248626 -610.7012809298395 1545.392 47.81679 -906.3787
753 1527.5925323617928 -18.414947859234765 -611.3401750921001 1547.641 47.83343 -907.3939
754 1529.9616543515972 -18.4200414338369 -612.0067022356005 1549.884 47.84794 -908.4067
755 1532.2723956129814 -18.359308709238253 -612.8708926539108 1552.134 47.86034 -909.4203
756 1534.5928196070986 -18.299874028403 -613.6706912387051 1554.374 47.87274 -910.4252
757 1536.9289774038784 -18.246085899084665 -614.410738128631 1556.611 47.88768 -911.4271
758 1539.316360381151 -18.227029925221863 -614.9367510939545 1558.842 47.90468 -912.4266
759 1541.652402705057 -18.22184809591835 -615.651720646078 1561.071 47.92615 -913.4263
760 1543.9774459415132 -18.216881107487506 -616.3777769180263 1563.292 47.94997 -914.4261
761 1546.3102351661632 -18.23128362333795 -617.0587235024915 1565.507 47.97397 -915.4256
762 1548.6094475794027 -18.217927989295376 -617.8272680788456 1567.716 47.99707 -916.4241
763 1550.8865157910707 -18.159528263613645 -618.6432879130728 1569.92 48.01985 -917.4222
764 1553.2752050063166 -18.247823835378135 -619.0374666686824 1572.126 48.04377 -918.4232
765 1555.6445280596567 -18.313400594606446 -619.5382966099392 1574.331 48.06802 -919.4263
766 1557.9616685094668 -18.302615810650646 -620.2190198168225 1576.528 48.09301 -920.4289
767 1560.307558641721 -18.306513707801614 -620.7847954545003 1578.723 48.11923 -921.4312
768 1562.609684923794 -18.295815855258677 -621.4806696639955 1580.91 48.14314 -922.4315
769 1564.9154289017672 -18.26460833109129 -622.2016152478468 1583.106 48.16606 -923.4386
770 1567.1500813981831 -18.17911222343198 -623.0945433062241 1585.294 48.1891 -924.4438
771 1569.4852514635957 -18.22096494690659 -623.6623931786719 1587.477 48.21155 -925.4494
772 1571.777180467787 -18.18058843990658 -624.3766432770465 1589.656 48.23639 -926.4574
773 1574.105949082147 -18.187088831801972 -624.9248467883243 1591.825 48.2626 -927.4666
774 1576.263246413116 -18.11796616908904 -625.9732200833837 1593.998 48.29025 -928.484
775 1578.538767013324 -18.09767115764814 -626.6920729891567 1596.156 48.31939 -929.5025
776 1580.843367213872 -18.106132382693993 -627.3016340051389 1598.309 48.34906 -930.5255
777 1583.108954571669 -18.100885020532395 -628.0309160568714 1600.456 48.37802 -931.5523
778 1585.3296694517971 -18.028678792692702 -628.8632753443422 1602.594 48.40548 -932.5808
779 1587.585983822276 -18.013409711829613 -629.5931665233138 1604.728 48.43406 -933.6148
780 1589.809365642806 -17.97087853746715 -630.394128561268 1606.851 48.46143 -934.6535
781 1592.074496191899 -17.988364205494275 -631.0610451058059 1608.968 48.49195 -935.6991
782 1594.2652714159353 -17.942260742883978 -631.9293593361296 1611.079 48.52624 -936.747
783 1596.50291094967 -17.919720283605017 -632.632364417735 1613.177 48.56114 -937.7953
784 1598.7156366097856 -17.93261583891328 -633.4201625496311 1615.276 48.59697 -938.8488
785 1600.964129308137 -17.933713968557193 -634.0695451625579 1617.365 48.63325 -939.9034
786 1603.1686753547358 -17.93002273580908 -634.8373687938857 1619.446 48.67009 -940.9606
787 1605.3459866541655 -17.90835988684731 -635.6458913493843 1621.514 48.70767 -942.0174
788 1607.5309848934899 -17.892816240973254 -636.4410584480643 1623.582 48.74551 -943.0798
789 1609.7221216061555 -17.893785004636925 -637.1844999387041 1625.639 48.78112 -944.1387
790 1611.9110316077968 -17.911514321615197 -637.9190558837721 1627.692 48.81364 -945.1948
791 1614.0988304156374 -17.922865511392125 -638.637714394681 1629.739 48.84336 -946.2493
792 1616.282986601827 -17.92960272079352 -639.3477019655156 1631.78 48.87178 -947.302
793 1618.4496059332116 -17.91799075479482 -640.1077672881789 1633.819 48.89792 -948.3574
794 1620.597384057271 -17.901707452798817 -640.8892554543645 1635.848 48.92252 -949.4093
795 1622.7538776727768 -17.875223381897797 -641.6439466643116 1637.876 48.94713 -950.4616
796 1624.9449134294475 -17.855068707248787 -642.2646244500262 1639.898 48.97459 -951.509
797 1627.203745908088 -17.930203439108087 -642.3447514486414 1641.905 49.00261 -952.5509
798 1629.3472162174617 -17.958665809089066 -643.0946675337661 1643.92 49.03083 -953.5981
799 1631.4956155407342 -17.910782707637356 -643.7931530428189 1645.927 49.06123 -954.6358
800 1631.2352186915678 -17.79028520140658 -646.0292261507553 1647.929 49.09362 -955.6718
801 1633.4106888034414 -17.790166099846225 -646.6115071778884 1649.931 49.1307 -956.7025
802 1635.5504008267592 -17.834477454167846 -647.2776494852421 1651.926 49.17785 -957.7232
803 1637.7352375371026 -17.97138381536694 -647.7535730263688 1653.922 49.22771 -958.7392
804 1635.5653268035414 -17.576377720564512 -648.0455366411302 1655.907 49.27404 -959.7429
805 1633.3689259843434 -17.57573840576639 -647.7219280887047 1657.888 49.31059 -960.7445
806 1631.1528936659752 -17.626188585715845 -647.7342665525532 1659.868 49.33671 -961.7407
807 1633.237471618457 -17.55088271477802 -648.5015894420392 1661.857 49.36368 -962.7322
808 1632.9359561669562 -17.242533352836205 -650.6767882068413 1663.845 49.39845 -963.7141
809 1634.9627044872566 -17.109267340449613 -651.5608857370955 1665.835 49.43882 -964.6864
810 1637.1530833935055 -17.278310264283338 -651.8435365226261 1667.828 49.48118 -965.652
811 1639.3056705350991 -17.2677888468079 -652.3190346598676 1669.813 49.52421 -966.61
812 1638.2262903090198 -17.619349565159474 -650.4319571518249 1671.797 49.56456 -967.5649
813 1640.3219912068616 -17.549642823850995 -651.1157045992796 1673.786 49.60599 -968.517
814 1642.4963048822885 -17.62481909657724 -651.5034472007168 1675.782 49.6513 -969.4644
815 1644.5345753275926 -17.606486331602113 -652.301035480739 1677.761 49.69653 -970.3985
816 1646.7145506459146 -17.62335706944302 -652.4899347147539 1679.74 49.74 -971.3312
817 1648.6921215677285 -17.5636924707562 -653.4333308231618 1681.723 49.78185 -972.2641
818 1650.805296573148 -17.59415172608644 -654.0033030508489 1683.703 49.82334 -973.1964
819 1652.9243026342756 -17.656573822226978 -654.5450710983733 1685.682 49.86559 -974.1288
820 1653.5183263876643 -18.078836033760233 -652.4883691299975 1687.655 49.90905 -975.0597
821 1655.6554955274605 -18.078612405722318 -652.8841822207279 1689.621 49.95262 -975.9855
822 1657.5928666631062 -17.965195277545313 -653.8581005323963 1691.585 49.99582 -976.9105
823 1659.3816326152103 -17.82481229382846 -655.0748058541877 1693.546 50.03776 -977.8338
824 1661.5003571269306 -17.85983867955368 -655.5293560927073 1695.506 50.07832 -978.7577
825 1663.4944513244532 -17.693706893265446 -656.3445035784367 1697.46 50.12017 -979.6789
826 1665.5740378046091 -17.734927779774534 -656.935181460592 1699.416 50.16515 -980.5994
827 1667.6395358276268 -17.720197057792024 -657.5933150870999 1701.378 50.21139 -981.5203
828 1669.5036034913678 -17.634239068156408 -658.6539144619406 1703.321 50.25832 -982.4311
829 1671.6302206741402 -17.745186322553373 -658.4611339788022 1705.258 50.30572 -983.3354
830 1673.6631624351792 -17.81729378492471 -659.1566469406464 1707.206 50.35512 -984.2435
831 1675.7062552220616 -17.82353404321998 -659.7867629799325 1709.144 50.40598 -985.1451
832 1677.75531648993 -17.874237672280074 -660.3784568445459 1711.078 50.45685 -986.0442
833 1679.5182342357264 -17.74305697648443 -661.567700429438 1713.011 50.50409 -986.939
834 1681.5486630734586 -17.765432200038127 -662.2270423598326 1714.95 50.54622 -987.8314
835 1681.080087821592 -17.354977365041247 -664.2573364813495 1716.881 50.58931 -988.7143
836 1682.2447874489205 -17.815804595010274 -662.541036246915 1718.815 50.63886 -989.5928
837 1684.243338798579 -17.77042101054666 -663.2529142790518 1720.748 50.69222 -990.4667
838 1686.2651706787626 -17.741404136040266 -663.882191244201 1722.678 50.74708 -991.3366
839 1688.290777681541 -17.740253110247345 -664.4961196936432 1724.608 50.80392 -992.2037
840 1690.300264228778 -17.71436176452128 -665.1200394198021 1726.528 50.85882 -993.0631
841 1692.3413589523673 -17.738975863623956 -665.6082509907019 1728.444 50.91307 -993.9181
842 1694.3702067270935 -17.772342264462957 -666.1771961654619 1730.369 50.96953 -994.7738
843 1696.3320129594272 -17.794801378702193 -666.8418577267576 1732.261 51.02122 -995.6156
844 1698.3658692698261 -17.962463730169812 -667.2286017182445 1734.159 51.0717 -996.4578
845 1700.3342198422686 -17.919656469255216 -667.8239979823222 1736.038 51.12203 -997.293
846 1702.3178460759007 -17.96631204775734 -668.3560272401085 1737.915 51.1702 -998.1264
847 1704.2644473716707 -17.945701522527305 -668.9549790041569 1739.776 51.21849 -998.9527
848 1706.1210661235652 -17.858645056093682 -669.7650568015721 1741.629 51.2688 -999.7741
849 1708.1314274030274 -18.037013854670683 -669.7109474619541 1743.475 51.32253 -1000.59
850 1710.0557513161107 -18.03376327992106 -670.2700093112157 1745.308 51.37573 -1001.398
851 1712.0149065563812 -18.07368212976311 -670.7211646667722 1747.151 51.44766 -1002.199
852 1713.909050673327 -18.09507826377137 -671.3157225698302 1748.971 51.50814 -1002.99
853 1715.813700703125 -18.10024036840436 -671.8622926868021 1750.784 51.55995 -1003.788
854 1717.6613390825337 -18.048259060738776 -672.5666706553601 1752.592 51.60635 -1004.589
855 1719.5117671014787 -18.069164657056902 -673.2156300553573 1754.388 51.65386 -1005.375
856 1721.4678147592304 -18.261494192467715 -673.2247731845915 1756.187 51.70578 -1006.165
857 1723.4026443631312 -18.41907564140048 -673.4602932213626 1757.974 51.76265 -1006.957
858 1725.3054722310574 -18.42602267631163 -673.8738367563733 1759.751 51.82311 -1007.751
859 1727.1800366528562 -18.467851141329785 -674.3443565796958 1761.513 51.88342 -1008.544
860 1729.0766862278124 -18.522448298021253 -674.6371791628416 1763.261 51.95285 -1009.335
861 1730.928541174536 -18.578237558107027 -675.0942913752741 1764.998 52.01045 -1010.123
862 1732.7601842019735 -18.659602940026147 -675.5688007129738 1766.72 52.07058 -1010.909
863 1734.5894284474766 -18.63288295557935 -675.981284164308 1768.424 52.12901 -1011.69
864 1736.3869079025937 -18.648943454410272 -676.4593266816731 1770.113 52.18615 -1012.467
865 1738.168329260985 -18.637602361014313 -676.9380617773867 1771.786 52.24293 -1013.242
866 1739.9268442351226 -18.63036677685767 -677.4535863720038 1773.447 52.30027 -1014.014
867 1741.6849162583037 -18.605723246455952 -677.9319213313339 1775.097 52.35761 -1014.785
868 1743.3538047609375 -18.518422858667332 -678.61650044595 1776.731 52.4143 -1015.552
869 1745.100428880811 -18.55005411592725 -679.0119856005883 1778.35 52.47129 -1016.316
870 1746.8441426025101 -18.52998615590341 -679.3567375082529 1779.954 52.52858 -1017.08
871 1748.512213706442 -18.50209731114522 -679.913418210869 1781.539 52.58609 -1017.84
872 1750.1751272367826 -18.511148455058276 -680.4219289197083 1783.104 52.64253 -1018.596
873 1751.7915175836188 -18.452687246489518 -681.0032757416199 1784.649 52.69797 -1019.347
874 1753.398641425803 -18.382844283956217 -681.5652378311494 1786.178 52.75441 -1020.097
875 1755.0547071494857 -18.392044831710685 -681.8934463149885 1787.688 52.81142 -1020.85
876 1756.6493697760566 -18.37347423620937 -682.3922056657785 1789.178 52.87006 -1021.604
877 1758.2055209364821 -18.33721524721864 -682.939653995873 1790.644 52.92871 -1022.359
878 1759.7548541925812 -18.27121903036774 -683.4648923069346 1792.093 52.98756 -1023.119
879 1761.2607396437963 -18.20962304622906 -684.025849493408 1793.508 53.04491 -1023.881
880 1762.7687600033364 -18.163085366923912 -684.600281254383 1794.918 53.10413 -1024.665
881 1764.295595584149 -18.162132750275983 -685.0893144087671 1796.305 53.16251 -1025.467
882 1765.7389873158324 -18.106034257997432 -685.6861886652663 1797.645 53.22561 -1026.269
883 1767.249480514125 -18.075672920346733 -686.1534797000486 1798.986 53.2864 -1027.105
884 1768.6732317865249 -18.015903516618714 -686.8120630426239 1800.303 53.34948 -1027.957
885 1770.0731378982002 -17.957485107620016 -687.4357430426107 1801.573 53.4186 -1028.814
886 1771.4741991938438 -17.895206774703635 -688.113937229181 1802.849 53.48746 -1029.705
887 1772.8363707787018 -17.815718762554713 -688.7638395121667 1804.07 53.55687 -1030.593
888 1774.200970643147 -17.73295030965488 -689.4866761612517 1805.302 53.62778 -1031.525
889 1775.5258191074047 -17.649174943756226 -690.2724778714321 1806.512 53.70201 -1032.479
890 1776.8073615244994 -17.555147532992926 -691.038349354197 1807.659 53.78134 -1033.436
891 1778.110798259373 -17.489178278493934 -691.8534488929914 1808.823 53.86369 -1034.439
892 1779.379834961172 -17.416276163994574 -692.720883780512 1809.965 53.94892 -1035.467
893 1780.5497371853107 -17.331405306874046 -693.619664480164 1811.032 54.03157 -1036.486
894 1781.7184686144672 -17.263454293889833 -694.6100196063366 1812.12 54.11921 -1037.563
895 1782.8394879220286 -17.17256183165706 -695.5573868785618 1813.127 54.2074 -1038.631
896 1783.9379339113505 -17.089240571267187 -696.6305007506693 1814.163 54.29748 -1039.764
897 1785.1053035355856 -17.03214176283207 -697.6274501458189 1815.169 54.39358 -1040.921
898 1786.1702183540715 -16.924777973868395 -698.6283772129862 1816.083 54.49432 -1042.062
899 1787.2541541494784 -16.856130561789936 -699.70921216646 1817.025 54.5985 -1043.266
900 1788.3960828799409 -16.783675196400463 -700.7123955081629 1817.931 54.70465 -1044.484
901 1789.4251080522463 -16.70108415684894 -701.7458612307911 1818.744 54.81008 -1045.693
902 1790.4783248900305 -16.609198341594322 -702.8436920257968 1819.586 54.91601 -1046.959
903 1791.3873219882148 -16.540154973458044 -703.9774512284977 1820.326 55.02254 -1048.207
904 1792.3473364534927 -16.457551887487195 -705.1600237145402 1821.1 55.13095 -1049.517
905 1793.2655621278477 -16.355966641245796 -706.3746975660746 1821.838 55.24358 -1050.848
906 1794.1199956694163 -16.257960762135436 -707.5436691058062 1822.465 55.35588 -1052.152
907 1795.0190221462503 -16.123221476775882 -708.7631608493339 1823.124 55.47132 -1053.518
908 1795.904090747122 -16.036274380972127 -709.9887636005881 1823.739 55.58596 -1054.897
909 1796.6485765445284 -15.94390431669927 -711.2437864095785 1824.255 55.70364 -1056.26
910 1797.3241166169298 -15.836714120158716 -712.5972553898088 1824.795 55.82355 -1057.672
911 1797.9193902147122 -15.70482958390468 -713.9182114584879 1825.228 55.9407 -1059.056
912 1798.5602319019747 -15.582429947812734 -715.2824002413735 1825.688 56.06658 -1060.491
913 1799.2686378270926 -15.46966992257486 -716.6078797054038 1826.105 56.19032 -1061.934
914 1799.8979803598752 -15.399552130291166 -717.926129663392 1826.418 56.31631 -1063.357
915 1800.439975448047 -15.284007293161467 -719.333191142152 1826.758 56.44401 -1064.825
916 1800.973313055257 -15.170887600796023 -720.74127455926 1827.054 56.57325 -1066.3
917 1801.4596130647897 -15.05939384830479 -722.1162750261631 1827.248 56.70276 -1067.744
918 1801.847677159879 -14.933608443734533 -723.5674715485196 1827.464 56.83518 -1069.23
919 1802.2750519208705 -14.834152776236152 -725.01464316525 1827.64 56.9688 -1070.726
920 1802.5914437893011 -14.698006729159674 -726.4404957325079 1827.717 57.09951 -1072.185
921 1802.9612854389425 -14.55810996581524 -727.8986687055793 1827.812 57.23215 -1073.687
922 1803.235857369463 -14.433573897951945 -729.3385257628152 1827.812 57.3658 -1075.152
923 1803.469370061328 -14.327532244880523 -730.8286286353214 1827.83 57.49929 -1076.658
924 1803.6580815163268 -14.202007363985507 -732.3248506932488 1827.812 57.63595 -1078.165
925 1803.8260837795801 -14.080953264717344 -733.7919350957942 1827.696 57.76981 -1079.636
926 1803.924614560843 -13.949188872828824 -735.2952581615966 1827.601 57.90771 -1081.139
927 1803.928178810515 -13.80857283269709 -736.804722797778 1827.468 58.04396 -1082.643
928 1803.938186301883 -13.665558113139722 -738.2898500519238 1827.234 58.17193 -1084.111
929 1803.9506244061276 -13.510347850106813 -739.8061905165662 1827.023 58.3023 -1085.615
930 1803.918607378247 -13.378611253983896 -741.2975270592577 1826.704 58.43592 -1087.072
931 1803.880267061771 -13.240945267950462 -742.8219826086333 1826.41 58.56608 -1088.569
932 1803.7231934141641 -13.071815034787818 -744.334674255453 1826.076 58.70315 -1090.056
933 1803.5720860753331 -12.937079822141186 -745.8265961269746 1825.633 58.83384 -1091.489
934 1803.344840493141 -12.765935259313391 -747.3296909037895 1825.214 58.96963 -1092.954
935 1803.3280563730184 -12.595342095538056 -748.8524376753129 1824.755 59.10201 -1094.41
936 1802.9747414887424 -12.424585661260517 -750.3200168809442 1824.183 59.2354 -1095.811
937 1802.6670272514325 -12.273686680791679 -751.8146399290237 1823.643 59.3685 -1097.24
938 1802.2459680499119 -12.130971603365381 -753.277758010516 1823.06 59.49507 -1098.648
939 1801.8846751292733 -11.971728468122853 -754.7492265226747 1822.357 59.60684 -1099.995
940 1801.5170511492001 -11.818894573574166 -756.2262184924743 1821.684 59.72051 -1101.364
941 1801.0508215131997 -11.642436184876106 -757.6677371057683 1820.889 59.84234 -1102.66
942 1800.4678051847827 -11.470499565305616 -759.0758675145194 1820.139 59.94356 -1103.994
943 1799.9542871499857 -11.286702333421793 -760.5084820460281 1819.352 60.05208 -1105.305
944 1799.334382503239 -11.107011190396692 -761.9008774722487 1818.45 60.15961 -1106.542
945 1798.7412694122656 -10.92706772184444 -763.2971564198238 1817.589 60.27091 -1107.799
946 1798.0011041100577 -10.764271418077058 -764.6208795557125 1816.694 60.38345 -1109.029
947 1797.2275942336466 -10.588757978633009 -765.9361722275423 1815.685 60.49128 -1110.182
948 1796.4933446793275 -10.382381934560835 -767.2486547228601 1814.723 60.60227 -1111.351
949 1795.602397978674 -10.186304664678591 -768.4864901290955 1813.646 60.71216 -1112.443
950 1794.6681975841577 -10.007185101148417 -769.6695675184687 1812.614 60.82078 -1113.551
951 1793.7606909061963 -9.814117639362118 -770.8681950699438 1811.551 60.93013 -1114.626
952 1792.7884346013352 -9.648927293935209 -772.0541772200353 1810.378 61.03586 -1115.622
953 1791.8851280660983 -9.481427116838608 -773.2626676910241 1809.249 61.14424 -1116.631
954 1790.90867995571 -9.320954419166663 -774.4160474034436 1808.088 61.24884 -1117.606
955 1789.8309956704102 -9.151201680920623 -775.5220223631853 1806.825 61.34899 -1118.505
956 1788.751900651952 -8.977933762932022 -776.5856696401216 1805.603 61.44839 -1119.412
957 1787.591330741351 -8.818630424915398 -777.6213864603019 1804.284 61.54684 -1120.246
958 1786.4743951572573 -8.660687238729706 -778.657129136512 1803.008 61.64582 -1121.087
959 1785.357049547546 -8.47320774643345 -779.6911275881683 1801.706 61.74346 -1121.892
960 1784.0998492103472 -8.310995440039186 -780.6246777152643 1800.315 61.83906 -1122.623
961 1782.9306547559017 -8.090460168949862 -781.609386831907 1798.96 61.93421 -1123.358
962 1781.6634622223241 -7.905182862167445 -782.4846465091097 1797.579 62.0292 -1124.058
963 1780.3804782506422 -7.7475197450695195 -783.4097649499126 1796.124 62.11734 -1124.692
964 1779.0404939125544 -7.574588317954325 -784.1896694925301 1794.701 62.20732 -1125.325
965 1777.711724631228 -7.394273296061708 -785.0081554180556 1793.253 62.29534 -1125.928
966 1776.3244035823925 -7.225570955870582 -785.803724421959 1791.742 62.38523 -1126.471
967 1774.9318471672455 -7.022625495269168 -786.520583644578 1790.258 62.47435 -1127.004
968 1773.6618255279857 -6.87777652251863 -787.5118856739341 1788.716 62.5609 -1127.485
969 1772.2222685011022 -6.694353197149073 -788.1740472980564 1787.194 62.64482 -1127.955
970 1770.7994597256359 -6.505032437582333 -788.8895273665788 1785.654 62.72812 -1128.395
971 1769.2899171866407 -6.3250483835458615 -789.4786171826138 1784.075 62.80871 -1128.793
972 1767.7965173481193 -6.1506863141085955 -790.0766280466839 1782.506 62.89076 -1129.18
973 1766.314198381456 -5.973675721947247 -790.722512505262 1780.922 62.97071 -1129.541
974 1764.800745780504 -5.824064896212142 -791.3537698144434 1779.311 63.04728 -1129.873
975 1763.2694859885517 -5.650826367373364 -791.9213496460753 1777.702 63.12234 -1130.193
976 1761.727877694084 -5.494136197533933 -792.4863044991422 1776.082 63.19501 -1130.494
977 1760.1457007764138 -5.319558465953441 -792.9839532042824 1774.439 63.26738 -1130.771
978 1758.5608626444355 -5.178013685156143 -793.4747339285946 1772.797 63.33921 -1131.038
979 1756.944604415232 -5.026915674751386 -793.9139336871149 1771.135 63.41172 -1131.284
980 1755.3229606561486 -4.875540191581829 -794.3001333166071 1769.479 63.48361 -1131.517
981 1753.7173964806307 -4.740802255003095 -794.840281214076 1767.796 63.55799 -1131.74
982 1752.0887170408366 -4.568426044541548 -795.2867896880817 1766.113 63.63222 -1131.949
983 1750.462902564568 -4.411371630434277 -795.753622406905 1764.428 63.70596 -1132.152
984 1748.8833771113236 -4.287748542595969 -796.3832180646937 1762.736 63.77872 -1132.348
985 1747.2642157297576 -4.137823064529564 -796.8849871234961 1761.046 63.85109 -1132.534
986 1745.6157361884163 -3.9436394456960735 -797.270006925657 1759.353 63.9228 -1132.713
987 1743.9593144067098 -3.775623179507524 -797.6521111745006 1757.655 63.99476 -1132.885
988 1742.2969160085336 -3.605037409746529 -797.9934273102099 1755.959 64.06682 -1133.051
989 1740.67245734713 -3.471396057526622 -798.5001999646295 1754.261 64.13795 -1133.21
990 1739.0347073522673 -3.333486305471676 -798.952345842212 1752.565 64.20815 -1133.366
991 1737.3604769332608 -3.139212725208644 -799.2429073898829 1750.863 64.27888 -1133.519
992 1735.7636939281397 -3.0180739255463496 -799.8369631268916 1749.163 64.34811 -1133.669
993 1734.1154728369413 -2.868478737073337 -800.2785390819821 1747.458 64.41721 -1133.818
994 1732.4470927880643 -2.657412227841133 -800.592023660852 1745.755 64.48641 -1133.964
995 1730.771149130686 -2.466023962455218 -800.881610645307 1744.051 64.55659 -1134.108
996 1729.113152478207 -2.3229560043434523 -801.3022035854875 1742.342 64.62863 -1134.251
997 1727.441365492102 -2.180904021070343 -801.6539839567963 1740.635 64.70178 -1134.391
998 1725.7654008934103 -1.9566589580521885 -801.9297902570203 1738.929 64.77564 -1134.53
999 1724.1136555710243 -1.8225941851470693 -802.3755136311462 1737.22 64.8495 -1134.667
1000 1722.450943611641 -1.658242166559239 -802.7435764722607 1735.516 64.92197 -1134.802
1001 1720.7752596480466 -1.4663402840766417 -803.0409089033083 1733.81 64.9947 -1134.934
1002 1719.1102321445303 -1.2775511187265844 -803.3359163372494 1732.115 65.06585 -1135.064
1003 1717.456950828111 -1.1022760217957437 -803.6676649908643 1730.426 65.13665 -1135.192
1004 1715.8186851557991 -0.9589512393912247 -804.0310427079478 1728.748 65.20511 -1135.319
1005 1714.225750441494 -0.8242840984711908 -804.54355318659 1727.075 65.27167 -1135.441
1006 1712.5860876491895 -0.6371028665074643 -804.8386748115737 1725.404 65.33481 -1135.561
1007 1710.9625907623006 -0.48354612181439016 -805.1942014412667 1723.74 65.39481 -1135.676
1008 1709.359128918742 -0.3161695605668833 -805.6013252866703 1722.082 65.45266 -1135.788
1009 1707.7915588552917 -0.15253161549845154 -806.1045663687651 1720.432 65.5124 -1135.894
1010 1706.2005636875267 -0.031881153745064006 -806.521296799892 1718.787 65.5695 -1135.995
1011 1704.633752248423 0.04241507190767409 -806.9626437487285 1717.161 65.62471 -1136.086
1012 1703.0494814180852 0.18331443728993674 -807.3129795210606 1715.535 65.67949 -1136.161
1013 1701.4838091873514 0.3259129072241337 -807.6416197381399 1713.931 65.73199 -1136.225
1014 1699.9164933802824 0.4812883497759729 -807.8699347292468 1712.341 65.78231 -1136.271
1015 1698.3452890146787 0.6667945688957659 -808.079802392966 1710.746 65.8327 -1136.295
1016 1696.8060832975743 0.820977477821848 -808.3019194700422 1709.184 65.88013 -1136.308
1017 1695.257909695074 0.954744537011181 -808.5386771995807 1707.613 65.92724 -1136.285
1018 1693.7395063413633 1.098217755983085 -808.7204881246593 1706.078 65.97128 -1136.253
1019 1692.2341044371365 1.2001623211926604 -808.8535484597496 1704.565 66.0123 -1136.194
1020 1690.7088470164424 1.3548258376265871 -808.9799032673441 1703.031 66.04779 -1136.085
1021 1689.2285634920315 1.4942934550626485 -809.0402027527808 1701.548 66.08116 -1135.967
1022 1687.7624821323243 1.6219327128311283 -809.1153108688214 1700.082 66.11041 -1135.821
1023 1686.2570615868513 1.7390232570028958 -809.1595709200326 1698.586 66.13649 -1135.613
1024 1684.816119010881 1.869242301556774 -809.150035261061 1697.155 66.16215 -1135.401
1025 1683.3073997977604 2.01739850992244 -809.1473042753994 1695.669 66.18653 -1135.102
1026 1681.8529391552884 2.141595042008407 -809.0725000581517 1694.241 66.21043 -1134.791
1027 1680.420112397826 2.2655718582272746 -808.97105209839 1692.835 66.21801 -1134.472
1028 1678.9156359828453 2.383727320139639 -808.7977728218243 1691.371 66.2073 -1134.067
1029 1677.497595348956 2.497835951835406 -808.6041605471316 1689.991 66.19591 -1133.671
1030 1676.0954856423145 2.6060410340018247 -808.2998357317872 1688.621 66.17116 -1133.232
1031 1674.6009190612342 2.7068270848050324 -808.0256902543823 1687.197 66.14385 -1132.693
1032 1673.2105943692718 2.782962290151122 -807.7144600581828 1685.87 66.09641 -1132.171
1033 1671.7477418827875 2.8839843625527237 -807.2772469845293 1684.476 66.06232 -1131.541
1034 1670.386903832843 2.9779866834765008 -806.9075431042628 1683.2 66.01776 -1130.935
1035 1669.0602932953113 3.0717044651650802 -806.470109273032 1681.961 65.98452 -1130.284
1036 1667.649411117665 3.1589214450251726 -805.9005498544248 1680.643 65.94241 -1129.52
1037 1666.3491789411128 3.248586604037195 -805.3894583017487 1679.457 65.90758 -1128.777
1038 1665.0680055270896 3.3070527849503897 -804.8497586132278 1678.306 65.87101 -1127.996
1039 1663.726576233993 3.4043892812348586 -804.1442480947283 1677.079 65.82757 -1127.102
1040 1662.5292693207937 3.484393671331444 -803.4423291640315 1675.989 65.78896 -1126.24
1041 1661.1811357401343 3.5524832432074795 -802.7501903549767 1674.826 65.74585 -1125.267
1042 1660.0178455902935 3.6421287824653743 -802.0083527760723 1673.811 65.70668 -1124.329
1043 1658.8612979379698 3.7173377142117507 -801.254889004621 1672.831 65.6632 -1123.355
1044 1657.7359095237612 3.8041199363441485 -800.2614234702481 1671.787 65.61313 -1122.274
1045 1656.5958578874574 3.90479316798271 -799.4840546363655 1670.884 65.56276 -1121.227
1046 1655.549675442151 3.969487072977028 -798.5873303988268 1670.025 65.50954 -1120.149
1047 1654.4416212228998 4.022982566185725 -797.5793556938833 1669.099 65.44746 -1118.972
1048 1653.4912832095606 4.101795808566594 -796.5771775194912 1668.319 65.38886 -1117.831
1049 1652.4021819859947 4.142551537326984 -795.5589864512235 1667.481 65.32217 -1116.599
1050 1651.5223724376365 4.1946954392635964 -794.4942990630158 1666.783 65.25392 -1115.408
1051 1650.6397478304084 4.218659093944581 -793.412326378116 1666.116 65.18499 -1114.183
1052 1649.7650933745556 4.271426298083754 -792.2149511061465 1665.409 65.10462 -1112.881
1053 1649.002372643126 4.331791397794573 -791.0367080637376 1664.817 65.03254 -1111.609
1054 1648.1235112626737 4.374222884927058 -789.9433977697454 1664.267 64.95835 -1110.32
1055 1647.323082131472 4.417372759606991 -788.6946030827218 1663.679 64.87654 -1108.96
1056 1646.6576345872115 4.466899843299925 -787.4566236827643 1663.209 64.79507 -1107.637
1057 1645.9476884686662 4.492728757141213 -786.2397217902635 1662.781 64.71287 -1106.297
1058 1645.2766411340651 4.538745078914362 -784.8983113957698 1662.301 64.62431 -1104.878
1059 1644.7024785382396 4.562267007019978 -783.6042776061985 1661.958 64.538 -1103.507
1060 1644.1446164195738 4.601155400971871 -782.2125668345674 1661.562 64.46915 -1102.062
1061 1643.6478336738412 4.62685756263424 -780.9014796120958 1661.319 64.3632 -1100.685
1062 1643.2309273389687 4.667271675881898 -779.5455628436351 1661.115 64.26554 -1099.284
1063 1642.798034538173 4.689067468799698 -778.103093441384 1660.875 64.14444 -1097.802
1064 1642.3442903741322 4.705384726658557 -776.7379281507708 1660.772 64.05174 -1096.37
1065 1641.9593127380135 4.7374538191223605 -775.3557277579564 1660.724 63.95351 -1094.939
1066 1641.7325442368956 4.77117780456125 -773.8721117496486 1660.624 63.86049 -1093.444
1067 1641.5034186572627 4.795132679776143 -772.4563451176392 1660.666 63.75655 -1092.014
1068 1641.31991746066 4.802516088462595 -770.966075584125 1660.665 63.65347 -1090.516
1069 1641.1657544333816 4.804544530177458 -769.52767045453 1660.808 63.53899 -1089.081
1070 1641.078997971217 4.78045555242614 -768.0813399410154 1660.998 63.42386 -1087.649
1071 1641.0866073054774 4.774827784713388 -766.5799445065405 1661.14 63.30548 -1086.159
1072 1640.979325806626 4.775006687676182 -765.128322307207 1661.423 63.18844 -1084.736
1073 1641.0047210076643 4.752147688269234 -763.6626226767196 1661.752 63.07257 -1083.312
1074 1640.989585344344 4.760653565297096 -762.1575914947663 1662.049 62.95694 -1081.841
1075 1641.095989125527 4.732473127178828 -760.6793172303765 1662.469 62.84239 -1080.424
1076 1641.297780595616 4.718985912784451 -759.1783054760765 1662.869 62.72406 -1078.968
1077 1641.5748251374607 4.720748065246785 -757.7004913224182 1663.374 62.61487 -1077.556
1078 1641.7616141545432 4.75430794904753 -756.2003921058006 1663.914 62.50419 -1076.148
1079 1641.9915520993763 4.722160606997586 -754.6898821112874 1664.445 62.39675 -1074.719
1080 1642.384154940519 4.747727346384444 -753.2158820534298 1665.055 62.28661 -1073.325
1081 1642.7816827119734 4.716530395570718 -751.734240119094 1665.691 62.17659 -1071.933
1082 1643.4144763088125 4.733417429563661 -750.326039484141 1666.334 62.06217 -1070.534
1083 1644.1151462972073 4.717843739551004 -748.9161921121031 1667.04 61.9526 -1069.131
1084 1644.7879391403253 4.687413107334565 -747.5206848898817 1667.748 61.84362 -1067.757
1085 1645.643099503018 4.682021485624982 -746.2015682557305 1668.471 61.73872 -1066.365
1086 1646.3132851396504 4.716835979840527 -744.7750766820282 1669.233 61.6328 -1064.989
1087 1646.9088386618573 4.732824804969022 -743.305169862785 1670.011 61.52604 -1063.611
1088 1647.4984483009641 4.72380988921008 -741.8105852357845 1670.82 61.41849 -1062.227
1089 1648.0669937120304 4.721767452410816 -740.2990880123639 1671.64 61.31031 -1060.84
1090 1648.7168804448797 4.736820876531649 -738.8341100874488 1672.455 61.20477 -1059.464
1091 1649.3215256838764 4.7180425406442765 -737.3338634524054 1673.289 61.0989 -1058.082
1092 1650.0040330721804 4.702259757689078 -735.8446357983602 1674.135 60.99427 -1056.683
1093 1650.6362585933439 4.718230383024032 -734.3234329676976 1674.989 60.89092 -1055.278
1094 1651.241888499781 4.740650961333691 -732.7742026489594 1675.853 60.79 -1053.86
1095 1651.8837880890896 4.754169082746183 -731.2485515060903 1676.716 60.69111 -1052.451
1096 1652.3210197388926 4.75040951116022 -729.6376603580196 1677.591 60.59208 -1051.033
1097 1652.9215199660266 4.787769275558679 -728.0666738056534 1678.473 60.49193 -1049.604
1098 1653.4200827669863 4.769643541853826 -726.418710152117 1679.381 60.38454 -1048.145
1099 1653.9811629366836 4.756495159010806 -724.8555468574799 1680.259 60.28089 -1046.739
1100 1654.5327464275147 4.733452760287484 -723.2346312649508 1681.167 60.17613 -1045.291
