0 0.0 0.0 0.0 1.110223e-16 2.220446e-16 -2.220446e-16
1 0.051495955661673976 -0.01534636210142197 1.0009037091298774 0.05154656 -0.02424883 1.000725
2 0.1467257225436348 -0.05154034338778759 1.9954961361574266 0.1464632 -0.05051622 1.995659
3 0.24832623812063187 -0.07051051512326038 2.9916312181473903 0.2879204 -0.07903059 2.986691
4 0.48454150662447615 -0.1104359705824209 3.956016537278768 0.4657503 -0.1102928 3.963845
5 0.6630484428278612 -0.12752189861568458 4.938342738536681 0.6971645 -0.143877 4.934639
6 0.9418159875592921 -0.14967975815821155 5.890523611453772 0.9715689 -0.1802237 5.887651
7 1.2565868458590488 -0.19077872186782546 6.82953955308961 1.288079 -0.2184877 6.826202
8 1.5996091548921065 -0.2105179047859119 7.755539860861181 1.651331 -0.254729 7.743952
9 2.0158259613595444 -0.23727130154115125 8.650465201822954 2.050498 -0.2919528 8.64624
10 2.4756031949459594 -0.27776540261832383 9.520477011152796 2.488685 -0.3309237 9.527392
11 2.954905081258935 -0.30408977403764625 10.376783209704598 2.966292 -0.3697385 10.38417
12 3.508735773406263 -0.31669399178982366 11.184840407147718 3.483068 -0.4086031 11.2156
13 4.042431711087931 -0.3494769331272036 12.001504610685203 4.03669 -0.4439735 12.01878
14 4.620165029182418 -0.397694228659862 12.784911888795824 4.631439 -0.4790227 12.79006
15 5.2820734099329245 -0.4094342411734896 13.489579245440243 5.252124 -0.5136186 13.53058
16 5.932001219219246 -0.4376848060695881 14.207002319773391 5.913461 -0.5462713 14.23731
17 6.642028310621334 -0.49793163206997787 14.85786072423824 6.602643 -0.5777429 14.91216
18 7.36136739493095 -0.5221414401133512 15.494123727406269 7.315983 -0.6091556 15.55483
19 8.098408655540078 -0.5229726311852255 16.10302146810422 8.059654 -0.636292 16.155
20 8.876670322937604 -0.53778411787828 16.6523821929092 8.824947 -0.6652783 16.72174
21 9.619000068018368 -0.556618988120318 17.248088800127164 9.617499 -0.6938755 17.24835
22 10.442552210042866 -0.595592491085622 17.72567670401143 10.43572 -0.7209802 17.73582
23 11.223914298372652 -0.6062153167938856 18.270325369089182 11.27339 -0.7448949 18.18861
24 12.088111899109007 -0.6219391000760793 18.68939110669992 12.13844 -0.7707228 18.60541
25 12.968667263136165 -0.6613155000667073 19.078887970163017 13.02386 -0.7968987 18.98486
26 13.85928944014967 -0.6526634850653235 19.450584471180044 13.92282 -0.8194983 19.33529
27 14.769741853450412 -0.6417309622683052 19.80499628002353 14.84567 -0.8398217 19.65558
28 15.70283653833164 -0.6623255405367368 20.12666591183051 15.78819 -0.859011 19.94858
29 16.64990327279973 -0.6672599242484508 20.425158570770297 16.74609 -0.8779579 20.20959
30 17.609476224476378 -0.681339980260599 20.679412030375627 17.71096 -0.8926428 20.4429
31 18.585962876314426 -0.6902190800952948 20.89754815364202 18.69074 -0.9066816 20.64544
32 19.562748999350767 -0.7151363762896067 21.174237890522434 19.69166 -0.9204752 20.81649
33 20.556931132323488 -0.7356024746741324 21.431171568142876 20.70872 -0.9323174 20.9589
34 21.581579359380235 -0.7586460970817228 21.603822047400275 21.74157 -0.9423525 21.0745
35 22.626034345965003 -0.7831573262289636 21.73367847542812 22.79076 -0.948405 21.16118
36 23.6901632666532 -0.7887922030119315 21.747900661709238 23.85365 -0.951047 21.21468
37 24.76579520816903 -0.8199640239206938 21.808424528839257 24.93112 -0.9519265 21.24069
38 25.85777210417221 -0.8340528524402088 21.833712112492602 26.02348 -0.9509506 21.24027
39 26.958424585485705 -0.8373186900349223 21.919898818447134 27.12723 -0.9489508 21.21564
40 28.0699800354156 -0.7833421451778395 21.833537252224417 28.24249 -0.9456288 21.16969
41 29.19801726702341 -0.7599648127028806 21.78199296535393 29.37022 -0.9414386 21.10741
42 30.329075850099414 -0.7482742434035412 21.683826562179515 30.50291 -0.9363594 21.0296
43 31.465764228751922 -0.6845822557595903 21.58677428638414 31.64196 -0.9296868 20.93984
44 32.60442485683357 -0.620753486086565 21.44279259203035 32.78682 -0.9216773 20.83696
45 33.76411338249287 -0.6009715193278672 21.379377050618753 33.94232 -0.9117462 20.71859
46 34.94236097292808 -0.606159154910816 21.31510641461835 35.11473 -0.9007201 20.58533
47 36.14446544043008 -0.5653401071369502 21.27052478098464 36.30912 -0.8891584 20.43698
48 37.37101351299866 -0.6097557118071242 21.308760676981137 37.5268 -0.8781568 20.2789
49 38.6141847830107 -0.5909438923765931 21.162299682829186 38.76733 -0.8670199 20.11085
50 39.882014104053894 -0.575550243568064 21.10249560384194 40.02403 -0.8564479 19.93253
51 41.16610465046013 -0.5375503074924877 20.939535975757916 41.3055 -0.8460362 19.74648
52 42.478809154150845 -0.5127699582439856 20.850261551534317 42.60679 -0.837548 19.55065
53 43.807193281338655 -0.47956190066380444 20.66660406012763 43.93278 -0.8295496 19.34786
54 45.16200265946997 -0.45418256010169955 20.50260132375848 45.28137 -0.8187903 19.13753
55 46.53028482481932 -0.4563445647273417 20.294449646018112 46.6485 -0.8059921 18.92231
56 47.917116785313084 -0.4305264050622866 20.070949151268437 48.03559 -0.790753 18.69944
57 49.314795885340764 -0.374491766544552 19.801200078550835 49.44201 -0.776593 18.47318
58 50.75180098772859 -0.3474890900823751 19.623290719648985 50.87125 -0.7612088 18.23994
59 52.20648205291066 -0.3347013840538479 19.458850407016776 52.31634 -0.7488661 18.00571
60 53.68924123295352 -0.3251557043830602 19.348041272806178 53.78414 -0.7385593 17.76822
61 55.190402971759795 -0.299775427280541 19.181151557171155 55.27561 -0.7282464 17.52865
62 56.71397427204509 -0.256818241714416 19.046357782425222 56.7869 -0.7193216 17.28947
63 58.25693034117554 -0.2493141088743011 18.880184499237142 58.3197 -0.7090229 17.04698
64 59.802617871489865 -0.194435248805817 18.61599246777015 59.87004 -0.6982294 16.80555
65 61.38654160399438 -0.1472978906119089 18.407642378384956 61.44932 -0.6898538 16.56009
66 62.981935849194365 -0.09803315758857215 18.16119104482202 63.04564 -0.682234 16.31483
67 64.61283277705988 -0.10362480770084435 18.046205086600576 64.66146 -0.6742945 16.06555
68 66.25254398296889 -0.0511701057776176 17.86498975234652 66.29273 -0.665932 15.81429
69 67.90752268261247 0.026973401996946894 17.76542169685195 67.93358 -0.6566595 15.56429
70 69.56395709557755 0.054527397494289115 17.503857686078852 69.59146 -0.6495479 15.31065
71 71.24223266454268 0.11807862782192553 17.30993953983291 71.26348 -0.6455501 15.06048
72 72.92669087627942 0.17806670470786992 17.052777403030426 72.94957 -0.6411509 14.80708
73 74.63777501423733 0.2599943593338237 16.842406803594855 74.65679 -0.6351425 14.55382
74 76.37184734624128 0.28225710567441187 16.723129045341302 76.37583 -0.6266393 14.29583
75 78.11143178445728 0.3436453884700838 16.496594348201665 78.11207 -0.6192733 14.03765
76 79.87697177603766 0.37454529264256653 16.3543918128268 79.86417 -0.6121849 13.77611
77 81.65076562987795 0.43046449300503337 16.1965810120311 81.62656 -0.6069533 13.51471
78 83.4417269827502 0.5045628778302488 16.07956967961047 83.40315 -0.6037449 13.2493
79 85.24952431422207 0.5584871886129305 15.991211301335314 85.19377 -0.601808 12.98
80 87.06512097589862 0.6044015491788132 15.750575082241493 87.00538 -0.5994816 12.70711
81 88.89275441569637 0.7087289119142718 15.534779970142521 88.82747 -0.5948763 12.42843
82 90.73649850062706 0.7841353690540064 15.298796170013633 90.66661 -0.5892579 12.14861
83 92.59285773948774 0.8481691887740128 15.068215344195595 92.51613 -0.5822604 11.86127
84 94.47724775928842 0.8627529071580253 14.914301291167787 94.38417 -0.576158 11.56935
85 96.36310787400542 0.9287548136474908 14.662847661701894 96.26377 -0.5690865 11.26751
86 98.25870734421282 0.9962008682127628 14.39863558189053 98.15387 -0.5670654 10.95901
87 100.1610083138147 1.0662663742526075 14.109249173741498 100.0527 -0.5652429 10.63988
88 102.08268076278117 1.1364353857875822 13.933125725369464 101.9553 -0.5641477 10.30991
89 104.00838992674542 1.189221411633298 13.664133042699866 103.8698 -0.5624452 9.966128
90 105.94058654979624 1.2188603971658507 13.377029979341703 105.791 -0.5643553 9.611618
91 107.8787478630154 1.2697235169161059 13.039475281477994 107.7248 -0.5687973 9.246382
92 109.83725315537032 1.330007438081418 12.759659464760356 109.6683 -0.5717942 8.871585
93 111.80731985361781 1.3731381116104675 12.482809747289595 111.6206 -0.5733449 8.486629
94 113.79092299991638 1.4002547542697914 12.219221368946089 113.5815 -0.5728043 8.086921
95 115.7720293719135 1.4750007283867768 11.893160315943222 115.5478 -0.570538 7.674193
96 117.76536137176636 1.5445645608891148 11.598499077090256 117.5182 -0.5680584 7.246929
97 119.73806428971558 1.5839126465309616 11.137853888195089 119.4963 -0.5658779 6.808278
98 121.73982564861006 1.6411387171609104 10.740511767379274 121.4861 -0.5645652 6.351224
99 123.76250310396375 1.6826677325836645 10.411159441769204 123.4817 -0.5636678 5.883248
100 125.78604113782661 1.7117221275986616 10.057049451854015 125.4794 -0.5607338 5.403529
101 127.78969031187326 1.7578802148484485 9.543313934666333 127.4889 -0.5591517 4.911013
102 129.8361431118276 1.8069374412102435 9.20481818153832 129.5004 -0.5556139 4.402279
103 131.9005149885454 1.8671801175847262 8.8892772936814 131.5233 -0.5494115 3.880107
104 133.90967844122892 1.9025751750391438 8.300326057539596 133.5486 -0.5427542 3.348158
105 135.96606838599317 1.9770818390597256 7.852782036371277 135.5837 -0.5360354 2.806947
106 138.03302394898805 2.0481300408813867 7.41580505926829 137.625 -0.5295973 2.257989
107 140.12654158321317 2.105846726749535 7.031313593560468 139.6797 -0.5224538 1.699296
108 142.2205057280032 2.1520256358675143 6.656848217333519 141.7304 -0.5179993 1.132152
109 144.32715004258338 2.216317004824659 6.272035513063461 143.7927 -0.5127373 0.5515872
110 146.43210111581692 2.262745542803085 5.824996748463944 145.8618 -0.5061993 -0.0413721
111 148.53547146277938 2.2631447873144532 5.356310012179447 147.9305 -0.5006247 -0.6449311
112 150.65036341703222 2.3040367040767116 4.891253874119281 150.0068 -0.4959689 -1.261108
113 152.76909513577414 2.3236063874439337 4.364773172426154 152.0968 -0.4898301 -1.892338
114 154.86084842055618 2.3883034966841135 3.7517204583472976 154.1812 -0.4829921 -2.533182
115 157.00191569529494 2.430228344518205 3.2745222707362425 156.2753 -0.4753909 -3.187653
116 159.1285770941429 2.511278303334648 2.7146405032044707 158.3734 -0.467684 -3.851462
117 161.23589394809855 2.533141986549885 2.0633929752882194 160.4737 -0.4608735 -4.525316
118 163.38406002383653 2.5803191708306183 1.4952072534211833 162.5875 -0.4555311 -5.211974
119 165.555123088023 2.6333658442965873 0.997969619568744 164.7037 -0.4525483 -5.908582
120 167.70638713789182 2.6671781239555044 0.3877099489717519 166.8257 -0.4495307 -6.614701
121 169.90379703645053 2.7542325088278843 -0.06611643713405324 168.9537 -0.4456125 -7.331463
122 172.05036828313064 2.790723369152297 -0.7571758394661534 171.0871 -0.4416744 -8.063072
123 174.22172574392704 2.8446826815408737 -1.3918962268453328 173.2245 -0.4365523 -8.806086
124 176.3900917143655 2.9059914163636273 -2.0610470495239275 175.3665 -0.4294089 -9.557829
125 178.5395092964265 2.9767300262006993 -2.821022458578097 177.5169 -0.420933 -10.31827
126 180.75150067254233 3.041445280377273 -3.398650862705023 179.6714 -0.4118277 -11.0856
127 182.967558391994 3.107268482074228 -3.9892824216751457 181.8303 -0.4043634 -11.86225
128 185.19983617918857 3.142853805452974 -4.563902368300793 183.9969 -0.3985802 -12.64986
129 187.42845058834564 3.214939384190168 -5.18598779514669 186.1699 -0.3990509 -13.44797
130 189.63994503201766 3.282289471783744 -5.881323728149469 188.344 -0.4000549 -14.25545
131 191.8985767768277 3.3487122350069245 -6.427693697043063 190.5195 -0.4013833 -15.07493
132 194.14624873388993 3.372688673271382 -7.087482454723083 192.7087 -0.4038655 -15.90879
133 196.37651942762156 3.4387051414413663 -7.822788197277072 194.901 -0.4035663 -16.75316
134 198.62930544672938 3.51157062361218 -8.496734548858795 197.093 -0.4021162 -17.60738
135 200.92255109010955 3.5410085287371853 -9.084079958243706 199.2958 -0.4006638 -18.47484
136 203.13333354542746 3.5909299574358973 -9.883277901487086 201.4804 -0.4011965 -19.34449
137 205.40391752257392 3.5847274213743963 -10.598171135477557 203.6882 -0.4030819 -20.23459
138 207.64777134150827 3.6576024979542536 -11.338083675290342 205.877 -0.4061955 -21.12723
139 209.9050507960519 3.6504298344698247 -12.087758351166501 208.0748 -0.408323 -22.03665
140 212.13278500827926 3.6539595227025403 -12.93496944346972 210.2746 -0.4072563 -22.95396
141 214.36811475092173 3.702277183201988 -13.769065184928563 212.4744 -0.4051777 -23.87896
142 216.63648776588408 3.7284066445310753 -14.499942009585215 214.6697 -0.4036944 -24.80688
143 218.9106326605287 3.777185216045892 -15.244721445159204 216.8716 -0.4053455 -25.7452
144 221.18382280516153 3.774275745368982 -16.042147716729072 219.0854 -0.4089666 -26.69513
145 223.42675418086972 3.8357536050378385 -16.853236981936085 221.2752 -0.4145729 -27.6423
146 225.73917899157865 3.9001854546433776 -17.48721745178995 223.4748 -0.4227878 -28.5989
147 227.9700491278879 3.9270479603774997 -18.379546834231384 225.6743 -0.432373 -29.5663
148 230.2629863225778 4.048128335322055 -19.083127462033872 227.8686 -0.4418329 -30.54211
149 232.51900096081982 4.094187954751295 -19.919919466700637 230.0656 -0.4485622 -31.5245
150 234.8204132878236 4.149155803280344 -20.614733656720603 232.2584 -0.4502008 -32.51137
151 237.00251916553913 4.231730923682974 -21.620001148353296 234.4478 -0.4516442 -33.50409
152 239.19854359957793 4.249664516617894 -22.61492354914054 236.6402 -0.4545615 -34.50713
153 241.4758170293433 4.315227862631155 -23.39397829635065 238.8266 -0.456504 -35.51552
154 243.71189040177924 4.3662245679059914 -24.28847590557842 241.0098 -0.4583595 -36.53355
155 245.98107506717201 4.407317678466981 -25.087553934218597 243.1866 -0.4598154 -37.55871
156 248.1989005813338 4.431768213380213 -26.01364155902768 245.3571 -0.4618584 -38.59114
157 250.4351095714851 4.4923918606363085 -26.89468155151124 247.5244 -0.461475 -39.63198
158 252.71311161542542 4.514719848671032 -27.656020605543606 249.6839 -0.461446 -40.68364
159 254.9431193592506 4.572985428573139 -28.55716560197022 251.8424 -0.4628392 -41.74631
160 257.15927957534456 4.630152546763176 -29.471045619225638 253.9896 -0.4623208 -42.81371
161 259.33668166397723 4.6634498221237815 -30.496649377430362 256.1425 -0.4599411 -43.89031
162 261.54795967305256 4.67912386766668 -31.45907913489066 258.2951 -0.4566041 -44.97777
163 263.7594817418804 4.726674983423082 -32.423019007447785 260.4446 -0.451586 -46.07408
164 265.9433457608743 4.7750039171738905 -33.459250981484736 262.5925 -0.4468931 -47.18398
165 268.17168231054774 4.802865197987433 -34.38953358100113 264.734 -0.4443228 -48.30007
166 270.3853524855348 4.849788236453183 -35.410026622056634 266.892 -0.442692 -49.43452
167 272.5169277282809 4.896318945875125 -36.546104356239 269.0255 -0.4394885 -50.56793
168 274.7462383588775 4.972042309823979 -37.53121099688878 271.1744 -0.4357941 -51.72041
169 276.9789052423917 5.049983015356079 -38.54418103975904 273.3318 -0.4312748 -52.88771
170 279.2431509705567 5.135105243407078 -39.48764198392716 275.487 -0.4244063 -54.06212
171 281.4175721044153 5.216065053932527 -40.669621008898424 277.658 -0.4182424 -55.25311
172 283.68530943528646 5.320054704602051 -41.66828085606865 279.8273 -0.4128268 -56.45514
173 285.8897466027268 5.396190491177834 -42.857623701191 282.0168 -0.4105826 -57.67414
174 288.18299082724394 5.511207674135807 -43.82121561128828 284.1885 -0.4095589 -58.89251
175 290.4521317102857 5.608900012898916 -44.88947134990338 286.3724 -0.4079618 -60.12956
176 292.7102927047041 5.701055554271265 -46.029013723029756 288.5702 -0.4045488 -61.38495
177 294.9879174737717 5.851762921569886 -47.13769895983046 290.7704 -0.3986685 -62.64929
178 297.2760868623518 5.962481011846785 -48.26452460939565 292.9827 -0.3908822 -63.92341
179 299.6243918408851 6.118149095896106 -49.26580331935175 295.1953 -0.3821466 -65.20624
180 302.01098379163074 6.300686291245963 -50.22127618417357 297.4212 -0.3713999 -66.50521
181 304.3287839273974 6.4584570228059555 -51.33282807042771 299.6423 -0.3587114 -67.80874
182 306.58661378047964 6.634153687494313 -52.596294857447425 301.8763 -0.3470056 -69.1256
183 308.8608004176889 6.7487539546641395 -53.85380315102618 304.1141 -0.3372516 -70.4517
184 311.1848605056894 6.866922604532496 -55.04598266898996 306.3593 -0.3307952 -71.79168
185 313.4916541574345 6.945485310029541 -56.303919045642516 308.6134 -0.3233356 -73.14403
186 315.8721229676238 7.111209869121466 -57.4340322054641 310.8714 -0.3126191 -74.51245
187 318.26487323133955 7.214518631860469 -58.57054675260506 313.1301 -0.2971879 -75.90012
188 320.6379286707905 7.330857541490228 -59.762550037360825 315.3852 -0.2796424 -77.30725
189 322.9280760731049 7.436736584648216 -61.12079358073371 317.6383 -0.2578412 -78.72988
190 325.27526701669046 7.552801458177249 -62.40682233978384 319.8954 -0.2381554 -80.17271
191 327.61980675719434 7.657315412318916 -63.726406482292965 322.1579 -0.2197853 -81.63211
192 329.8876697651199 7.766995856726842 -65.16898312814759 324.412 -0.2016825 -83.10009
193 332.29451362672677 7.879309061443793 -66.37287691558254 326.6626 -0.1825361 -84.57972
194 334.6088828503883 7.941582662512156 -67.74642701928173 328.9055 -0.1608324 -86.06826
195 336.89934161272214 8.060471039979792 -69.16923541018339 331.1477 -0.1383913 -87.57051
196 339.2052700505319 8.183904496663468 -70.57214198718756 333.384 -0.1125608 -89.08675
197 341.5670679366756 8.297996282372955 -71.8808602997161 335.6133 -0.08455148 -90.61426
198 343.86319694075183 8.401198760156236 -73.30728868633278 337.8389 -0.05242768 -92.15154
199 346.13421407104806 8.522165455362844 -74.77114315366127 340.056 -0.01599584 -93.70014
200 348.42481462023045 8.613621000757565 -76.22717552330326 342.2752 0.02333862 -95.26502
201 350.7645375201713 8.717628774882485 -77.60076896888489 344.4892 0.0633751 -96.83616
202 353.00726887061353 8.812313997753915 -79.12978600270625 346.701 0.1024766 -98.41195
203 355.26053023172665 8.902057180974904 -80.6506947345292 348.9103 0.1402984 -99.99813
204 357.5868384344001 8.968612768254873 -82.049998574338 351.1094 0.1754218 -101.5909
205 359.90262290519667 9.07200891305629 -83.48996540869321 353.3107 0.2141195 -103.2033
206 362.19370252875456 9.165789942219732 -84.95251739176885 355.4996 0.2539708 -104.817
207 364.5000523664876 9.24354850925609 -86.39189077284631 357.6809 0.2903191 -106.4411
208 366.79448781516777 9.337507389011359 -87.87077477316015 359.867 0.3297903 -108.0781
209 369.112427125885 9.424749170577655 -89.29307485524983 362.0386 0.3801369 -109.7167
210 371.40501622941537 9.474683932781849 -90.75893794348079 364.2051 0.433594 -111.3631
211 373.67525209919506 9.521713914433503 -92.25516428140013 366.3626 0.4855505 -113.0176
212 376.01518953358215 9.5711330522995 -93.64295552403532 368.5148 0.5357534 -114.6817
213 378.3000691748465 9.622569534194692 -95.10509876710897 370.6543 0.5857535 -116.3494
214 380.61259195929875 9.671414366880922 -96.53191718874305 372.7925 0.6347512 -118.0262
215 382.921941271066 9.721819963897874 -97.96887072890907 374.9322 0.6806409 -119.7055
216 385.22086319247836 9.704949218568792 -99.36842216547501 377.0444 0.7141844 -121.3733
217 387.43595507274483 9.785222954367471 -100.91971527701128 379.1489 0.732239 -123.0734
218 389.6727134708548 9.885922720870512 -102.44231508792335 381.246 0.7514499 -124.7861
219 391.96000077780064 9.985531508777822 -103.90180461969135 383.3531 0.7912642 -126.4979
220 394.28127345679457 10.073173892855774 -105.30762778182142 385.4625 0.8581189 -128.2062
221 396.5179903222941 10.075891485524387 -106.83584434812445 387.5638 0.9375737 -129.914
222 394.0805263406465 10.230755747908512 -107.986447867623 389.6489 1.01544 -131.6273
223 396.3328919463515 10.202008498294397 -109.46216346617597 391.7168 1.088896 -133.3507
224 398.6058653408343 10.175678152809061 -110.90966507417805 393.78 1.154913 -135.0831
225 400.85681170428325 10.238979487414426 -112.39367334424581 395.8385 1.214067 -136.8244
226 403.10135332416525 10.278999843830045 -113.88843731202488 397.8934 1.272858 -138.5702
227 405.31750948323634 10.313498380093154 -115.41983414742978 399.9429 1.334967 -140.3176
228 407.537444512022 10.344371283257269 -116.93027949998535 401.9775 1.399861 -142.0688
229 409.689718318409 10.388849895289407 -118.55827274485237 404.0132 1.46395 -143.8398
230 411.80104003040145 10.44171782058726 -120.2261291401527 406.0396 1.53057 -145.6094
231 414.0485394863224 10.461114507933384 -121.71179663418054 408.0639 1.596786 -147.3861
232 416.2835055161758 10.50895840729471 -123.21638315131112 410.0865 1.665192 -149.1653
233 418.3866257986482 10.562168294704678 -124.88363193067158 412.0999 1.73948 -150.9391
234 420.5759240493876 10.577350195057909 -126.46012561699162 414.1199 1.820766 -152.7256
235 422.6996310283488 10.595838881939766 -128.10521963479673 416.1297 1.902123 -154.5063
236 424.7703574655601 10.641806855208127 -129.81155220323367 418.1369 1.980352 -156.2858
237 426.9185856960086 10.637356380833207 -131.4198620239656 420.1401 2.051261 -158.0701
238 429.0017990420362 10.690898626198232 -133.11184717958304 422.1413 2.117805 -159.8579
239 430.97518214641997 10.728721030069314 -134.93620293615555 424.1424 2.186326 -161.6509
240 432.93697616686825 10.764843167457188 -136.76302645309954 426.1357 2.256082 -163.4423
241 434.95257984051926 10.788661721290628 -138.53442396772436 428.1288 2.325413 -165.2378
242 436.97057173291114 10.78919944752374 -140.2896147237655 430.1109 2.396912 -167.032
243 438.9532254053724 10.794852940768285 -142.09296776837266 432.0961 2.47181 -168.831
244 440.9272762228946 10.805592520610627 -143.8937438447424 434.0721 2.549279 -170.628
245 442.83815122150753 10.817446257014932 -145.76506217962248 436.0531 2.650572 -172.4221
246 444.87838031709987 10.820452828626932 -147.49001495575132 438.042 2.755615 -174.2029
247 446.81448570072763 10.816586061200153 -149.31644063412486 440.03 2.84391 -175.9705
248 448.8259272850435 10.773246819954302 -151.08608829087865 442.0339 2.921911 -177.7475
249 450.7658380852519 10.759872068826912 -152.9318310998171 444.0392 3.006852 -179.52
250 452.80064599687415 10.743997133120645 -154.67028742112393 446.046 3.098726 -181.2884
251 454.7614997172693 10.714019345117569 -156.4803711198912 448.0532 3.192574 -183.0447
252 456.8429812799172 10.65722178082186 -158.14364648961444 450.064 3.278015 -184.7916
253 458.8551794797718 10.631304114545783 -159.9051113699889 452.0924 3.358861 -186.5327
254 460.82887549670005 10.600090206824113 -161.70596690431003 454.1251 3.436998 -188.2652
255 462.8746486307709 10.548073967988186 -163.41896873995168 456.158 3.516788 -189.9924
256 464.8303159517947 10.51717591350303 -165.23114820644622 458.1873 3.593514 -191.7203
257 466.8456701498629 10.48356439583838 -166.97866243562152 460.2152 3.669483 -193.4519
258 468.79938580110615 10.410560249358277 -168.7968907001441 462.2462 3.750848 -195.183
259 470.7553990011439 10.31804218337273 -170.60624193763047 464.2791 3.835891 -196.9059
260 472.66424386112425 10.245964854165974 -172.4610342054613 466.3135 3.921999 -198.6214
261 474.6035431954119 10.197320465307383 -174.28856058025139 468.3509 4.004216 -200.3376
262 476.52796936326797 10.150697120072614 -176.12150049717135 470.3839 4.079549 -202.0483
263 478.4905995236704 10.106278473240101 -177.92996762841298 472.4259 4.154116 -203.7656
264 480.43628545379073 10.081400900690367 -179.75358684155802 474.4683 4.23021 -205.4787
265 482.47799946908765 9.990438878755867 -181.4613531014161 476.5113 4.309712 -207.1855
266 484.40498878308364 9.92554813237046 -183.29527297462286 478.5558 4.389454 -208.8868
267 486.4173156170203 9.817310782618899 -185.0402634759043 480.606 4.471449 -210.5886
268 488.3905287926395 9.775360057595337 -186.82545211323585 482.6545 4.555624 -212.2853
269 490.3178943699448 9.712018078741119 -188.6645757946226 484.7071 4.640076 -213.9826
270 492.29574754591573 9.641261487300918 -190.44377745961006 486.7577 4.720801 -215.677
271 494.1759602823748 9.626534395033552 -192.32458293434144 488.8066 4.799764 -217.3707
272 496.151421831132 9.568558717853106 -194.1142340567095 490.8629 4.88093 -219.0659
273 498.180103220779 9.479883334515401 -195.83542405849857 492.9166 4.960767 -220.7576
274 500.18799537708054 9.44804656831121 -197.5821967990064 494.9713 5.038016 -222.4476
275 502.0952231142084 9.37405612359758 -199.43696020610236 497.0247 5.116707 -224.1389
276 504.0892265558104 9.272771905076548 -201.18668441179395 499.0722 5.193552 -225.827
277 506.0404968596478 9.213662650240716 -203.01205609487104 501.1328 5.267707 -227.5274
278 508.13463173115576 9.137641061190633 -204.65538771105008 503.1867 5.349108 -229.2205
279 510.0855789450427 9.10237999315981 -206.46659026348647 505.239 5.43277 -230.9143
280 512.1089425336259 9.044021908455225 -208.19538866045775 507.2915 5.519275 -232.6072
281 514.0781297766023 8.999538352911022 -209.97679259950723 509.3381 5.605249 -234.2975
282 516.1087404253808 8.943494812728918 -211.70734706490148 511.3939 5.689304 -235.9969
283 518.0499602353111 8.810402962009494 -213.52365059372897 513.4454 5.773309 -237.6908
284 519.8940639756255 8.730429956453902 -215.44162824864102 515.4974 5.857608 -239.3843
285 521.7928707006149 8.765555515767922 -217.30531336202344 517.5493 5.942483 -241.0762
286 523.779388279259 8.674815222137893 -219.07335012097218 519.6014 6.026971 -242.768
287 525.8010528674251 8.584693710129466 -220.80994894562846 521.6574 6.115358 -244.4639
288 527.8395907557682 8.510424123108947 -222.52021136844235 523.7106 6.206642 -246.1557
289 529.778672690868 8.435520997971185 -224.33942898458895 525.7627 6.29972 -247.8455
290 531.7813328305707 8.381495912625148 -226.0918272692159 527.8159 6.392878 -249.5367
291 533.7381798555864 8.342400922255198 -227.88631781158608 529.8651 6.486799 -251.2228
292 535.7087089299237 8.310780028997993 -229.6861880406698 531.9262 6.582378 -252.9158
293 537.6419715178879 8.278268375103496 -231.51456942822958 533.9814 6.677372 -254.6036
294 539.5014090246406 8.198233059585316 -233.41869006693688 536.0377 6.771372 -256.2925
295 541.4362595573577 8.149058460166716 -235.24996516883752 538.0951 6.865967 -257.983
296 543.3294146183503 8.076740428020193 -237.12598642484338 540.1536 6.964906 -259.6746
297 545.4034983328904 8.000000913511261 -238.8015298871008 542.2136 7.066817 -261.3661
298 547.387274660438 7.891596274410196 -240.57206305077418 544.2679 7.168745 -263.0547
299 549.3657700117451 7.825192540801484 -242.3581043246925 546.3253 7.265256 -264.7478
300 551.3423862098242 7.747666498497409 -244.13372775196862 548.376 7.35715 -266.4366
301 553.1152846513032 7.680518517399134 -246.1309652484502 550.4365 7.450904 -268.1343
302 554.9597758050952 7.676985429382101 -248.0622040592659 552.4956 7.551427 -269.8319
303 556.9211226197681 7.623904692304514 -249.8640245470859 554.5493 7.654529 -271.5254
304 558.8671158946916 7.55504235826588 -251.68525641369357 556.6051 7.757167 -273.22
305 560.7919463183893 7.489968172309345 -253.52637858646904 558.6591 7.857401 -274.9141
306 562.7792930136486 7.4111042562302964 -255.31381321733187 560.7204 7.957556 -276.6146
307 564.6917123612748 7.348746423097676 -257.173826878796 562.7775 8.058037 -278.3114
308 566.5956041693771 7.291119116821193 -259.0475724376103 564.8386 8.161795 -280.0085
309 568.4984909212656 7.211130674906899 -260.91429410279983 566.8959 8.267916 -281.7021
310 570.3966339114031 7.160794940150652 -262.7826661840854 568.9502 8.373989 -283.3947
311 572.3410623639081 7.100646346313727 -264.6203881707496 571.015 8.48345 -285.0936
312 574.2535959164393 7.047326635172029 -266.48388100568496 573.0773 8.593947 -286.7871
313 576.2071749936766 6.9357030306195915 -268.2966077038633 575.1384 8.705148 -288.4766
314 578.1519636928199 6.8868190294140454 -270.12439198698166 577.2007 8.816896 -290.1677
315 580.1481695658291 6.784713991272133 -271.87720201087774 579.254 8.924907 -291.8529
316 582.1237004176564 6.744955149508298 -273.66797245187485 581.3141 9.03162 -293.5428
317 584.0031760535966 6.623299803034655 -275.547210739545 583.3713 9.137328 -295.2267
318 585.9620932809493 6.525844173685114 -277.35938668725265 585.4383 9.245509 -296.9139
319 587.918520885449 6.427964883927814 -279.1999315733092 587.519 9.353208 -298.6121
320 589.8519498678529 6.3322810232772335 -280.9632669037816 589.5489 9.456599 -300.263
321 591.7804489938894 6.241046987325839 -282.7912714679404 591.6108 9.561344 -301.9383
322 593.655424810355 6.195538290282882 -284.6706295478143 593.6716 9.666809 -303.6091
323 595.5551103704033 6.142779366421854 -286.5302197722725 595.737 9.775807 -305.28
324 597.3232147795521 6.06785216709347 -288.513105545915 597.8027 9.883665 -306.9488
325 599.2932052150187 5.996889653442237 -290.2899329455448 599.867 9.992222 -308.6131
326 601.2007496687838 5.8904052385308345 -292.13890593692 601.9345 10.09861 -310.2813
327 603.1857357528144 5.814880768881262 -293.9092989564468 604.0024 10.20684 -311.9523
328 605.0988260716399 5.758250539266146 -295.7585377344335 606.0701 10.31717 -313.6242
329 607.1194367811363 5.621019252754887 -297.4741766576253 608.1333 10.43016 -315.2902
330 608.9970570945046 5.522760625080009 -299.3624436151857 610.2041 10.54205 -316.9635
331 610.9009337220415 5.455320270851787 -301.2198625437369 612.2707 10.65103 -318.6358
332 612.8356497132842 5.367695411464141 -303.0337472760578 614.3316 10.75646 -320.3039
333 614.8072624598008 5.289511046306446 -304.8237367356127 616.4014 10.85851 -321.9781
334 616.7805078934033 5.188827379956462 -306.598813263596 618.4658 10.96062 -323.6462
335 618.637277029945 5.150406459584669 -308.5056124342912 620.535 11.06765 -325.3171
336 620.5796776489293 5.052142542129507 -310.32685302462966 622.6067 11.17705 -326.9891
337 622.514720332685 4.974253018932042 -312.1498824248917 624.6751 11.28685 -328.6575
338 624.4597702003206 4.8829727002174845 -313.9653424766212 626.7459 11.39641 -330.327
339 626.4456390548717 4.77224247385545 -315.729312817073 628.8138 11.50486 -331.9942
340 628.3398120700302 4.716944367658691 -317.6053138519863 630.8887 11.61229 -333.6656
341 630.2901092014504 4.608695368080413 -319.40934292441415 632.9587 11.72232 -335.3308
342 632.2476466933862 4.515589618566938 -321.21411031362896 635.0324 11.83193 -336.9998
343 634.1344720637355 4.477813403830969 -323.0740406591812 637.0951 11.9409 -338.6594
344 636.0387816123167 4.413266915752207 -324.9282328435459 639.1659 12.04805 -340.3234
345 637.9541228586198 4.308131362901516 -326.7710549521166 641.2374 12.15564 -341.9886
346 639.8568378550738 4.239088379482515 -328.62033351607334 643.3047 12.26642 -343.6496
347 641.8066330666243 4.141027538737346 -330.42150420874157 645.375 12.37656 -345.3101
348 643.8828686856178 4.02687427442714 -332.0721447697267 647.4454 12.48249 -346.9686
349 645.8536291233278 3.9307408724925508 -333.8449866143902 649.5155 12.58629 -348.6239
350 647.8358105489605 3.883926153277877 -335.6164987231668 651.5913 12.69235 -350.282
351 649.7923490526899 3.848154688961584 -337.4068785322197 653.6623 12.80042 -351.9355
352 651.8043937740485 3.8082043490605493 -339.135740012644 655.7358 12.91009 -353.587
353 653.7005838565334 3.7384601476831234 -340.9821295048856 657.8057 13.02023 -355.2341
354 655.5834493164816 3.6473028307682025 -342.84318634072014 659.8779 13.13 -356.8806
355 657.5299002961049 3.542600424989634 -344.6518587812268 661.9586 13.23887 -358.5328
356 659.5096808125978 3.4385840005958483 -346.41730582896605 664.0361 13.34665 -360.1819
357 661.403587262387 3.379933359316356 -348.27278524305945 666.112 13.45227 -361.8289
358 663.4423663336939 3.2922980754439353 -349.9689445943649 668.1904 13.55813 -363.4752
359 665.4042912107292 3.1697397658074227 -351.7557239515351 670.2712 13.66357 -365.1232
360 667.3110405885141 3.1115155565102537 -353.60119555908386 672.3505 13.76872 -366.7695
361 669.3286890027117 2.988523061208794 -355.32784349102747 674.4325 13.87413 -368.4192
362 671.2000580857692 2.906749141802082 -357.2069440633975 676.509 13.97893 -370.0675
363 673.133378590125 2.83299699156071 -359.0290414328792 678.5876 14.08324 -371.7203
364 675.1259402205657 2.7491194956058673 -360.7863000911785 680.6657 14.1885 -373.3743
365 677.0546859155191 2.6415901615708304 -362.61355251583694 682.7432 14.29713 -375.0304
366 678.9728393193093 2.4865227370185656 -364.44542402600655 684.8198 14.40571 -376.6842
367 680.9496489393222 2.4079731425723483 -366.2156777213386 686.8945 14.51349 -378.337
368 682.9003291448572 2.3152815855092057 -368.01010163429305 688.9656 14.61921 -379.9902
369 684.8471912114452 2.229755613153929 -369.8186413557903 691.0408 14.72406 -381.6488
370 686.7600869233243 2.1381224995267183 -371.6597043932938 693.1156 14.82707 -383.3046
371 688.6755499116335 2.0650019021172183 -373.50264870907 695.193 14.92975 -384.9613
372 690.6058022497245 1.9733043527009153 -375.32661031972003 697.271 15.03283 -386.6143
373 692.5371061783472 1.918765481579287 -377.14489137731897 699.3457 15.13859 -388.2646
374 694.5218202021064 1.8228206613718196 -378.91419269506264 701.4274 15.24435 -389.9181
375 696.4984189499222 1.7424947047919943 -380.68729269780704 703.5065 15.34668 -391.5686
376 698.5266853973421 1.613295439991282 -382.39249556487175 705.5829 15.44804 -393.2168
377 700.4257488686691 1.5388353813369435 -384.2471270560141 707.6613 15.54996 -394.8665
378 702.3373863621409 1.4563123320295737 -386.09497811667507 709.7441 15.65581 -396.5177
379 704.2700465355618 1.3716827701280754 -387.9105589552292 711.8243 15.76531 -398.1607
380 706.2347039133325 1.2956804187896895 -389.68981017500175 713.9054 15.87836 -399.8001
381 708.1434835593575 1.2278657538413456 -391.5211548214674 715.9839 15.99116 -401.4338
382 710.0614409811884 1.1449717771683097 -393.342840130618 718.0631 16.10183 -403.0674
383 712.0234612981833 1.0988237649268118 -395.1178333381164 720.1441 16.21513 -404.698
384 714.0654769564777 1.043343714814364 -396.80640017061666 722.2296 16.32798 -406.3296
385 716.0044111199022 1.0262769148612152 -398.61100276685346 724.3156 16.44029 -407.9582
386 718.0295445120939 0.9120169448265136 -400.31732317729154 726.4057 16.54399 -409.585
387 720.044994168864 0.8729946176923193 -402.0385637695999 728.4983 16.66273 -411.2077
388 721.9808438833091 0.7937091278551885 -403.84308183107345 730.5888 16.77343 -412.8287
389 723.9429555982051 0.7051444920161293 -405.6139168758042 732.6752 16.88104 -414.4501
390 725.8302596000168 0.6303856870347064 -407.4715631028138 734.7664 16.98171 -416.0734
391 727.7508507609728 0.6011752888151748 -409.2907722263324 736.8556 17.07951 -417.6935
392 729.6841707399182 0.5389154095286696 -411.1072167172382 738.9533 17.1754 -419.3157
393 731.636437359802 0.4834299811149507 -412.8964157957426 741.0479 17.27242 -420.934
394 733.5701867028749 0.44580125469418985 -414.7041449565166 743.1419 17.37146 -422.5508
395 735.5054532673704 0.3755860180700999 -416.5099522835845 745.2354 17.4672 -424.1692
396 737.4941526446743 0.3099982005221332 -418.26030378111295 747.3289 17.555 -425.7917
397 739.4810073035378 0.21450490337819084 -420.00908028851836 749.4207 17.65191 -427.4134
398 741.5367541488821 0.10547008448860995 -421.6829012599864 751.5173 17.75413 -429.0362
399 743.5437685164364 0.018230376171343085 -423.4085772057604 753.6116 17.85404 -430.6541
400 745.5415091213198 -0.07619255712505342 -425.14859127629785 755.7109 17.94006 -432.2706
401 747.5221863576035 -0.13897381542452553 -426.90482648815697 757.8089 18.02205 -433.884
402 749.4909330273858 -0.21154041152318254 -428.67648542018964 759.9091 18.09594 -435.4976
403 751.5019423155455 -0.29337604143316054 -430.41167364116535 762.0181 18.17308 -437.1125
404 753.5637780710277 -0.32843462812534757 -432.0801152802149 764.1249 18.25478 -438.7221
405 755.4653449844088 -0.3543782009289111 -433.93081408514354 766.2346 18.33932 -440.3295
406 757.4634459903649 -0.4301992484686536 -435.67707837179864 768.3468 18.42281 -441.9355
407 759.368618094075 -0.48183011079612376 -437.5195738779532 770.4571 18.50284 -443.5378
408 761.396200612551 -0.5678973972474308 -439.2323474547793 772.573 18.58489 -445.1404
409 763.3367855596301 -0.5977965703469613 -441.04439140684497 774.6901 18.66585 -446.7409
410 765.3268281428172 -0.6686165712830747 -442.7959357308542 776.805 18.74823 -448.3389
411 767.3043145928252 -0.7284595723731605 -444.55491551122554 778.9176 18.82798 -449.9322
412 769.341279857601 -0.8010040191511955 -446.25755887133903 781.0382 18.91026 -451.529
413 771.2572185523329 -0.8329293177152701 -448.08808894586406 783.1553 18.99428 -453.1207
414 773.2684515313025 -0.9023466589049345 -449.8088070632636 785.2706 19.07913 -454.711
415 775.3050856212633 -0.9665805123098028 -451.502537265299 787.3866 19.16217 -456.3036
416 777.3058994752336 -1.0397356834802507 -453.2236732463277 789.4935 19.24372 -457.8927
417 779.2940788457329 -1.1026756376829407 -454.9699419909618 791.6044 19.32538 -459.4876
418 781.3030038971382 -1.1383463241498635 -456.68539978434023 793.7097 19.40541 -461.0817
419 783.3027246101815 -1.2149645301931828 -458.4099690328276 795.8137 19.48576 -462.6772
420 785.3007387857313 -1.2698630275895202 -460.13180631950297 797.914 19.56981 -464.2714
421 787.2564784003974 -1.2896952609198489 -461.89805890974765 800.0123 19.65533 -465.8635
422 789.1731674891791 -1.314861040263986 -463.70259524038636 802.1083 19.73792 -467.4543
423 791.1485307777926 -1.3781392579084506 -465.43946013713855 804.2028 19.8163 -469.0448
424 793.1290892686363 -1.4182827331873917 -467.174386738508 806.2987 19.88938 -470.6373
425 795.117621068627 -1.4871528325148722 -468.90167208318735 808.3959 19.96249 -472.2307
426 797.0115948707329 -1.481051140800329 -470.7262412386853 810.4902 20.03686 -473.8196
427 798.980868504092 -1.5197428989904034 -472.48042836088894 812.591 20.11443 -475.4125
428 800.9803416067183 -1.5915614741821407 -474.191671118107 814.6888 20.19413 -477.0013
429 802.84218099712 -1.5485970256158834 -476.05845062220175 816.7915 20.27321 -478.5905
430 804.7992817589701 -1.5667944680708563 -477.82203171167663 818.8949 20.3538 -480.1748
431 806.7645486663606 -1.5833210983853343 -479.5797546739508 821.0023 20.43563 -481.7573
432 808.7605864347678 -1.6655464463650533 -481.3092940141341 823.1164 20.51693 -483.3404
433 810.7349105610218 -1.6887214812418219 -483.0601346374775 825.2301 20.59912 -484.9182
434 812.7085587109711 -1.720024951248412 -484.81286818992277 827.3472 20.68385 -486.4927
435 814.7123276525729 -1.7803896450259036 -486.52534725879264 829.4645 20.77068 -488.0614
436 816.7149521095395 -1.814663216581477 -488.2527694309185 831.5909 20.85797 -489.6319
437 818.7686759662706 -1.8432009177927797 -489.9287496582489 833.7229 20.94602 -491.2049
438 820.7621294452954 -1.8964040670885167 -491.6728105328657 835.8541 21.03407 -492.7761
439 822.8570709009854 -1.9521860414805787 -493.291822016137 837.986 21.12295 -494.3446
440 824.8737489342944 -2.01897020815147 -495.00953446120775 840.1199 21.21212 -495.9132
441 826.8699237205687 -2.062223990513366 -496.76551643544724 842.2623 21.30359 -497.4854
442 828.9275580056693 -2.152213580886469 -498.4445330990046 844.4038 21.3978 -499.0558
443 830.9825578243219 -2.250958848195371 -500.12391178340596 846.5437 21.49439 -500.6257
444 833.0040714653285 -2.301891867660997 -501.8449384402746 848.6827 21.58726 -502.1964
445 835.0257586458179 -2.3632348028151573 -503.5647760444255 850.8213 21.67907 -503.767
446 837.1120529669569 -2.436061633442501 -505.2265313033985 852.9722 21.77339 -505.3431
447 839.1293648917938 -2.5349622209953426 -506.95445103237665 855.1147 21.86598 -506.9135
448 841.1950141159109 -2.6056334752759027 -508.63490011200463 857.2619 21.95643 -508.4874
449 843.2190421096059 -2.668504412582153 -510.36472582637055 859.4084 22.04762 -510.0613
450 845.2723098555628 -2.764154384934538 -512.0626145602404 861.557 22.1402 -511.637
451 847.2998001302768 -2.8513475646148816 -513.7987169044175 863.7104 22.23641 -513.2137
452 845.2451844028661 -2.7612996580189275 -512.1062514201922 865.8589 22.33432 -514.7848
453 847.2542783461531 -2.876060407865226 -513.8560186358362 868.0116 22.43636 -516.3554
454 845.2018416909633 -2.79293141008579 -512.1682597470842 870.1571 22.53588 -517.9222
455 847.2186529242213 -2.896777990561938 -513.88131606511 872.2938 22.63292 -519.4836
456 849.3039023079853 -2.9860336425245286 -515.5302302043557 874.4419 22.72987 -521.0493
457 847.2039716221072 -2.8450062898080057 -513.9124556809153 876.5885 22.82659 -522.608
458 845.2137312896077 -2.795744104970967 -512.1594866684859 878.7368 22.92504 -524.1609
459 847.1949857822967 -2.8651564172925212 -513.9119713136961 880.8822 23.02388 -525.7065
460 849.2511592941272 -2.9161906560466244 -515.5789141161405 883.0323 23.12541 -527.2479
461 847.3149843200057 -2.905842670306231 -513.7461926167367 885.2001 23.22957 -528.7963
462 845.3381648346306 -2.850247309830235 -512.0449683055317 887.3238 23.32974 -530.3079
463 847.289200660405 -2.9397554052733788 -513.812525556173 889.4706 23.43087 -531.831
464 845.2775688039895 -2.8384105234743453 -512.1330562957256 891.6091 23.53263 -533.3456
465 847.2586950403725 -2.863964584988988 -513.8618855897727 893.755 23.63418 -534.8619
466 849.2804568125255 -2.937251758468797 -515.5265234506194 895.8952 23.73415 -536.3697
467 851.2544291067094 -3.0017248484074823 -517.2433456318798 898.0347 23.83529 -537.8732
468 853.2527991853374 -3.058445344479249 -518.9301521893337 900.1742 23.94138 -539.3743
469 855.1763726527568 -3.122088250519782 -520.6867837013051 902.3079 24.04861 -540.8662
470 857.2527407178643 -3.2554735538324127 -522.2806946921266 904.4565 24.15887 -542.3632
471 859.1040632613849 -3.22236485904061 -524.1094194265199 906.591 24.26707 -543.8481
472 861.0669436291302 -3.229457344266935 -525.8193458350748 908.7272 24.37286 -545.3321
473 863.0883937115311 -3.3205031029896377 -527.4541064960217 910.8623 24.47974 -546.8143
474 865.1244713500749 -3.4758382487541906 -529.0513877168506 912.9899 24.58493 -548.2919
475 867.1427384409944 -3.5497945021454385 -530.6868204486973 915.123 24.68802 -549.7727
476 869.1186155856669 -3.6046280268420037 -532.3846630664419 917.2617 24.78905 -551.2578
477 871.2139959231523 -3.755481260787349 -533.9155416862834 919.4006 24.89471 -552.7312
478 873.2612539394074 -3.9416321856464216 -535.5121151473096 921.5445 25.01399 -554.2024
479 875.2290119706106 -3.973369416942459 -537.1894447591883 923.6762 25.1219 -555.6621
480 877.2059407609988 -3.9970082681915957 -538.8566875713922 925.8066 25.21008 -557.1257
481 878.9549420494902 -3.891258876190009 -540.7723943854289 927.945 25.3008 -558.5951
482 880.9175911331054 -3.8645292245838965 -542.4767145997107 930.0863 25.41005 -560.0649
483 882.9601046199411 -3.9138618429504466 -544.0834003433641 932.2263 25.52985 -561.5352
484 884.9629737671949 -3.9213929741080555 -545.7154626154426 934.3539 25.65168 -562.9959
485 887.0071325718392 -4.008285999451929 -547.317081516318 936.4928 25.77269 -564.4662
486 888.9827868300382 -4.011501573577238 -549.0023202498639 938.6325 25.89232 -565.9327
487 891.0500742707375 -4.164626362618106 -550.5639291127384 940.7719 26.01411 -567.3969
488 893.1029423081396 -4.259833941104194 -552.1537157708821 942.9158 26.13759 -568.8595
489 895.0299079081383 -4.270409229137223 -553.8936807791811 945.0575 26.26007 -570.322
490 897.0877595061414 -4.320936246892356 -555.4851170271886 947.2049 26.38159 -571.7862
491 899.0701282083968 -4.235735144381853 -557.1672340796109 949.3532 26.50083 -573.2481
492 901.2502230073624 -4.289433883229928 -558.5949245833859 951.5077 26.62079 -574.7102
493 903.2706243432405 -4.358421312206896 -560.232526823469 953.6604 26.74228 -576.1661
494 905.2568129985422 -4.402293384225449 -561.9124648059396 955.8153 26.86169 -577.6191
495 907.3101207918556 -4.472265247375405 -563.525090907764 957.9804 26.98219 -579.0749
496 909.3766974780932 -4.552707410482927 -565.1049871954657 960.1378 27.09965 -580.5258
497 911.4241361383057 -4.635237279768786 -566.7197077152285 962.3019 27.22009 -581.9778
498 913.4315580583883 -4.652609424295986 -568.3793160718798 964.464 27.3483 -583.4246
499 915.5185033141228 -4.739109002302522 -569.9534284190365 966.6368 27.48447 -584.8741
500 917.5559645654056 -4.85195038955503 -571.5701949653394 968.8004 27.62785 -586.315
501 919.6492426480772 -4.941470116383745 -573.1162459647294 970.9633 27.76619 -587.7582
502 921.7124214691931 -5.079000873035914 -574.6994769737654 973.1252 27.89962 -589.2041
503 923.8212257178601 -5.1588887176279705 -576.2251070868631 975.2876 28.02995 -590.6491
504 925.9314468617509 -5.282564951656561 -577.7526390035877 977.4553 28.16051 -592.0933
505 927.9726749967894 -5.381620022915477 -579.371376011253 979.6246 28.29193 -593.5333
506 930.0040690601078 -5.475337238604341 -581.0062481817599 981.7949 28.42396 -594.9757
507 932.0128125306146 -5.537578990732107 -582.6682827512224 983.9617 28.55465 -596.4211
508 934.0364220397666 -5.6514822205434445 -584.3090259717197 986.1268 28.68428 -597.8687
509 936.0947986354096 -5.804837804695424 -585.9053117663751 988.2929 28.81455 -599.3177
510 938.090162377069 -5.843206409092387 -587.5895321323509 990.4617 28.9454 -600.7664
511 940.0730011371746 -5.890668424319959 -589.2855108702581 992.6304 29.07443 -602.2122
512 942.1713423724277 -5.94136973750687 -590.8340256960436 994.799 29.20365 -603.6558
513 944.1895044362767 -6.035465834348573 -592.4791358603487 996.9663 29.33236 -605.0961
514 946.2156950843887 -6.153108779960165 -594.118233019565 999.1375 29.45851 -606.5369
515 948.2690757839559 -6.245998908059122 -595.7140851976649 1001.304 29.58125 -607.9732
516 950.2388443091565 -6.331750600462605 -597.4115658375483 1003.471 29.70297 -609.4078
517 952.3976338163039 -6.424884995614712 -598.8566207859395 1005.637 29.82681 -610.8397
518 954.5798596229638 -6.485046454780939 -600.2709425722311 1007.806 29.95555 -612.2697
519 956.6515667377852 -6.613373643321519 -601.8321728105942 1009.973 30.08734 -613.6954
520 958.6502716465135 -6.715062004228879 -603.4814923145053 1012.137 30.21781 -615.1186
521 960.6364647929089 -6.814738006965977 -605.138644871692 1014.298 30.3449 -616.5381
522 962.6756191098394 -6.927508062379823 -606.7292914334539 1016.458 30.47099 -617.9592
523 964.709984224664 -6.995833439092026 -608.3266851737013 1018.616 30.59832 -619.3811
524 966.7351138677732 -7.059571782947856 -609.9322969406685 1020.773 30.72311 -620.8006
525 968.7718214438102 -7.158217260148963 -611.5118123914131 1022.925 30.84525 -622.2172
526 970.7232670182942 -7.246795586207754 -613.1899654307928 1025.074 30.96719 -623.6311
527 972.7384367226623 -7.342057868838627 -614.7825166878973 1027.219 31.08777 -625.042
528 974.7595610547893 -7.403282146692078 -616.3731293880494 1029.367 31.20927 -626.4527
529 976.7608871112458 -7.4710193330954064 -617.9817219107928 1031.514 31.3327 -627.8572
530 978.7813176580361 -7.540420553955836 -619.5541756830035 1033.658 31.45684 -629.2527
531 980.7969301881078 -7.603525222943143 -621.1300550444618 1035.804 31.58219 -630.6416
532 982.8120971781808 -7.743127329246834 -622.68498673368 1037.942 31.70698 -632.0242
533 984.8075765164018 -7.846546490879733 -624.2818648036152 1040.088 31.82813 -633.4108
534 986.7731554641035 -7.982714652242102 -625.910059805537 1042.231 31.94674 -634.7988
535 988.7177277809772 -8.05430009335775 -627.5631023916396 1044.372 32.06456 -636.1849
536 990.7646064860729 -8.164243644918706 -629.0838977574252 1046.514 32.18651 -637.5675
537 992.6966006676579 -8.219986840270277 -630.747823040782 1048.656 32.31052 -638.9462
538 994.6329826078412 -8.346330361916493 -632.3937054967219 1050.796 32.43167 -640.3174
539 996.6362427153982 -8.460889740373178 -633.960307760469 1052.94 32.54722 -641.685
540 998.6490040839954 -8.560579273919961 -635.5145096238332 1055.084 32.65961 -643.0515
541 1000.5965209629785 -8.59005877414169 -637.1494512458926 1057.226 32.77429 -644.4173
542 1002.5748487593963 -8.695170523960648 -638.7533212538328 1059.374 32.89861 -645.784
543 1004.5841351242785 -8.78906671285618 -640.3178354582137 1061.525 33.0293 -647.1441
544 1006.5845024893224 -8.921749645762874 -641.8776843889381 1063.674 33.16135 -648.4919
545 1008.5868902867076 -9.036518426881665 -643.4314612626762 1065.821 33.29059 -649.8375
546 1010.611821397584 -9.15055549819533 -644.9547985249628 1067.966 33.4162 -651.1855
547 1012.6357007854688 -9.244284180988174 -646.4830996797806 1070.112 33.53835 -652.5347
548 1014.6176685717771 -9.352907585720681 -648.0635095666074 1072.257 33.65737 -653.8847
549 1016.6302614654576 -9.442358173638452 -649.6049358811059 1074.401 33.77429 -655.2353
550 1018.6393151140264 -9.547314210975728 -651.1563668553352 1076.547 33.89027 -656.5901
551 1020.6156307232789 -9.607540679734797 -652.7402591559622 1078.687 34.0047 -657.9412
552 1022.6307410637213 -9.710519259130104 -654.2917205368634 1080.84 34.12492 -659.2934
553 1024.6412129680766 -9.829573984193082 -655.832884741171 1082.986 34.24794 -660.6391
554 1026.6361412682654 -9.934864473296066 -657.3863663157348 1085.128 34.36709 -661.9814
555 1028.629998116355 -10.031151570282267 -658.9454564607811 1087.27 34.48078 -663.3284
556 1030.6040871794114 -10.114273753749352 -660.5259085562703 1089.413 34.5871 -664.6693
557 1032.5845048279373 -10.185351655499298 -662.1185910032415 1091.568 34.69434 -666.014
558 1034.4913742793349 -10.286018436321873 -663.7818957987213 1093.718 34.80575 -667.3474
559 1036.4566889985933 -10.360747441748032 -665.3883013804201 1095.878 34.92102 -668.6777
560 1038.5157352633871 -10.460253659138457 -666.879305821104 1098.041 35.04702 -670.0112
561 1040.5219700340933 -10.548581849649928 -668.426128638388 1100.195 35.17977 -671.3409
562 1042.4238951092677 -10.69004356231158 -670.10380464858 1102.354 35.311 -672.6726
563 1044.370733306706 -10.776372900138297 -671.7173987427766 1104.507 35.43368 -673.9958
564 1046.4887616088743 -10.863011740926149 -673.1085992006833 1106.668 35.54872 -675.3171
565 1048.5247109717452 -10.933609618469157 -674.6174613926718 1108.829 35.66545 -676.6374
566 1050.5256573216946 -11.036196492583162 -676.1754127834358 1110.993 35.78536 -677.9581
567 1052.5135509638387 -11.11151196259949 -677.7457893201616 1113.157 35.90472 -679.272
568 1054.585601941114 -11.262818058611126 -679.2058650416509 1115.326 36.02658 -680.5868
569 1056.5780850368853 -11.373680105911328 -680.7699076588558 1117.494 36.14825 -681.8958
570 1058.5463702295674 -11.479657159831948 -682.3573209112609 1119.659 36.26861 -683.201
571 1060.60728135465 -11.601115397590794 -683.8466540316509 1121.838 36.38796 -684.5117
572 1062.6577792435473 -11.71185534731709 -685.3554486061582 1124.019 36.51109 -685.8237
573 1064.6776857052198 -11.863276489182267 -686.8954795972394 1126.198 36.63445 -687.1319
574 1066.730752601916 -11.97385163332712 -688.399523969453 1128.381 36.75667 -688.4392
575 1068.7759161387435 -12.086773787022105 -689.9108523475483 1130.564 36.87463 -689.7431
576 1070.8324795276744 -12.309319959317428 -691.4024006352696 1132.753 36.99032 -691.0464
577 1072.742449835371 -12.493055151831646 -693.0877908210573 1134.946 37.10266 -692.3504
578 1074.7975040642302 -12.625231513659616 -694.6035450041034 1137.143 37.21242 -693.654
579 1076.804585436734 -12.708661655270381 -696.1851664126644 1139.341 37.32204 -694.9554
580 1078.948247076985 -12.85936912040573 -697.5720506352906 1141.541 37.43261 -696.2551
581 1081.0533913854472 -13.056366174879843 -699.0246991769129 1143.749 37.54673 -697.556
582 1083.1251274828226 -13.18676764871627 -700.5234166574785 1145.954 37.66114 -698.8522
583 1085.1823404440383 -13.296371453098624 -702.0497690035543 1148.163 37.77645 -700.1487
584 1087.2045773056282 -13.411507363203777 -703.6271930105453 1150.376 37.89135 -701.445
585 1089.2402794896602 -13.528066621803765 -705.1810399170201 1152.585 38.00681 -702.7408
586 1091.2675785890087 -13.654175652230764 -706.7571834563671 1154.8 38.12449 -704.0408
587 1093.3133500850163 -13.762256250810513 -708.3038601663598 1157.012 38.24356 -705.3377
588 1095.2105987508091 -13.786191047609162 -710.0414691131743 1159.229 38.36214 -706.6378
589 1097.2531529874282 -13.909338102013306 -711.602668118254 1161.448 38.48244 -707.9363
590 1099.300660641596 -14.042206637146096 -713.152455514833 1163.663 38.60075 -709.2369
591 1101.386714729596 -14.16224536170723 -714.6634571649131 1165.886 38.71705 -710.5384
592 1103.4528289905488 -14.251835490939468 -716.2083483788925 1168.11 38.83461 -711.8436
593 1105.4717848730095 -14.354234026507065 -717.81938785187 1170.337 38.95544 -713.1505
594 1107.543659385925 -14.445008084230079 -719.3610552312924 1172.562 39.07728 -714.459
595 1109.6075790934087 -14.577141799714402 -720.9144945002349 1174.79 39.19328 -715.7678
596 1111.7017448594804 -14.669774512467043 -722.5528710934337 1177.083 39.30786 -717.1122
597 1113.7246987893268 -14.788829286236826 -724.0813117221337 1179.271 39.41873 -718.394
598 1115.8100485641055 -14.90892949071793 -725.6386080342769 1181.516 39.54154 -719.7105
599 1117.8598101953012 -14.982187647061615 -727.2377261120644 1183.758 39.67071 -721.0223
600 1119.9780898613149 -15.098087098368625 -728.7827051671455 1186.021 39.80234 -722.3448
601 1122.0843446413062 -15.241628354787778 -730.3171354716785 1188.272 39.93274 -723.6591
602 1124.1723575272008 -15.380774049038784 -731.8786504450966 1190.524 40.06015 -724.9743
603 1126.25622304337 -15.500787462247473 -733.4630343478083 1192.784 40.18605 -726.2948
604 1128.3415311182273 -15.63671257464671 -735.0622808600303 1195.054 40.30956 -727.6201
605 1130.4342272917247 -15.763021217266498 -736.6326740031091 1197.315 40.43252 -728.937
606 1132.5865924211914 -15.887402191123547 -738.1378133065618 1199.585 40.55332 -730.2584
607 1134.6884287996998 -16.026779084024128 -739.7303337886293 1201.867 40.67201 -731.5819
608 1136.778324768345 -16.139700224145333 -741.3242991164684 1204.142 40.79001 -732.8978
609 1138.8995200904728 -16.26196194500887 -742.8746043014543 1206.417 40.90637 -734.2126
610 1141.011614020298 -16.368360950278873 -744.4687526895517 1208.709 41.02557 -735.534
611 1143.126366393149 -16.474904169294906 -746.0398466566977 1210.993 41.14443 -736.8459
612 1145.2737718104643 -16.62189085534924 -747.572970217898 1213.283 41.26512 -738.1592
613 1147.437922458358 -16.766996321073957 -749.0926072960975 1215.578 41.3833 -739.4756
614 1149.5462419649796 -16.867484729426362 -750.6924146728417 1217.874 41.50237 -740.7904
615 1151.7912675776668 -17.069439894444436 -752.0875397073102 1220.173 41.61726 -742.1052
616 1153.9223666160353 -17.224635761685747 -753.6611100533564 1222.478 41.72981 -743.4152
617 1156.0920398190215 -17.364036783252455 -755.1857897778657 1224.787 41.83738 -744.7223
618 1158.2017249623498 -17.498423638331744 -756.7987428409157 1227.101 41.9435 -746.0279
619 1160.347817230669 -17.606353259615414 -758.3619776424757 1229.416 42.04989 -747.3281
620 1162.5328894652137 -17.75193619852428 -759.8897848044307 1231.744 42.15831 -748.6314
621 1164.6321701658917 -17.869198398068512 -761.5345791544695 1234.074 42.26955 -749.9294
622 1166.8421045997923 -18.00127231923606 -763.0269992326338 1236.405 42.3792 -751.2267
623 1168.9469214058392 -18.08791462164804 -764.6622460740967 1238.735 42.48429 -752.5197
624 1171.1322967080155 -18.235419892427437 -766.218243280981 1241.082 42.5865 -753.8235
625 1173.3297415116592 -18.34964811976317 -767.7447299291763 1243.423 42.68651 -755.1203
626 1175.4818083994182 -18.469986319800878 -769.3462797288148 1245.771 42.78686 -756.4194
627 1177.6580919763064 -18.593254749492875 -770.9197150657793 1248.123 42.88754 -757.7175
628 1179.7902024874672 -18.711814267944337 -772.5558307729291 1250.478 42.99082 -759.0137
629 1181.9527609241475 -18.82025466789474 -774.16590458543 1252.841 43.09761 -760.312
630 1184.1111696238743 -18.947164683475624 -775.7887090089479 1255.209 43.2069 -761.6116
631 1186.2953660052708 -19.071280414691294 -777.3799840718011 1257.579 43.32063 -762.911
632 1188.481731574032 -19.178624877401592 -778.9682205872361 1259.949 43.4359 -764.2087
633 1190.6270450431336 -19.28931450079689 -780.6057177179093 1262.318 43.54782 -765.5015
634 1192.7791442442958 -19.42151920929722 -782.2842824364434 1264.716 43.65179 -766.8074
635 1194.9579289824503 -19.529724014638557 -783.8700744856374 1267.084 43.73951 -768.0952
636 1197.166929381406 -19.629793150343772 -785.4538282753385 1269.473 43.81598 -769.3932
637 1199.3846384686728 -19.723325133616502 -787.0362198742667 1271.868 43.89318 -770.6928
638 1201.6171757732698 -19.83381381532704 -788.5891741997048 1274.261 43.97657 -771.9869
639 1203.8595077597884 -19.954121385068472 -790.1573173735887 1276.67 44.06634 -773.287
640 1206.1022797744909 -20.1060767411182 -791.7103713197977 1279.074 44.15904 -774.5821
641 1208.291996296021 -20.237325422970997 -793.3385062924735 1281.478 44.25252 -775.8763
642 1210.4762880517123 -20.359692643184438 -794.9792768332669 1283.885 44.34661 -777.1708
643 1212.6772029687743 -20.48888541748011 -796.5911798715803 1286.29 44.43881 -778.4617
644 1214.856327118427 -20.599250409397328 -798.2343331332875 1288.696 44.52846 -779.7516
645 1217.0445923333689 -20.68668368140894 -799.8673103237347 1291.103 44.61411 -781.0407
646 1219.229904069766 -20.81984336761551 -801.4997038800911 1293.51 44.6961 -782.3282
647 1221.4459873984226 -20.92847578070526 -803.0940597291337 1295.919 44.77631 -783.6147
648 1223.6341988331296 -21.061229517408783 -804.7245244404686 1298.329 44.85866 -784.899
649 1225.8568156144474 -21.186204036905256 -806.3123243219968 1300.742 44.94119 -786.1825
650 1228.0463188631506 -21.278810160180186 -807.9445455300291 1303.154 45.0228 -787.464
651 1230.222287439401 -21.36695118766283 -809.5850105051031 1305.561 45.1037 -788.7421
652 1232.4185574667895 -21.48312380226913 -811.1909664694155 1307.966 45.18137 -790.0173
653 1234.6068493571959 -21.61213324383351 -812.8222482902147 1310.38 45.25492 -791.2954
654 1236.8390876550336 -21.73724195408588 -814.3912219045197 1312.794 45.32493 -792.5713
655 1239.1091167287252 -21.87651874005783 -815.9007350379122 1315.208 45.39321 -793.8437
656 1241.3463269681577 -21.98352100848898 -817.4647804455743 1317.624 45.46362 -795.1168
657 1243.5289382674607 -22.10849151903989 -819.0871089338116 1320.032 45.53831 -796.3846
658 1245.7351110985583 -22.25491678437992 -820.6863154780071 1322.449 45.62651 -797.6481
659 1247.9695587110145 -22.3746388458846 -822.2454717009934 1324.867 45.70716 -798.907
660 1250.169258216052 -22.505811919370803 -823.8610989491017 1327.287 45.80071 -800.1723
661 1252.3745635548437 -22.63029926767882 -825.4640962877484 1329.709 45.86664 -801.4285
662 1254.554672791577 -22.73572257552376 -827.0933176693208 1332.123 45.92005 -802.6887
663 1256.784311762455 -22.86525174055221 -828.6607436375401 1334.542 45.96958 -803.95
664 1259.0262757387327 -22.987600344831527 -830.2119511558963 1336.962 46.01545 -805.2106
665 1261.1624507521465 -23.091186781849196 -831.9026441175346 1339.38 46.06417 -806.4689
666 1263.4866483826945 -23.241127091481335 -833.3144083145952 1341.797 46.11465 -807.7231
667 1265.6971644305188 -23.357909796759174 -834.8956051384152 1344.212 46.16921 -808.9741
668 1267.8387695753547 -23.448880922021846 -836.5895791842554 1346.638 46.21961 -810.2296
669 1270.0759967639576 -23.5640112842903 -838.141657788792 1349.058 46.27189 -811.4819
670 1272.2593547881245 -23.69387603031449 -839.7671833406204 1351.478 46.32033 -812.7339
671 1274.4858934661704 -23.806408867942334 -841.340228778623 1353.902 46.36595 -813.9856
672 1276.7010618110844 -23.913038082649315 -842.9153163323359 1356.319 46.41171 -815.2327
673 1278.89259848965 -24.05745192677078 -844.528491710473 1358.741 46.45846 -816.4808
674 1281.123759974041 -24.170250674170738 -846.0737612745152 1361.156 46.50728 -817.7234
675 1283.2682231160236 -24.24684321018772 -847.7308747428705 1363.568 46.55681 -818.9605
676 1285.4149211602391 -24.334416494185405 -849.3826694842928 1365.979 46.60484 -820.1971
677 1287.6132574115509 -24.429798109158217 -850.9596356558366 1368.388 46.65299 -821.4312
678 1289.8024133040767 -24.556288886732737 -852.5457344763103 1370.797 46.70062 -822.6635
679 1291.9472681624356 -24.673537476576012 -854.1900271559612 1373.206 46.74966 -823.8932
680 1294.164809133069 -24.786688415070877 -855.727705560824 1375.612 46.79807 -825.1194
681 1296.4471652720167 -24.979443520571284 -857.1493595568476 1378.014 46.84358 -826.3424
682 1298.6852188558198 -25.120539201073534 -858.6571936371993 1380.423 46.88691 -827.566
683 1300.8178849841458 -25.206324077255225 -860.3081124689437 1382.83 46.92624 -828.785
684 1302.9817658929906 -25.304528192341493 -861.9221889603832 1385.241 46.96243 -830.0028
685 1305.1281212786291 -25.39355736251048 -863.5487577384553 1387.647 46.99431 -831.2155
686 1307.2973135272532 -25.48086426990455 -865.1521618694622 1390.058 47.02338 -832.428
687 1309.4425300518963 -25.562809737732042 -866.7931450453664 1392.473 47.05185 -833.6398
688 1311.6564777046347 -25.65789497405179 -868.3279285144162 1394.883 47.07894 -834.847
689 1313.829169828908 -25.756325616390114 -869.9266795626625 1397.297 47.10779 -836.0545
690 1315.9991487781758 -25.845212507230602 -871.5285994595274 1399.712 47.13563 -837.2586
691 1318.161897563782 -25.93152794892899 -873.1238307898626 1402.118 47.16495 -838.4586
692 1320.3804337841998 -26.063753751652868 -874.6490976315295 1404.531 47.1942 -839.6596
693 1322.5636217106821 -26.148858236630666 -876.2181145276778 1406.94 47.22089 -840.856
694 1324.7143348338213 -26.223157664431067 -877.8232366591635 1409.345 47.24749 -842.0488
695 1326.8754378067194 -26.334108548435598 -879.4058178812085 1411.748 47.27064 -843.2372
696 1329.0236490867555 -26.414158856439276 -880.9944179998705 1414.145 47.29259 -844.4199
697 1331.1974908974175 -26.48531107995293 -882.5527919067707 1416.545 47.31261 -845.6026
698 1333.3675300114828 -26.58309348993736 -884.1078548540896 1418.942 47.32869 -846.782
699 1335.4902003551615 -26.621117869048664 -885.7260147980569 1421.338 47.34203 -847.9587
700 1337.799112820657 -26.724575467890595 -887.0672741431581 1423.739 47.3582 -849.1316
701 1339.9650862766869 -26.792366643811796 -888.6256963312512 1426.137 47.37431 -850.3038
702 1342.1519019005011 -26.884317426054434 -890.1595602067912 1428.54 47.39107 -851.4737
703 1344.3428841056166 -26.984317624638095 -891.6800271916519 1430.939 47.40614 -852.6428
704 1346.5177464353123 -27.07801326560155 -893.22223017318 1433.338 47.41639 -853.8098
705 1348.6776678415915 -27.15537492341299 -894.7815187619273 1435.735 47.42141 -854.9747
706 1350.887572682021 -27.22797189646221 -896.2720278587967 1438.134 47.42352 -856.1389
707 1353.0728292088634 -27.29596346410116 -897.8041017187078 1440.537 47.42646 -857.302
708 1355.2702819397603 -27.39599555492598 -899.3081838356079 1442.936 47.43237 -858.4621
709 1357.441870486042 -27.476230266011136 -900.8393452205687 1445.33 47.43887 -859.6177
710 1359.5352219526553 -27.549398044620805 -902.4703736698306 1447.721 47.4462 -860.7713
711 1361.7216089553788 -27.64005054807745 -903.9780356214427 1450.116 47.45202 -861.9226
712 1363.857567627561 -27.707180991363533 -905.5520578226566 1452.509 47.45636 -863.0706
713 1366.0390472097235 -27.774920795356262 -907.0532298615855 1454.899 47.45953 -864.2129
714 1368.1904994563613 -27.87901174116954 -908.5925952528871 1457.288 47.46458 -865.3539
715 1370.3270686572077 -27.953473298606113 -910.143360200698 1459.672 47.46995 -866.4905
716 1372.4425678190805 -28.018821644701866 -911.7262349872108 1462.058 47.47405 -867.6272
717 1374.586619339149 -28.13849038676472 -913.2439852960118 1464.432 47.47977 -868.7581
718 1376.715880795426 -28.227133536862333 -914.7842170614135 1466.807 47.47599 -869.8865
719 1378.856678285944 -28.31369139343804 -916.3077021916516 1469.182 47.46689 -871.0138
720 1381.0032103649648 -28.39389362769991 -917.8078770599099 1471.55 47.46029 -872.135
721 1383.1503387077341 -28.514976182028825 -919.3084528088525 1473.92 47.45073 -873.2573
722 1385.3175183601693 -28.606807706680527 -920.7660123394206 1476.283 47.43923 -874.3734
723 1387.4448829718838 -28.713861434447427 -922.2705954918575 1478.642 47.42685 -875.4851
724 1389.5411723765687 -28.779680268203293 -923.8179974529936 1481.001 47.42477 -876.5934
725 1391.5968193083072 -28.871059312138076 -925.3955143292468 1483.348 47.42592 -877.6953
726 1393.6952787699174 -28.9579732983432 -926.9169488901399 1485.696 47.43611 -878.7965
727 1395.825573690225 -29.04406184754657 -928.389834116187 1488.042 47.44804 -879.897
728 1397.9151039920314 -29.166893596312423 -929.903724899377 1490.381 47.45675 -880.9934
729 1399.9619326418317 -29.219202572209756 -931.4635438867911 1492.712 47.46804 -882.085
730 1402.0120998039345 -29.299937202369915 -933.0136253186287 1495.041 47.47876 -883.175
731 1404.077073848418 -29.419189510643687 -934.5280032916199 1497.363 47.49161 -884.2612
732 1406.1478710668603 -29.50963620900739 -936.0373441638044 1499.686 47.51405 -885.3464
733 1408.2537659620057 -29.59388934665093 -937.4733909116152 1501.996 47.5321 -886.427
734 1410.3162262363498 -29.680505765800934 -938.9547315079282 1504.298 47.54396 -887.5023
735 1412.3591093574491 -29.74986749067593 -940.4772112334581 1506.608 47.55386 -888.5793
736 1414.4506168378118 -29.861069574905336 -941.9187156981233 1508.913 47.56552 -889.6524
737 1416.4966861175558 -29.935786334799175 -943.4213850932927 1511.216 47.58029 -890.7229
738 1418.5740190264498 -30.016247527875674 -944.861561041028 1513.51 47.59751 -891.7874
739 1420.5945293332886 -30.089764381774636 -946.3738229545372 1515.801 47.61124 -892.8485
740 1422.6726366118096 -30.186082439621977 -947.810942901929 1518.096 47.62399 -893.9096
741 1424.746612805155 -30.27781359055759 -949.2464195805915 1520.388 47.63313 -894.9665
742 1426.836806236151 -30.389674118871362 -950.6470101746362 1522.676 47.64596 -896.0191
743 1428.9038299767647 -30.469446403420896 -952.0781545273686 1524.961 47.66736 -897.0705
744 1430.9811027752773 -30.574704031475466 -953.4825653975541 1527.242 47.68706 -898.117
745 1433.0592268831388 -30.68638058739721 -954.8843034619879 1529.523 47.70517 -899.1623
746 1435.127633355977 -30.82945812968201 -956.2785006291473 1531.795 47.7202 -900.2017
747 1437.1147373485128 -30.89179048267058 -957.7910859631759 1534.067 47.73131 -901.2401
748 1439.1693789472547 -30.97015915331929 -959.2033948030122 1536.337 47.73818 -902.2742
749 1441.1678628270924 -31.031242864649677 -960.6903130831603 1538.605 47.75082 -903.306
750 1443.2227973614854 -31.128023500016784 -962.0941213142152 1540.873 47.76928 -904.3349
751 1445.256798195027 -31.202874781652163 -963.5145071129296 1543.134 47.79346 -905.3584
752 1447.3282849050386 -31.328620419056982 -964.8684831924152 1545.392 47.81679 -906.3787
753 1449.3491021377986 -31.42561122342786 -966.2812108467236 1547.641 47.83343 -907.3939
754 1451.3512397321706 -31.524020896614683 -967.7090707731608 1549.884 47.84794 -908.4067
755 1453.4245110387626 -31.592864043285566 -969.0458001513142 1552.134 47.86034 -909.4203
756 1455.4420153338956 -31.674284879327296 -970.4424478651554 1554.374 47.87274 -910.4252
757 1457.4937294845747 -31.809349486367044 -971.7767725668036 1556.611 47.88768 -911.4271
758 1459.4451334812802 -31.912332877042896 -973.2458086837479 1558.842 47.90468 -912.4266
759 1461.488544525311 -32.03087814090417 -974.579495444741 1561.071 47.92615 -913.4263
760 1463.4793962644062 -32.13738321112857 -975.9788433126273 1563.292 47.94997 -914.4261
761 1465.484536830364 -32.25241954096651 -977.3470462228596 1565.507 47.97397 -915.4256
762 1467.4226292970113 -32.35129830927449 -978.8000560094413 1567.716 47.99707 -916.4241
763 1469.3908284912807 -32.44718712999773 -980.2040986740845 1569.92 48.01985 -917.4222
764 1471.4067835619646 -32.55916074313478 -981.5429027035617 1572.126 48.04377 -918.4232
765 1473.450239754779 -32.69144120162849 -982.8373567741448 1574.331 48.06802 -919.4263
766 1475.4222555933584 -32.8264377311314 -984.2250057677719 1576.528 48.09301 -920.4289
767 1477.3646892754953 -32.94385790654547 -985.6520592605694 1578.723 48.11923 -921.4312
768 1479.2627960245943 -33.02076917892194 -987.1269884803311 1580.91 48.14314 -922.4315
769 1481.2488219365523 -33.13835393853782 -988.4977789959594 1583.106 48.16606 -923.4386
770 1483.2485239182226 -33.243181115144864 -989.8351290358327 1585.294 48.1891 -924.4438
771 1485.2166999061894 -33.32541741871151 -991.2123526317918 1587.477 48.21155 -925.4494
772 1487.1257043286212 -33.424737988396956 -992.6651291339329 1589.656 48.23639 -926.4574
773 1489.0270426599145 -33.52087326950303 -994.1140608651685 1591.825 48.2626 -927.4666
774 1491.039048838917 -33.6597124245627 -995.4141958993775 1593.998 48.29025 -928.484
775 1492.914494840639 -33.80829237566939 -996.882453942895 1596.156 48.31939 -929.5025
776 1494.9716201832837 -33.975607012966485 -998.0753744958636 1598.309 48.34906 -930.5255
777 1496.8915448157484 -34.11258892109949 -999.4753356682178 1600.456 48.37802 -931.5523
778 1498.7867114413507 -34.23608306845278 -1000.8975532881245 1602.594 48.40548 -932.5808
779 1500.758506430955 -34.40079723911954 -1002.2047726948625 1604.728 48.43406 -933.6148
780 1502.645881869397 -34.49799608560829 -1003.624329719257 1606.851 48.46143 -934.6535
781 1504.5529877580218 -34.587980605723075 -1005.0138439315315 1608.968 48.49195 -935.6991
782 1506.3981063675851 -34.703846286830334 -1006.4759327368658 1611.079 48.52624 -936.747
783 1508.251330248896 -34.802675758349125 -1007.9103486044921 1613.177 48.56114 -937.7953
784 1510.1417325430998 -34.91587461088595 -1009.2997773449298 1615.276 48.59697 -938.8488
785 1511.9812694186257 -35.04900391761747 -1010.7405407084526 1617.365 48.63325 -939.9034
786 1513.8322068162468 -35.21567266109715 -1012.1532835391315 1619.446 48.67009 -940.9606
787 1515.6880077878297 -35.334046297664 -1013.5449921768992 1621.514 48.70767 -942.0174
788 1517.552345939799 -35.49471946137441 -1014.9252736754265 1623.582 48.74551 -943.0798
789 1519.3257847889613 -35.595869329911295 -1016.4079973969862 1625.639 48.78112 -944.1387
790 1521.1348491407723 -35.743167392384045 -1017.8351635443561 1627.692 48.81364 -945.1948
791 1522.945470443755 -35.87495567383821 -1019.2519715322132 1629.739 48.84336 -946.2493
792 1524.6838173048752 -35.9772993052674 -1020.7494166757625 1631.78 48.87178 -947.302
793 1526.4146089456242 -36.059029767697375 -1022.2559869155536 1633.819 48.89792 -948.3574
794 1528.1753535707364 -36.18449554775443 -1023.7078741264531 1635.848 48.92252 -949.4093
795 1529.9339944765484 -36.28215391609739 -1025.1633362350624 1637.876 48.94713 -950.4616
796 1531.7023238005766 -36.37222515930081 -1026.5955315375718 1639.898 48.97459 -951.509
797 1533.6464415056387 -36.397795674813175 -1027.7505822845092 1641.905 49.00261 -952.5509
798 1535.4212814041766 -36.49436717266781 -1029.164182825242 1643.92 49.03083 -953.5981
799 1537.175007289705 -36.604997027575884 -1030.584746447059 1645.927 49.06123 -954.6358
800 1538.939068907341 -36.70622207878375 -1031.9848140205324 1647.929 49.09362 -955.6718
801 1540.7349320812941 -36.78683475384485 -1033.34131631447 1649.931 49.1307 -956.7025
802 1542.4886429013886 -36.91111506899655 -1034.7316865440307 1651.926 49.17785 -957.7232
803 1544.2830454017708 -37.00911742685267 -1036.0693237235669 1653.922 49.22771 -958.7392
804 1546.0565682847594 -37.18636500466088 -1037.400858566737 1655.907 49.27404 -959.7429
805 1547.8136128697665 -37.30303708071513 -1038.7529241773736 1657.888 49.31059 -960.7445
806 1545.9400999783727 -37.20987393437278 -1037.5719217352319 1659.868 49.33671 -961.7407
807 1547.7146357915353 -37.286416573043304 -1038.9079922809626 1661.857 49.36368 -962.7322
808 1549.3730057301598 -37.379360338356335 -1040.3772271723453 1663.845 49.39845 -963.7141
809 1551.1169962962833 -37.43761720914728 -1041.7418516881655 1665.835 49.43882 -964.6864
810 1552.8461652890996 -37.5414295069511 -1043.122222772587 1667.828 49.48118 -965.652
811 1554.5387695219035 -37.656586635322554 -1044.5299409005445 1669.813 49.52421 -966.61
812 1556.282191989087 -37.7865469949046 -1045.8690848578383 1671.797 49.56456 -967.5649
813 1557.9976607413294 -37.919212645332635 -1047.2489031937714 1673.786 49.60599 -968.517
814 1559.727773740247 -38.03077331308445 -1048.6192677381487 1675.782 49.6513 -969.4644
815 1561.436236087623 -38.14273892097381 -1049.9829574657438 1677.761 49.69653 -970.3985
816 1563.1265900193034 -38.27721523292342 -1051.366026385963 1679.74 49.74 -971.3312
817 1564.8012092964914 -38.4030781628887 -1052.7746255595505 1681.723 49.78185 -972.2641
818 1566.4631519264835 -38.50917077795607 -1054.195187336364 1683.703 49.82334 -973.1964
819 1568.1691559855199 -38.63430938828064 -1055.559550301728 1685.682 49.86559 -974.1288
820 1569.887662248216 -38.76628060101993 -1056.8976505990458 1687.655 49.90905 -975.0597
821 1571.6827394894713 -38.97445363002752 -1058.1053433053341 1689.621 49.95262 -975.9855
822 1573.3936919440525 -39.13601440018642 -1059.43249328017 1691.585 49.99582 -976.9105
823 1575.1393613267282 -39.259789443186975 -1060.7119779415548 1693.546 50.03776 -977.8338
824 1576.7872373876476 -39.383879394899296 -1062.1140986550931 1695.506 50.07832 -978.7577
825 1578.4979235868168 -39.50507214578705 -1063.4283824553447 1697.46 50.12017 -979.6789
826 1580.1664195584938 -39.60879713065758 -1064.7997473850446 1699.416 50.16515 -980.5994
827 1581.8447691729937 -39.7722391255083 -1066.1621233366186 1701.378 50.21139 -981.5203
828 1583.539631142685 -39.88872632612534 -1067.473947143647 1703.321 50.25832 -982.4311
829 1585.2458715003447 -40.03836316048608 -1068.7539185924288 1705.258 50.30572 -983.3354
830 1586.888617106492 -40.20277940431884 -1070.1309240906921 1707.206 50.35512 -984.2435
831 1588.4908034861764 -40.3447966233802 -1071.5395202762056 1709.144 50.40598 -985.1451
832 1590.1008625810637 -40.490039986925474 -1072.9316189232911 1711.078 50.45685 -986.0442
833 1591.6736216416125 -40.55530299176666 -1074.3674313536803 1713.011 50.50409 -986.939
834 1593.3321968470998 -40.687569224444445 -1075.7051561491207 1714.95 50.54622 -987.8314
835 1595.0856291846444 -40.90426003107327 -1076.883566217847 1716.881 50.58931 -988.7143
836 1596.676331562334 -40.998821095767155 -1078.2890190285652 1718.815 50.63886 -989.5928
837 1598.2778538509222 -41.1090275365714 -1079.6768296781718 1720.748 50.69222 -990.4667
838 1599.8727888241963 -41.22308186440972 -1081.065285536645 1722.678 50.74708 -991.3366
839 1601.578328375449 -41.38496438180811 -1082.3082344838156 1724.608 50.80392 -992.2037
840 1603.2296496977274 -41.55147522408848 -1083.6018319482505 1726.528 50.85882 -993.0631
841 1604.7848819107753 -41.6602611938902 -1085.0069804951208 1728.444 50.91307 -993.9181
842 1606.3738201292952 -41.78382910422969 -1086.3857631215205 1730.369 50.96953 -994.7738
843 1607.9935575427478 -41.95511691107505 -1087.6656358865982 1732.261 51.02122 -995.6156
844 1609.49088226257 -42.09410328577882 -1089.0984493920678 1734.159 51.0717 -996.4578
845 1610.9464911012906 -42.12901585618593 -1090.551280135811 1736.038 51.12203 -997.293
846 1612.572867420179 -42.31215661004754 -1091.792797128258 1737.915 51.1702 -998.1264
847 1614.1161476328969 -42.457824100747146 -1093.1139677384695 1739.776 51.21849 -998.9527
848 1615.701655053893 -42.59116010472014 -1094.3706402431858 1741.629 51.2688 -999.7741
849 1617.379558363928 -42.75779084477064 -1095.4811223013678 1743.475 51.32253 -1000.59
850 1618.7662158164505 -42.77273200364706 -1096.9276841255341 1745.308 51.37573 -1001.398
851 1620.2128045797867 -42.85495698517529 -1098.321973882759 1747.151 51.44766 -1002.199
852 1621.6194696799191 -42.931152014980455 -1099.7209829763328 1748.971 51.50814 -1002.99
853 1623.1720351167196 -43.03930386855877 -1100.9474824737322 1750.784 51.55995 -1003.788
854 1624.6768724222186 -43.1740774012985 -1102.2241651824938 1752.592 51.60635 -1004.589
855 1626.063023846658 -43.2336085709757 -1103.6100618122828 1754.388 51.65386 -1005.375
856 1627.6538167346075 -43.43781916983721 -1104.746227603601 1756.187 51.70578 -1006.165
857 1629.1383683231054 -43.588596694995815 -1106.0100471777077 1757.974 51.76265 -1006.957
858 1630.5924377993308 -43.67516758258674 -1107.3023350138076 1759.751 51.82311 -1007.751
859 1631.8962550441902 -43.70673076091498 -1108.729287940109 1761.513 51.88342 -1008.544
860 1633.349328189873 -43.845805437475725 -1109.9763814380215 1763.261 51.95285 -1009.335
861 1634.8037843958034 -43.96474236506535 -1111.2059512458347 1764.998 52.01045 -1010.123
862 1636.326725113243 -44.138555690808275 -1112.3182174531157 1766.72 52.07058 -1010.909
863 1637.7731919421583 -44.279982942380684 -1113.5034276075862 1768.424 52.12901 -1011.69
864 1639.1841319939745 -44.41341738075595 -1114.708067969037 1770.113 52.18615 -1012.467
865 1640.5771605527552 -44.575233103162105 -1115.9064272952842 1771.786 52.24293 -1013.242
866 1642.0250380656096 -44.710280349176934 -1117.0215980556227 1773.447 52.30027 -1014.014
867 1643.4476779993938 -44.84961949435179 -1118.1516020808476 1775.097 52.35761 -1014.785
868 1644.8363437080288 -44.96235165543397 -1119.3006702971074 1776.731 52.4143 -1015.552
869 1646.1664250172057 -45.05847666864071 -1120.4963912314872 1778.35 52.47129 -1016.316
870 1647.4990513510445 -45.1531983026762 -1121.66896490103 1779.954 52.52858 -1017.08
871 1648.9201864861518 -45.30552045413644 -1122.6938089330847 1781.539 52.58609 -1017.84
872 1650.2270594282986 -45.38169103140868 -1123.8384606835496 1783.104 52.64253 -1018.596
873 1651.5649525551094 -45.454973050313484 -1124.9149230937328 1784.649 52.69797 -1019.347
874 1652.7905187130523 -45.49918294928738 -1126.0979529120123 1786.178 52.75441 -1020.097
875 1654.0779053609028 -45.579254775534125 -1127.1872569382958 1787.688 52.81142 -1020.85
876 1655.1739641360366 -45.6019813780581 -1128.448285610686 1789.178 52.87006 -1021.604
877 1656.4946856588788 -45.69854957992526 -1129.4326585400117 1790.644 52.92871 -1022.359
878 1657.5525434996302 -45.78006783233376 -1130.6796372430317 1792.093 52.98756 -1023.119
879 1658.6069460414 -45.81011752758679 -1131.8935113379132 1793.508 53.04491 -1023.881
880 1659.7982866904363 -45.85357263371008 -1132.9821261091272 1794.918 53.10413 -1024.665
881 1661.0081378937552 -45.90689219522964 -1134.0327441722632 1796.305 53.16251 -1025.467
882 1662.07229129918 -45.951028135921796 -1135.1766039357228 1797.645 53.22561 -1026.269
883 1663.1937514105095 -46.020587804835024 -1136.289420675019 1798.986 53.2864 -1027.105
884 1664.1958814621441 -46.11958144680396 -1137.4937078936098 1800.303 53.34948 -1027.957
885 1665.204778001529 -46.17124964539188 -1138.6476510223956 1801.573 53.4186 -1028.814
886 1666.2903247952784 -46.241983461912106 -1139.7627221346481 1802.849 53.48746 -1029.705
887 1667.2558649607442 -46.32088373725309 -1140.9227694110655 1804.07 53.55687 -1030.593
888 1668.2134953210366 -46.36588203833577 -1142.1361924510832 1805.302 53.62778 -1031.525
889 1669.137965806446 -46.41419691399823 -1143.3701884345844 1806.512 53.70201 -1032.479
890 1669.9393137216261 -46.43022472531534 -1144.6332544965942 1807.659 53.78134 -1033.436
891 1670.7933519705798 -46.46079455931876 -1145.9128523541547 1808.823 53.86369 -1034.439
892 1671.5702855979296 -46.45960063625461 -1147.2412291328362 1809.965 53.94892 -1035.467
893 1672.4292230489218 -46.4963995848291 -1148.4431248500957 1811.032 54.03157 -1036.486
894 1673.224108034232 -46.52260812188029 -1149.7541644155986 1812.12 54.11921 -1037.563
895 1674.0194698502262 -46.53716806163011 -1150.990949791447 1813.127 54.2074 -1038.631
896 1674.7598940832304 -46.58398665957525 -1152.3380501516529 1814.163 54.29748 -1039.764
897 1675.3816964951316 -46.621762017501375 -1153.742277694784 1815.169 54.39358 -1040.921
898 1675.9856260426932 -46.671781034526575 -1155.0765163342776 1816.083 54.49432 -1042.062
899 1676.4620670564705 -46.70255070341131 -1156.5325007642314 1817.025 54.5985 -1043.266
900 1677.0956398113701 -46.73662588690886 -1157.9156320915529 1817.931 54.70465 -1044.484
901 1677.582571598722 -46.74021500192099 -1159.292821271593 1818.744 54.81008 -1045.693
902 1678.10962493559 -46.752155807307204 -1160.7228609081637 1819.586 54.91601 -1046.959
903 1678.5525952265725 -46.78505170412486 -1162.1081940169067 1820.326 55.02254 -1048.207
904 1678.9412850983836 -46.82380036171356 -1163.5827608865964 1821.1 55.13095 -1049.517
905 1679.3414742964628 -46.844708048091825 -1165.055276418362 1821.838 55.24358 -1050.848
906 1679.645681605559 -46.86226530129779 -1166.474186544463 1822.465 55.35588 -1052.152
907 1679.8806574596151 -46.900045253662874 -1167.9764922446486 1823.124 55.47132 -1053.518
908 1680.1864162254167 -46.92491953868422 -1169.4593614825385 1823.739 55.58596 -1054.897
909 1680.3582548012753 -46.91368331797708 -1170.9113321549667 1824.255 55.70364 -1056.26
910 1680.4288833424225 -46.910294176917645 -1172.426166314536 1824.795 55.82355 -1057.672
911 1680.4817008349805 -46.912006188666275 -1173.8800839545677 1825.228 55.9407 -1059.056
912 1680.5984379237734 -46.906758948012374 -1175.387736332593 1825.688 56.06658 -1060.491
913 1680.68239893793 -46.90178766251675 -1176.892520510481 1826.105 56.19032 -1061.934
914 1680.654960445848 -46.90190958475851 -1178.3547170069846 1826.418 56.31631 -1063.357
915 1680.536701223615 -46.89458233206831 -1179.8623284813789 1826.758 56.44401 -1064.825
916 1680.4665455826034 -46.91265877788457 -1181.370537818885 1827.054 56.57325 -1066.3
917 1680.3527129150655 -46.90051416480393 -1182.8287694439275 1827.248 56.70276 -1067.744
918 1680.2168538928638 -46.920032388645346 -1184.3299517850921 1827.464 56.83518 -1069.23
919 1680.001711441839 -46.91468568590308 -1185.8267922718967 1827.64 56.9688 -1070.726
920 1679.7499894901316 -46.91693238795331 -1187.2718964603405 1827.717 57.09951 -1072.185
921 1679.5376650190606 -46.9290102863903 -1188.7676888299404 1827.812 57.23215 -1073.687
922 1679.2426175483647 -46.910370375693866 -1190.208760259907 1827.812 57.3658 -1075.152
923 1678.8990352920716 -46.92766202311737 -1191.6811161313556 1827.83 57.49929 -1076.658
924 1678.4534439777988 -46.91322030159247 -1193.1272450235792 1827.812 57.63595 -1078.165
925 1678.0093269195681 -46.95588088469023 -1194.5400987360485 1827.696 57.76981 -1079.636
926 1677.5211161220316 -46.94796334418962 -1195.9714051112599 1827.601 57.90771 -1081.139
927 1676.9694890559674 -46.93715593113566 -1197.3834461313115 1827.468 58.04396 -1082.643
928 1676.380032988404 -46.90404873970458 -1198.753702231166 1827.234 58.17193 -1084.111
929 1675.7175604763227 -46.884202119963945 -1200.1263892382149 1827.023 58.3023 -1085.615
930 1675.1848113006445 -46.855282718395735 -1201.5256055504508 1826.704 58.43592 -1087.072
931 1674.5853005065553 -46.83491709495286 -1202.934349201635 1826.41 58.56608 -1088.569
932 1673.8145859778465 -46.79317277000336 -1204.255624990966 1826.076 58.70315 -1090.056
933 1673.1231297242377 -46.767495481272164 -1205.5928036635034 1825.633 58.83384 -1091.489
934 1672.358803045193 -46.78847938372947 -1206.9177902021663 1825.214 58.96963 -1092.954
935 1671.5041568000577 -46.7748913846069 -1208.1896143355889 1824.755 59.10201 -1094.41
936 1670.70838768097 -46.75894749220487 -1209.4835521986647 1824.183 59.2354 -1095.811
937 1669.8249414809434 -46.75769534059539 -1210.7368988601177 1823.643 59.3685 -1097.24
938 1668.9050137644808 -46.74750273022774 -1211.9583742270725 1823.06 59.49507 -1098.648
939 1667.9666349118295 -46.74870409028243 -1213.1586051292454 1822.357 59.60684 -1099.995
940 1666.9862023211228 -46.75141342422787 -1214.3328093122946 1821.684 59.72051 -1101.364
941 1665.9470164589395 -46.73937446120447 -1215.4492462142769 1820.889 59.84234 -1102.66
942 1664.8850259735386 -46.74496140887369 -1216.5557933137413 1820.139 59.94356 -1103.994
943 1663.6960469008977 -46.66513343834624 -1217.520066537648 1819.352 60.05208 -1105.305
944 1662.5464069583688 -46.63939981398474 -1218.536433343491 1818.45 60.15961 -1106.542
945 1661.4142746326431 -46.64058667533335 -1219.5621197860296 1817.589 60.27091 -1107.799
946 1660.246989151848 -46.63253850178876 -1220.5439395682847 1816.694 60.38345 -1109.029
947 1659.077770599348 -46.5988350092311 -1221.5393838710856 1815.685 60.49128 -1110.182
948 1657.85818048859 -46.562200307468125 -1222.442479458755 1814.723 60.60227 -1111.351
949 1656.565064132482 -46.56581393642898 -1223.2745286420075 1813.646 60.71216 -1112.443
950 1655.2409755739911 -46.53817892809007 -1224.0164936681292 1812.614 60.82078 -1113.551
951 1653.9610551690846 -46.52891266167275 -1224.8284476790873 1811.551 60.93013 -1114.626
952 1652.602760375223 -46.51525020959516 -1225.5591818463954 1810.378 61.03586 -1115.622
953 1651.2666271083629 -46.5267044426067 -1226.2796573269884 1809.249 61.14424 -1116.631
954 1649.860643729154 -46.535783939676534 -1226.8563855646541 1808.088 61.24884 -1117.606
955 1648.4121521070265 -46.51497970605198 -1227.4174909264088 1806.825 61.34899 -1118.505
956 1647.0165624179417 -46.53027511598533 -1228.0322338240135 1805.603 61.44839 -1119.412
957 1645.6075473816402 -46.53996370710475 -1228.7101660928859 1804.284 61.54684 -1120.246
958 1644.150343617559 -46.55208627312687 -1229.180978448013 1803.008 61.64582 -1121.087
959 1642.7128847897632 -46.53370858312385 -1229.715896150564 1801.706 61.74346 -1121.892
960 1641.198283459588 -46.518866280922836 -1230.1450160367226 1800.315 61.83906 -1122.623
961 1639.704854071151 -46.51341609225454 -1230.5386433727851 1798.96 61.93421 -1123.358
962 1638.2029511640935 -46.491277930334164 -1230.9259180294039 1797.579 62.0292 -1124.058
963 1636.630659786468 -46.507585082131136 -1231.1591208600998 1796.124 62.11734 -1124.692
964 1635.0924465777964 -46.50181215757141 -1231.4190847006823 1794.701 62.20732 -1125.325
965 1633.5576735670004 -46.48925342734445 -1231.75430791591 1793.253 62.29534 -1125.928
966 1631.9642559386355 -46.495944582170814 -1231.9711620193127 1791.742 62.38523 -1126.471
967 1630.3971382104562 -46.504867752994144 -1232.166993011365 1790.258 62.47435 -1127.004
968 1628.785481699797 -46.51253034219469 -1232.3052698311017 1788.716 62.5609 -1127.485
969 1627.190742591591 -46.495133095918014 -1232.335783417921 1787.194 62.64482 -1127.955
970 1625.5872627109775 -46.46830867439698 -1232.3522640998735 1785.654 62.72812 -1128.395
971 1623.9608420667887 -46.47653267071785 -1232.4655248704023 1784.075 62.80871 -1128.793
972 1622.3438742263077 -46.48034549415522 -1232.4050048924817 1782.506 62.89076 -1129.18
973 1620.7189598850798 -46.511846371852045 -1232.3384460397517 1780.922 62.97071 -1129.541
974 1619.0729176974578 -46.54005714650146 -1232.3724641770077 1779.311 63.04728 -1129.873
975 1617.4308824606114 -46.52503420499988 -1232.392702649854 1777.702 63.12234 -1130.193
976 1615.7836462248001 -46.55261152399592 -1232.3143814917523 1776.082 63.19501 -1130.494
977 1614.1194602722856 -46.57530340191184 -1232.2076781130334 1774.439 63.26738 -1130.771
978 1612.45763697929 -46.58472654825537 -1232.1034327482896 1772.797 63.33921 -1131.038
979 1610.7800327335792 -46.59448692918668 -1231.986957730209 1771.135 63.41172 -1131.284
980 1609.114688957288 -46.61805978771962 -1231.8200218167303 1769.479 63.48361 -1131.517
981 1607.4393910459976 -46.626120232418245 -1231.5353073596737 1767.796 63.55799 -1131.74
982 1605.7526242240751 -46.67441436321782 -1231.3504683532594 1766.113 63.63222 -1131.949
983 1604.0645180352228 -46.71156620769224 -1231.1639507315433 1764.428 63.70596 -1132.152
984 1602.369389057182 -46.73248605265627 -1230.9831908756778 1762.736 63.77872 -1132.348
985 1600.6830722943253 -46.75924560960734 -1230.7561377578377 1761.046 63.85109 -1132.534
986 1598.9999766065575 -46.82384539292332 -1230.4983624721474 1759.353 63.9228 -1132.713
987 1597.2972626311239 -46.88418479340276 -1230.3755190099166 1757.655 63.99476 -1132.885
988 1595.595509660911 -46.920777952365455 -1230.2666043061902 1755.959 64.06682 -1133.051
989 1593.9137257249638 -46.98279636117822 -1229.9814710274259 1754.261 64.13795 -1133.21
990 1592.22128318104 -47.03082182777207 -1229.7839569011603 1752.565 64.20815 -1133.366
991 1590.5187116147567 -47.083051172015374 -1229.6298858455275 1750.863 64.27888 -1133.519
992 1588.8360366900865 -47.11621977580337 -1229.3386853398463 1749.163 64.34811 -1133.669
993 1587.1462369562125 -47.1785416873102 -1229.0653839517327 1747.458 64.41721 -1133.818
994 1585.4431592520605 -47.25560363333415 -1228.9243115231895 1745.755 64.48641 -1133.964
995 1583.740702743356 -47.29529604840004 -1228.7530118426387 1744.051 64.55659 -1134.108
996 1582.0532593566268 -47.34668257030282 -1228.4428280204459 1742.342 64.62863 -1134.251
997 1580.3748197718467 -47.352511772096136 -1228.094106780556 1740.635 64.70178 -1134.391
998 1578.6751133935852 -47.395836188321404 -1227.8835515092956 1738.929 64.77564 -1134.53
999 1576.9900004252274 -47.460568971259036 -1227.5655747015162 1737.22 64.8495 -1134.667
1000 1575.2950275041542 -47.50642091088075 -1227.3374140183093 1735.516 64.92197 -1134.802
1001 1573.5898929520718 -47.55892224721271 -1227.1860554312439 1733.81 64.9947 -1134.934
1002 1571.8983454290048 -47.58718692528743 -1227.0047948241634 1732.115 65.06585 -1135.064
1003 1570.2267505625173 -47.63784926782598 -1226.7267272615436 1730.426 65.13665 -1135.192
1004 1568.5650943776593 -47.702065162815394 -1226.4597538288697 1728.748 65.20511 -1135.319
1005 1566.9014737179332 -47.73956836623734 -1226.2379362374447 1727.075 65.27167 -1135.441
1006 1565.2457320414103 -47.791818284465215 -1225.9802210724454 1725.404 65.33481 -1135.561
1007 1563.5889781103017 -47.82236593715177 -1225.780335473486 1723.74 65.39481 -1135.676
1008 1561.9510656939856 -47.87376137227653 -1225.498455981104 1722.082 65.45266 -1135.788
1009 1560.3116355714824 -47.902359431077564 -1225.277648616956 1720.432 65.5124 -1135.894
1010 1558.6849648157954 -47.980205894632256 -1225.0180940163323 1718.787 65.5695 -1135.995
1011 1557.0863246954311 -48.056485395842586 -1224.7119300939694 1717.161 65.62471 -1136.086
1012 1555.4955426724284 -48.11241112472413 -1224.3672756053286 1715.535 65.67949 -1136.161
1013 1553.9295773828549 -48.1492445089175 -1224.0122203087064 1713.931 65.73199 -1136.225
1014 1552.3681975612237 -48.19476771566668 -1223.7076406103504 1712.341 65.78231 -1136.271
1015 1550.80827223842 -48.24168413647072 -1223.3736166758276 1710.746 65.8327 -1136.295
1016 1549.2749499044512 -48.26242515470869 -1223.0723609120396 1709.184 65.88013 -1136.308
1017 1547.7493497142666 -48.31134702488283 -1222.6969410638333 1707.613 65.92724 -1136.285
1018 1546.2552183046048 -48.33885343158188 -1222.3419716991655 1706.078 65.97128 -1136.253
1019 1544.7829102389596 -48.39637594572997 -1221.990784056157 1704.565 66.0123 -1136.194
1020 1543.3090438456227 -48.44117915197296 -1221.552597945694 1703.031 66.04779 -1136.085
1021 1541.8792338834983 -48.49603648207839 -1221.1439896951129 1701.548 66.08116 -1135.967
1022 1540.4895513068366 -48.545894864765636 -1220.6565227318233 1700.082 66.11041 -1135.821
1023 1539.0561542938847 -48.609738039756984 -1220.1840217067795 1698.586 66.13649 -1135.613
1024 1537.722035053997 -48.65355944294635 -1219.6258380685526 1697.155 66.16215 -1135.401
1025 1536.313572463736 -48.703271080707594 -1219.0673102990495 1695.669 66.18653 -1135.102
1026 1534.9874428212363 -48.74869336768236 -1218.4542905627193 1694.241 66.21043 -1134.791
1027 1533.7052928219855 -48.79391782320716 -1217.7964907569701 1692.835 66.21801 -1134.472
1028 1532.392993129632 -48.848755467195254 -1217.0334061913088 1691.371 66.2073 -1134.067
1029 1531.134875243361 -48.903767284475485 -1216.3438709737131 1689.991 66.19591 -1133.671
1030 1529.8882507342976 -48.98007513040336 -1215.6294915167352 1688.621 66.17116 -1133.232
1031 1528.6025729255061 -49.019986634492625 -1214.8143335688976 1687.197 66.14385 -1132.693
1032 1527.4410654933147 -49.07483066398725 -1213.9875590101497 1685.87 66.09641 -1132.171
1033 1526.2552362597085 -49.11984970512865 -1213.021598119244 1684.476 66.06232 -1131.541
1034 1525.144601348519 -49.17906855142959 -1212.149599944997 1683.2 66.01776 -1130.935
1035 1524.1433419044854 -49.25117048361358 -1211.1737373856636 1681.961 65.98452 -1130.284
1036 1523.013018395249 -49.33722870818556 -1210.1551324580537 1680.643 65.94241 -1129.52
1037 1521.985230022314 -49.40797477838269 -1209.2072378526725 1679.457 65.90758 -1128.777
1038 1521.0386856106504 -49.501575183848104 -1208.1916631357042 1678.306 65.87101 -1127.996
1039 1520.0744635297117 -49.58603782490061 -1207.0212812003956 1677.079 65.82757 -1127.102
1040 1519.2338902500294 -49.65885149893721 -1205.9163968342932 1675.989 65.78896 -1126.24
1041 1518.2963592500632 -49.77302447995037 -1204.7293178029695 1674.826 65.74585 -1125.267
1042 1517.5032688457693 -49.83439163150082 -1203.5984575232585 1673.811 65.70668 -1124.329
1043 1516.7761208746504 -49.93569322213661 -1202.42715042167 1672.831 65.6632 -1123.355
1044 1516.002848937506 -50.00570654298939 -1201.1394576590017 1671.787 65.61313 -1122.274
1045 1515.347526320523 -50.09857857322846 -1199.924516429736 1670.884 65.56276 -1121.227
1046 1514.7058518421954 -50.19660070577702 -1198.707371042449 1670.025 65.50954 -1120.149
1047 1514.1711297501931 -50.30136557881943 -1197.311034574365 1669.099 65.44746 -1118.972
1048 1513.7541458050157 -50.41548932894948 -1195.9969511983495 1668.319 65.38886 -1117.831
1049 1513.170640766723 -50.542341313117255 -1194.6302229881703 1667.481 65.32217 -1116.599
1050 1512.7732805319013 -50.66194725629948 -1193.311836730415 1666.783 65.25392 -1115.408
1051 1512.3569506147019 -50.78886149020884 -1191.9848749667701 1666.116 65.18499 -1114.183
1052 1512.0015615982732 -50.9080447276187 -1190.5492544250453 1665.409 65.10462 -1112.881
1053 1511.7222116277742 -51.021498261665535 -1189.1771263639682 1664.817 65.03254 -1111.609
1054 1511.4361542193308 -51.14768563393153 -1187.8089987886833 1664.267 64.95835 -1110.32
1055 1511.1002244182475 -51.28309141642534 -1186.3699528134237 1663.679 64.87654 -1108.96
1056 1510.8765880506287 -51.41717072767737 -1184.987970225157 1663.209 64.79507 -1107.637
1057 1510.659249090552 -51.54077023132988 -1183.6012374538093 1662.781 64.71287 -1106.297
1058 1510.4215360133876 -51.67594688953217 -1182.1257634155347 1662.301 64.62431 -1104.878
1059 1510.3198880451405 -51.817836089887244 -1180.7206746064294 1661.958 64.538 -1103.507
1060 1510.25495645809 -51.956444757660066 -1179.2286448316856 1661.562 64.46915 -1102.062
1061 1510.2832698464267 -52.10089463232885 -1177.8341069195983 1661.319 64.3632 -1100.685
1062 1510.309982803518 -52.280720561100345 -1176.4266611732676 1661.115 64.26554 -1099.284
1063 1510.468661275511 -52.46078067448333 -1174.9397217972019 1660.875 64.14444 -1097.802
1064 1510.6427486384557 -52.62309984652702 -1173.5208587430454 1660.772 64.05174 -1096.37
1065 1510.8823868369802 -52.77237226630816 -1172.1137320922423 1660.724 63.95351 -1094.939
1066 1511.1192316094912 -52.94801429165845 -1170.6417497033988 1660.624 63.86049 -1093.444
1067 1511.477135986924 -53.11148600551434 -1169.2623842772032 1660.666 63.75655 -1092.014
1068 1511.8528019226462 -53.26925647855549 -1167.8171804614824 1660.665 63.65347 -1090.516
1069 1512.2072896956824 -53.45585720032333 -1166.4271091468356 1660.808 63.53899 -1089.081
1070 1512.6364515276728 -53.631536904871616 -1165.054179549124 1660.998 63.42386 -1087.649
1071 1513.081737930961 -53.79764820910739 -1163.6299587523192 1661.14 63.30548 -1086.159
1072 1513.6058835632687 -53.9878618459964 -1162.285411806291 1661.423 63.18844 -1084.736
1073 1514.2529939389392 -54.15248596125964 -1160.9801953800713 1661.752 63.07257 -1083.312
1074 1514.8655196123727 -54.35597972511819 -1159.6204811143687 1662.049 62.95694 -1081.841
1075 1515.5338600616562 -54.56601310909931 -1158.3141053169945 1662.469 62.84239 -1080.424
1076 1516.8709000608703 -54.47118582545793 -1159.0192789237599 1662.869 62.72406 -1078.968
1077 1518.1917565183844 -54.37450585115341 -1159.7310953729323 1663.374 62.61487 -1077.556
1078 1519.634862055022 -54.46143342304526 -1159.2881460871545 1663.914 62.50419 -1076.148
1079 1520.3937845232806 -54.67687894134889 -1157.9792666926285 1664.445 62.39675 -1074.719
1080 1521.2417078032527 -54.86125753922498 -1156.724476884124 1665.055 62.28661 -1073.325
1081 1522.1034967821954 -55.047141086560416 -1155.4686777509014 1665.691 62.17659 -1071.933
1082 1523.4248391799827 -54.94193249117571 -1156.2603388877944 1666.334 62.06217 -1070.534
1083 1524.4389979264324 -55.12920936758396 -1155.0706918840735 1667.04 61.9526 -1069.131
1084 1525.360314791634 -55.36546773981986 -1153.8474282755885 1667.748 61.84362 -1067.757
1085 1526.9050204145221 -55.44535209466564 -1153.566536769009 1668.471 61.73872 -1066.365
1086 1527.8664783146749 -55.6003691136442 -1152.3268563761412 1669.233 61.6328 -1064.989
1087 1528.7964179058342 -55.789222262786176 -1151.0559855949627 1670.011 61.52604 -1063.611
1088 1529.7565344230215 -55.959818191887464 -1149.7790449914505 1670.82 61.41849 -1062.227
1089 1530.73306035965 -56.12155076937073 -1148.5030702343047 1671.64 61.31031 -1060.84
1090 1531.7371194912084 -56.30277179980333 -1147.2670427709922 1672.455 61.20477 -1059.464
1091 1532.687423809483 -56.48811230905646 -1145.9711804884953 1673.289 61.0989 -1058.082
1092 1533.649063272011 -56.67941219669557 -1144.658733028976 1674.135 60.99427 -1056.683
1093 1534.6151430988655 -56.869665685302294 -1143.3379319081716 1674.989 60.89092 -1055.278
1094 1535.5451713805573 -57.068997148992096 -1141.9731171920885 1675.853 60.79 -1053.86
1095 1536.5638612152059 -57.30024887237756 -1140.6891300841648 1676.716 60.69111 -1052.451
1096 1537.510736394568 -57.500687647000376 -1139.3292008090789 1677.591 60.59208 -1051.033
1097 1538.5083603771689 -57.689957943483826 -1137.9879632586394 1678.473 60.49193 -1049.604
1098 1539.4832907670968 -57.92912731427677 -1136.589039973048 1679.381 60.38454 -1048.145
1099 1540.4415980079636 -58.13870343455443 -1135.2488204371468 1680.259 60.28089 -1046.739
1100 1541.466902190477 -58.29529444704243 -1133.8863325488599 1681.167 60.17613 -1045.291
