0 0.0 0.0 0.0 1.110223e-16 2.220446e-16 -2.220446e-16
1 0.022824864607743765 -0.028818761812883318 1.0016706463465992 0.05154656 -0.02424883 1.000725
2 0.11466026557587988 -0.05916413858843275 1.9967777892813052 0.1464632 -0.05051622 1.995659
3 0.2521980724044913 -0.10008609942025273 2.987926808635505 0.2879204 -0.07903059 2.986691
4 0.45210730618929335 -0.13811151837925315 3.960562971126218 0.4657503 -0.1102928 3.963845
5 0.7857065297010731 -0.14268033382269377 4.901738887140361 0.6971645 -0.143877 4.934639
6 0.9116168364658828 -0.1268438866975375 5.885988109175662 0.9715689 -0.1802237 5.887651
7 1.1922278394724548 -0.16404828365291332 6.835932346769555 1.288079 -0.2184877 6.826202
8 1.5472298520274534 -0.19583265123174842 7.757069597611798 1.651331 -0.254729 7.743952
9 2.0675447714744264 -0.22895256338408454 8.595531878301486 2.050498 -0.2919528 8.64624
10 2.524049250714366 -0.26701436376491927 9.467374974796178 2.488685 -0.3309237 9.527392
11 3.003261453817192 -0.2995830927375705 10.323516621209013 2.966292 -0.3697385 10.38417
12 3.472801499783345 -0.31205080235549326 11.183295917110089 3.483068 -0.4086031 11.2156
13 3.978979763244269 -0.31477522990275464 12.017935144306117 4.03669 -0.4439735 12.01878
14 4.6000457220924975 -0.3463714668166741 12.768339309003016 4.631439 -0.4790227 12.79006
15 5.221093822791762 -0.40001722578077303 13.507418469232023 5.252124 -0.5136186 13.53058
16 5.895049680349244 -0.43665123033978215 14.201926619695515 5.913461 -0.5462713 14.23731
17 6.542743257326925 -0.469475139824495 14.916629659103181 6.602643 -0.5777429 14.91216
18 7.269194138412778 -0.4895337117758499 15.54490683780869 7.315983 -0.6091556 15.55483
19 8.016261000114323 -0.513861178468947 16.14096576766182 8.059654 -0.636292 16.155
20 8.783012503422977 -0.5482788185265829 16.705426011845123 8.824947 -0.6652783 16.72174
21 9.586319388369636 -0.544975934401048 17.216270121339978 9.617499 -0.6938755 17.24835
22 10.435476041734924 -0.6088464165210673 17.64370527438932 10.43572 -0.7209802 17.73582
23 11.158146827482753 -0.6252676979280826 18.26399472522631 11.27339 -0.7448949 18.18861
24 12.092201051702773 -0.7058366685513903 18.47316491934547 12.13844 -0.7707228 18.60541
25 12.971911519339166 -0.711803742353793 18.866496768808506 13.02386 -0.7968987 18.98486
26 13.872491625316247 -0.713033987179364 19.21347654867491 13.92282 -0.8194983 19.33529
27 14.796246881824562 -0.6871975955462608 19.53074544744723 14.84567 -0.8398217 19.65558
28 15.77610139712246 -0.6919747269682576 19.650843272157704 15.78819 -0.859011 19.94858
29 16.74732752435305 -0.7047170912803266 19.857277419178043 16.74609 -0.8779579 20.20959
30 17.711456955563047 -0.7197148482899146 20.093609445038656 17.71096 -0.8926428 20.4429
31 18.698748932691903 -0.7324092887802603 20.255726041915963 18.69074 -0.9066816 20.64544
32 19.64952211280721 -0.743515160321083 20.61237184925386 19.69166 -0.9204752 20.81649
33 20.673071793542817 -0.6994400466645043 20.68472739377564 20.70872 -0.9323174 20.9589
34 21.711311174266104 -0.653245465554137 20.697697926662677 21.74157 -0.9423525 21.0745
35 22.758627169254282 -0.6647078028811494 20.80422272528336 22.79076 -0.948405 21.16118
36 23.822664567392305 -0.6582710667276934 20.823904342476972 23.85365 -0.951047 21.21468
37 24.89934847079137 -0.6407868569222771 20.77846241152013 24.93112 -0.9519265 21.24069
38 25.990970188690643 -0.66772925908549 20.808255537524797 26.02348 -0.9509506 21.24027
39 27.09015411506978 -0.7702028145996516 20.821238796363513 27.12723 -0.9489508 21.21564
40 28.20605096967711 -0.7894047709804506 20.83948161776303 28.24249 -0.9456288 21.16969
41 29.324953090497637 -0.7406555722466126 20.693355409565545 29.37022 -0.9414386 21.10741
42 30.456927013877507 -0.7153368869615611 20.777384163192295 30.50291 -0.9363594 21.0296
43 31.593806651225524 -0.6789311777826311 20.669145546177013 31.64196 -0.9296868 20.93984
44 32.735217419878474 -0.6746460507255793 20.80521891234187 32.78682 -0.9216773 20.83696
45 33.89278316740671 -0.7145452835120245 20.717242068685884 33.94232 -0.9117462 20.71859
46 35.06953382114872 -0.6925387182001816 20.632397383630522 35.11473 -0.9007201 20.58533
47 36.27242174227419 -0.7342775508073468 20.62716416569986 36.30912 -0.8891584 20.43698
48 37.49521535288461 -0.7473638020161467 20.5155423045695 37.5268 -0.8781568 20.2789
49 38.737645718886355 -0.7201551762786321 20.364195053970597 38.76733 -0.8670199 20.11085
50 39.99890986737395 -0.7105243823973156 20.221630419039357 40.02403 -0.8564479 19.93253
51 41.2786868746226 -0.6573561098197603 20.03128254433174 41.3055 -0.8460362 19.74648
52 42.57051722573582 -0.613805255342816 19.784189910778565 42.60679 -0.837548 19.55065
53 43.902724965677145 -0.6085051870877033 19.627245062123087 43.93278 -0.8295496 19.34786
54 45.26395672509837 -0.5968266202852358 19.527439412198213 45.28137 -0.8187903 19.13753
55 46.62624193090918 -0.5729520502833241 19.284258610819005 46.6485 -0.8059921 18.92231
56 48.023918786584616 -0.5695895152967854 19.14139491481298 48.03559 -0.790753 18.69944
57 49.441546962831566 -0.5946660512817658 19.003145752595792 49.44201 -0.776593 18.47318
58 50.869256430871545 -0.5219205757426764 18.771373624273103 50.87125 -0.7612088 18.23994
59 52.32573769422499 -0.4853713923544062 18.62775040213518 52.31634 -0.7488661 18.00571
60 53.784556791881265 -0.44456023738631145 18.342924384767105 53.78414 -0.7385593 17.76822
61 55.282499533332995 -0.3915061457047864 18.15494643820335 55.27561 -0.7282464 17.52865
62 56.79190993038751 -0.329097094754757 17.911904153449683 56.7869 -0.7193216 17.28947
63 58.33065038717119 -0.2919050787042178 17.71371771617177 58.3197 -0.7090229 17.04698
64 59.87727030017977 -0.21260861907909753 17.461452030200554 59.87004 -0.6982294 16.80555
65 61.46137891410845 -0.15965950512946625 17.25592254014078 61.44932 -0.6898538 16.56009
66 63.05957759079 -0.08841308671283182 17.034262870673874 63.04564 -0.682234 16.31483
67 64.68442896474139 -0.05675086319911359 16.85556384261072 64.66146 -0.6742945 16.06555
68 66.30814585289883 0.0057557270403562275 16.565943875765946 66.29273 -0.665932 15.81429
69 67.94436654947383 0.057169222373436114 16.291876025857338 67.93358 -0.6566595 15.56429
70 69.60647838256142 0.094450325572382 16.070642455825567 69.59146 -0.6495479 15.31065
71 71.28505481240087 0.0993138296006602 15.869124696754906 71.26348 -0.6455501 15.06048
72 72.9737187385492 0.13739003161367452 15.636541919176258 72.94957 -0.6411509 14.80708
73 74.6867710972773 0.19345589473145092 15.433847340759572 74.65679 -0.6351425 14.55382
74 76.40766412194361 0.24328113183136604 15.193484470263774 76.37583 -0.6266393 14.29583
75 78.15697318207826 0.31089518737194427 15.064695264271087 78.11207 -0.6192733 14.03765
76 79.92380353892737 0.26985395242106014 14.942490787410758 79.86417 -0.6121849 13.77611
77 81.70232004036309 0.3019888995486486 14.84138568846664 81.62656 -0.6069533 13.51471
78 83.49079372019314 0.37970725779071396 14.6929049039258 83.40315 -0.6037449 13.2493
79 85.28013431245502 0.45779160714094097 14.426429191614018 85.19377 -0.601808 12.98
80 87.09562754321452 0.5387456666827348 14.194403491211888 87.00538 -0.5994816 12.70711
81 88.93615918399837 0.5920378598785025 14.108969653032865 88.82747 -0.5948763 12.42843
82 90.77394966246734 0.6558820059003357 13.827514824177427 90.66661 -0.5892579 12.14861
83 92.62193603103012 0.7183304953919902 13.537025514954859 92.51613 -0.5822604 11.86127
84 94.4877922134417 0.7790162902865311 13.237482683058888 94.38417 -0.576158 11.56935
85 96.36228550513026 0.7915726467720164 12.905562829722905 96.26377 -0.5690865 11.26751
86 98.26911671981394 0.8626549466096595 12.742478893656248 98.15387 -0.5670654 10.95901
87 100.17815755500627 0.9244722196477535 12.499282755470352 100.0527 -0.5652429 10.63988
88 102.0799880770249 0.9285339602686743 12.164929157995315 101.9553 -0.5641477 10.30991
89 104.00845085352736 0.9590292557075761 11.9127376263557 103.8698 -0.5624452 9.966128
90 105.9161142361417 1.0341802538800842 11.498173789669327 105.791 -0.5643553 9.611618
91 107.88080896511607 1.0969039790064896 11.403095593921904 107.7248 -0.5687973 9.246382
92 109.81704899040807 1.133878488305842 10.994095016003078 109.6683 -0.5717942 8.871585
93 111.77504468393009 1.1756076550987884 10.641702681531342 111.6206 -0.5733449 8.486629
94 113.72910531897767 1.1951203973907414 10.210237880002774 113.5815 -0.5728043 8.086921
95 115.70647776203303 1.214419428325438 9.854835295670759 115.5478 -0.570538 7.674193
96 117.70244120543768 1.209004522382961 9.56998894147606 117.5182 -0.5680584 7.246929
97 119.6670469772077 1.2203436347117642 9.074514774197086 119.4963 -0.5658779 6.808278
98 121.6603925444698 1.2505953651593567 8.63421668837489 121.4861 -0.5645652 6.351224
99 123.62318056979832 1.2683516212613877 8.0438188691894 123.4817 -0.5636678 5.883248
100 125.62343553124563 1.289235670060917 7.575323230972644 125.4794 -0.5607338 5.403529
101 127.64155116176039 1.3520435524407775 7.123737984225834 127.4889 -0.5591517 4.911013
102 129.6344346732035 1.400576640163378 6.548399042384449 129.5004 -0.5556139 4.402279
103 131.65726965134363 1.4334856212423852 6.026975867288775 131.5233 -0.5494115 3.880107
104 133.71839870344158 1.478797839039039 5.660168040545119 133.5486 -0.5427542 3.348158
105 135.75383563869488 1.5102477970613748 5.121100436675718 135.5837 -0.5360354 2.806947
106 137.80248794653141 1.5729940571449725 4.604004069122016 137.625 -0.5295973 2.257989
107 139.83055067087275 1.6590950603333396 3.960941715047139 139.6797 -0.5224538 1.699296
108 141.90680877681373 1.7022687386598816 3.497982796437314 141.7304 -0.5179993 1.132152
109 143.95377098005477 1.7272171646664725 2.8659323394440186 143.7927 -0.5127373 0.5515872
110 145.97927548906068 1.728702260508831 2.137820009245199 145.8618 -0.5061993 -0.0413721
111 148.07080845951174 1.7859617081569372 1.622024098232559 147.9305 -0.5006247 -0.6449311
112 150.14965365787126 1.8243237921724413 1.0156839871276073 150.0068 -0.4959689 -1.261108
113 152.23493975755534 1.8597850385270285 0.3699956875303766 152.0968 -0.4898301 -1.892338
114 154.28063066212692 1.9359428142208526 -0.3815359929292186 154.1812 -0.4829921 -2.533182
115 156.39302785516793 1.9922629407398493 -0.9716639623255221 156.2753 -0.4753909 -3.187653
116 158.51172203777247 2.0499793350264266 -1.5637190047134313 158.3734 -0.467684 -3.851462
117 160.62831651164112 2.1178287877771114 -2.1808170286742756 160.4737 -0.4608735 -4.525316
118 162.76851773013928 2.1892567695125873 -2.775892635606641 162.5875 -0.4555311 -5.211974
119 164.83667792409082 2.2232718419013704 -3.603618695220875 164.7037 -0.4525483 -5.908582
120 166.95266930522993 2.2556968198558214 -4.32682422881452 166.8257 -0.4495307 -6.614701
121 169.12616750645233 2.342195531259222 -4.88411289651174 168.9537 -0.4456125 -7.331463
122 171.26721557274934 2.3913321715775844 -5.5913339128119315 171.0871 -0.4416744 -8.063072
123 173.39492233726864 2.4303730568666064 -6.360693733441436 173.2245 -0.4365523 -8.806086
124 175.51395075611183 2.45020078500817 -7.174731808438065 175.3665 -0.4294089 -9.557829
125 177.6912935660284 2.5268459589756924 -7.849910540903617 177.5169 -0.420933 -10.31827
126 179.81624805648167 2.6313769166099603 -8.68919009968404 179.6714 -0.4118277 -11.0856
127 181.9833693259074 2.712036545438409 -9.438302625379773 181.8303 -0.4043634 -11.86225
128 184.18048902361673 2.8022140145793224 -10.130438143540252 183.9969 -0.3985802 -12.64986
129 186.37275459365122 2.8602430466065623 -10.871729648645942 186.1699 -0.3990509 -13.44797
130 188.57664921044625 2.9107113262299307 -11.592172039978983 188.344 -0.4000549 -14.25545
131 190.77343024015644 2.9797387308258836 -12.349626863692368 190.5195 -0.4013833 -15.07493
132 192.99161151316252 3.0766080490268153 -13.096763716078394 192.7087 -0.4038655 -15.90879
133 195.17347464682135 3.164036864983648 -13.9633487058755 194.901 -0.4035663 -16.75316
134 197.35743578275913 3.1985294935678494 -14.837237672779537 197.093 -0.4021162 -17.60738
135 199.58206202529317 3.286350235207239 -15.642310588379528 199.2958 -0.4006638 -18.47484
136 201.82592098091285 3.329557106246845 -16.343736792516175 201.4804 -0.4011965 -19.34449
137 204.0904054965314 3.3963548708680995 -17.07470214183074 203.6882 -0.4030819 -20.23459
138 206.30356335370274 3.4979586201273305 -17.898880691346687 205.877 -0.4061955 -21.12723
139 208.49605151742486 3.5566027156003654 -18.819169029130475 208.0748 -0.408323 -22.03665
140 210.74299814729616 3.6130531026058668 -19.61202652595181 210.2746 -0.4072563 -22.95396
141 212.9076137331023 3.7208414455998153 -20.610810986873073 212.4744 -0.4051777 -23.87896
142 215.1267723606801 3.7344119916723453 -21.480023643537265 214.6697 -0.4036944 -24.80688
143 217.37303090178668 3.804665660482283 -22.30355126727287 216.8716 -0.4053455 -25.7452
144 219.63376263301393 3.871959948474745 -23.132920952932402 219.0854 -0.4089666 -26.69513
145 221.80832718039997 3.9075395053309308 -24.113935531766714 221.2752 -0.4145729 -27.6423
146 224.10149354756754 4.009578041354407 -24.809900584222298 223.4748 -0.4227878 -28.5989
147 226.3096309431317 4.1084903808500055 -25.75229141475155 225.6743 -0.432373 -29.5663
148 228.540099218273 4.18414374325958 -26.639159487326182 227.8686 -0.4418329 -30.54211
149 230.66507099228983 4.32811805906616 -27.75974449150852 230.0656 -0.4485622 -31.5245
150 232.9030682259224 4.414101150735977 -28.635108536983253 232.2584 -0.4502008 -32.51137
151 235.1170916227589 4.488100607404478 -29.568699411230043 234.4478 -0.4516442 -33.50409
152 237.32967828782063 4.576445951805091 -30.522308797694453 236.6402 -0.4545615 -34.50713
153 239.51406172994393 4.632376597558471 -31.53351593080296 238.8266 -0.456504 -35.51552
154 241.7559498971189 4.768984661333854 -32.404163073204835 241.0098 -0.4583595 -36.53355
155 243.97757314876304 4.863498840394443 -33.32333149245967 243.1866 -0.4598154 -37.55871
156 246.20362852716576 4.931466629119652 -34.227236332987225 245.3571 -0.4618584 -38.59114
157 248.32014601611846 5.015102945091134 -35.364731839881046 247.5244 -0.461475 -39.63198
158 250.61501645459785 5.089029835393081 -36.07009238026065 249.6839 -0.461446 -40.68364
159 252.89083179207526 5.1939702974298045 -36.84342527690756 251.8424 -0.4628392 -41.74631
160 255.07126887420088 5.318253927549782 -37.833404356946254 253.9896 -0.4623208 -42.81371
161 257.26838703200127 5.409234987248717 -38.812406849492625 256.1425 -0.4599411 -43.89031
162 259.5007776375802 5.470184808732198 -39.7228926816466 258.2951 -0.4566041 -44.97777
163 261.67837786379533 5.541921762837392 -40.759802567620795 260.4446 -0.451586 -46.07408
164 263.9031001059675 5.621856794386972 -41.7029864199137 262.5925 -0.4468931 -47.18398
165 266.1451763810255 5.738593648641311 -42.59245380448879 264.734 -0.4443228 -48.30007
166 268.2881940047978 5.792545058622719 -43.75370665015639 266.892 -0.442692 -49.43452
167 270.42407009460493 5.877423060030439 -44.87944187407879 269.0255 -0.4394885 -50.56793
168 272.66357668741523 5.97155513267273 -45.83951707043085 271.1744 -0.4357941 -51.72041
169 274.9146004946731 6.101465301479436 -46.80543613602142 273.3318 -0.4312748 -52.88771
170 277.09332061230214 6.229017793478825 -47.92841524322493 275.487 -0.4244063 -54.06212
171 279.31109816145414 6.351509335600043 -49.023036062663905 277.658 -0.4182424 -55.25311
172 281.58168356243914 6.494180321850772 -50.01038345144819 279.8273 -0.4128268 -56.45514
173 283.8715139035657 6.628665022489786 -51.01957479137529 282.0168 -0.4105826 -57.67414
174 286.1329755554337 6.746340626068306 -52.055263472550536 284.1885 -0.4095589 -58.89251
175 288.3926573144193 6.886421992251255 -53.13874398561227 286.3724 -0.4079618 -60.12956
176 290.580671556694 7.122144295877673 -54.389091622009815 288.5702 -0.4045488 -61.38495
177 292.89434440768224 7.291521101417954 -55.41753690002571 290.7704 -0.3986685 -62.64929
178 295.30188317520845 7.445767255594755 -56.25280865080372 292.9827 -0.3908822 -63.92341
179 297.4924422594065 7.641103140974524 -57.55842064145305 295.1953 -0.3821466 -65.20624
180 299.78589827290807 7.757429085902354 -58.72829121170057 297.4212 -0.3713999 -66.50521
181 301.97500831057846 8.00436050698827 -60.06225477386538 299.6423 -0.3587114 -67.80874
182 304.39741446236604 8.153264856807969 -60.97592277469517 301.8763 -0.3470056 -69.1256
183 306.64411023686097 8.3511646221596 -62.271908488449945 304.1141 -0.3372516 -70.4517
184 309.0304592797165 8.471838136990916 -63.333646344034705 306.3593 -0.3307952 -71.79168
185 311.3858452964055 8.618693029955763 -64.49143014549784 308.6134 -0.3233356 -73.14403
186 313.6709331877151 8.815754167197154 -65.79940276637016 310.8714 -0.3126191 -74.51245
187 316.05843351577306 8.96406770877269 -66.94196003746949 313.1301 -0.2971879 -75.90012
188 318.35186587320567 9.069624942546842 -68.2816705971611 315.3852 -0.2796424 -77.30725
189 320.66159495104307 9.101855547887904 -69.6101749420141 317.6383 -0.2578412 -78.72988
190 322.9262542913473 9.153685571434432 -71.04030712844079 319.8954 -0.2381554 -80.17271
191 325.1831382452549 9.18872084831309 -72.50807394184892 322.1579 -0.2197853 -81.63211
192 327.50553660528163 9.255088924597326 -73.86392088658984 324.412 -0.2016825 -83.10009
193 329.7438554578009 9.334450574970337 -75.36008341935155 326.6626 -0.1825361 -84.57972
194 331.94088606904177 9.395040049482418 -76.91449912984952 328.9055 -0.1608324 -86.06826
195 334.24062843090803 9.438045464425455 -78.3266092915552 331.1477 -0.1383913 -87.57051
196 336.48226807283885 9.479653237496755 -79.83459110552866 333.384 -0.1125608 -89.08675
197 338.6782550601053 9.545906147298926 -81.40847214163205 335.6133 -0.08455148 -90.61426
198 340.93963253258914 9.608510378219387 -82.89164769905607 337.8389 -0.05242768 -92.15154
199 343.2543069657873 9.673826199260462 -84.28915897299495 340.056 -0.01599584 -93.70014
200 345.4937720030822 9.761107148804623 -85.82292024409419 342.2752 0.02333862 -95.26502
201 347.7339151513094 9.849292430602722 -87.35454090563404 344.4892 0.0633751 -96.83616
202 349.93715420053826 9.896479925750365 -88.94205888148736 346.701 0.1024766 -98.41195
203 352.17376142249896 9.948088435934098 -90.48909755821948 348.9103 0.1402984 -99.99813
204 354.45773864975615 9.974103027523306 -91.95775749248696 351.1094 0.1754218 -101.5909
205 356.7206776201537 9.979981480234619 -93.4829216220268 353.3107 0.2141195 -103.2033
206 358.9954280975112 9.990275559488387 -94.97366080907658 355.4996 0.2539708 -104.817
207 361.15186124896877 10.00993371200646 -96.63091797658177 357.6809 0.2903191 -106.4411
208 363.44539057718913 9.998035064264142 -98.11413806423037 359.867 0.3297903 -108.0781
209 365.6243309135885 9.971387721026039 -99.7435245222696 362.0386 0.3801369 -109.7167
210 367.8377887702444 9.94830557284266 -101.32696520722878 364.2051 0.433594 -111.3631
211 369.99705592748796 9.912100672421973 -102.97957844895443 366.3626 0.4855505 -113.0176
212 372.1952797392983 9.928025155037556 -104.5830972250253 368.5148 0.5357534 -114.6817
213 374.3136171118497 9.91183110248996 -106.27825741766614 370.6543 0.5857535 -116.3494
214 376.55569186934724 9.878024412775769 -107.81380818013812 372.7925 0.6347512 -118.0262
215 378.7178559731724 9.844023662630216 -109.46437195705968 374.9322 0.6806409 -119.7055
216 380.95177616698135 9.816341855214844 -110.96534002188416 377.0444 0.7141844 -121.3733
217 382.92177737118544 9.920798230350064 -112.81676389277635 379.1489 0.732239 -123.0734
218 385.07796383853366 9.985099902328528 -114.45330413722004 381.246 0.7514499 -124.7861
219 387.3167795999565 10.030004063746844 -115.98868761738927 383.3531 0.7912642 -126.4979
220 389.4519571837704 10.004870084541684 -117.66580173681585 385.4625 0.8581189 -128.2062
221 391.5550064757615 9.946828497637014 -119.3723099978238 387.5638 0.9375737 -129.914
222 394.1929170592265 9.624188113878253 -119.84815976097106 389.6489 1.01544 -131.6273
223 396.30562117365236 9.552831677422642 -121.51642333061467 391.7168 1.088896 -133.3507
224 398.45062631040065 9.513884562060857 -123.14731214651152 393.78 1.154913 -135.0831
225 400.54885820617375 9.486628133716485 -124.8413390454687 395.8385 1.214067 -136.8244
226 402.72483906491834 9.453007422381528 -126.43440683493262 397.8934 1.272858 -138.5702
227 404.8084667392948 9.429386417811587 -128.1419349607908 399.9429 1.334967 -140.3176
228 406.91700051620296 9.403642277198191 -129.80444282004964 401.9775 1.399861 -142.0688
229 409.1789721531455 9.358255992354716 -131.2761925571777 404.0132 1.46395 -143.8398
230 411.2263743137373 9.336310623810412 -133.02258373271755 406.0396 1.53057 -145.6094
231 413.31154648568867 9.319700599997036 -134.72863738342272 408.0639 1.596786 -147.3861
232 411.55828553885493 9.751153931379905 -136.7289040796366 410.0865 1.665192 -149.1653
233 414.0707732834319 9.694220040672935 -137.67221133201178 412.0999 1.73948 -150.9391
234 416.258545703624 9.597127829785428 -139.24790629101486 414.1199 1.820766 -152.7256
235 418.10127024993074 9.66821325715274 -141.20139563060795 416.1297 1.902123 -154.5063
236 419.96419451188837 9.186374417955479 -139.33085121956296 418.1369 1.980352 -156.2858
237 421.97862148166234 9.142372464608178 -141.10333891425358 420.1401 2.051261 -158.0701
238 422.7480620292578 8.809270705005378 -138.5533461994794 422.1413 2.117805 -159.8579
239 424.8849718094175 8.747767288964472 -140.18238863560998 424.1424 2.186326 -161.6509
240 426.81931761612043 8.70308399844829 -142.0380649148072 426.1357 2.256082 -163.4423
241 428.7296084810559 8.6559611083301 -143.92211451397708 428.1288 2.325413 -165.2378
242 430.62278942684856 8.618386140592131 -145.8108813564667 430.1109 2.396912 -167.032
243 432.5659228610008 8.529017526137373 -147.65459376848597 432.0961 2.47181 -168.831
244 434.4448789039389 8.494189887023875 -149.55409308941793 434.0721 2.549279 -170.628
245 436.2921875135602 8.476631349994898 -151.48814548799598 436.0531 2.650572 -172.4221
246 438.43767284379015 8.338235546244016 -153.07425556649653 438.042 2.755615 -174.2029
247 440.5119561227551 8.204950830038772 -154.73676386122995 440.03 2.84391 -175.9705
248 442.5359267497195 8.098094375471133 -156.48934851405096 442.0339 2.921911 -177.7475
249 444.49612807448636 8.005634366290186 -158.3112324913024 444.0392 3.006852 -179.52
250 446.3824518492646 7.933343564846588 -160.2084626535676 446.046 3.098726 -181.2884
251 448.3891703326822 7.82764864841799 -161.96463989122196 448.0532 3.192574 -183.0447
252 450.30090396911004 7.734591327694575 -163.81906466804398 450.064 3.278015 -184.7916
253 452.2203785096884 7.640785357143501 -165.67895438888132 452.0924 3.358861 -186.5327
254 454.1948860060717 7.53672232385439 -167.47618057459016 454.1251 3.436998 -188.2652
255 456.14694547394765 7.404471399431538 -169.29118531865157 456.158 3.516788 -189.9924
256 458.0898776440922 7.290591292530603 -171.11371918186111 458.1873 3.593514 -191.7203
257 460.1480144251331 7.154788455247873 -172.8055285206678 460.2152 3.669483 -193.4519
258 462.18360326129135 7.007685557368835 -174.5268731406578 462.2462 3.750848 -195.183
259 464.1033066192363 6.920629043880647 -176.37496927257394 464.2791 3.835891 -196.9059
260 466.1141724307896 6.746706210738666 -178.1114334195409 466.3135 3.921999 -198.6214
261 468.04873768891935 6.6252537264377285 -179.94058824928712 468.3509 4.004216 -200.3376
262 469.81683215856134 6.55863922866745 -181.92418674847917 470.3839 4.079549 -202.0483
263 471.82987173970935 6.402923420612382 -183.67000110268248 472.4259 4.154116 -203.7656
264 473.82127590444077 6.240481813541476 -185.4363028446899 474.4683 4.23021 -205.4787
265 475.7644740483488 6.119979679843678 -187.2536624726366 476.5113 4.309712 -207.1855
266 477.5279274478753 6.0466412992292415 -189.24504749723408 478.5558 4.389454 -208.8868
267 479.4702800207001 5.931649827610873 -191.0671918121337 480.606 4.471449 -210.5886
268 481.29044827977526 5.871966413005736 -193.0077211134588 482.6545 4.555624 -212.2853
269 483.250458727035 5.731510356892981 -194.80765370476274 484.7071 4.640076 -213.9826
270 485.1726950756133 5.598500941671634 -196.6433508914718 486.7577 4.720801 -215.677
271 487.21892329669794 5.40970436461096 -198.331590203624 488.8066 4.799764 -217.3707
272 489.1310655454522 5.325742874175093 -200.18774836989346 490.8629 4.88093 -219.0659
273 490.97491207246867 5.358333005310031 -202.10740312914857 492.9166 4.960767 -220.7576
274 493.05620926874514 5.137489024893152 -203.75157143412414 494.9713 5.038016 -222.4476
275 494.91426420255783 5.080474093571217 -205.65617655960858 497.0247 5.116707 -224.1389
276 496.78771064066274 4.987002351173228 -207.53482088223865 499.0722 5.193552 -225.827
277 498.77595688867086 4.806120864615303 -209.3116411402071 501.1328 5.267707 -227.5274
278 500.7977559964358 4.648692374090814 -211.03769547915851 503.1867 5.349108 -229.2205
279 502.6974901063803 4.548382820686967 -212.90017806035308 505.239 5.43277 -230.9143
280 504.6401275013373 4.427081206535118 -214.71610637533246 507.2915 5.519275 -232.6072
281 506.61757633412736 4.297798995579054 -216.48417294712874 509.3381 5.605249 -234.2975
282 508.6227209941087 4.175007539083131 -218.2407766001435 511.3939 5.689304 -235.9969
283 510.679988506872 3.9585409973820185 -219.9158285149442 513.4454 5.773309 -237.6908
284 512.720566282406 3.783089342385187 -221.61612602719208 515.4974 5.857608 -239.3843
285 514.636931542247 3.6723136914547028 -223.45875890751873 517.5493 5.942483 -241.0762
286 516.3111985637598 3.7000123001925522 -225.5267295552535 519.6014 6.026971 -242.768
287 518.2492117848088 3.514861521086893 -227.34904923516828 521.6574 6.115358 -244.4639
288 520.2094051634537 3.336832229789201 -229.1412818479763 523.7106 6.206642 -246.1557
289 522.0344017605111 3.2272991514970304 -231.07327353780641 525.7627 6.29972 -247.8455
290 523.8979969837615 2.7413283180824104 -229.23607151137793 527.8159 6.392878 -249.5367
291 525.7017803568436 2.6324290490647866 -231.18170289898464 529.8651 6.486799 -251.2228
292 527.6731051932517 2.5400916501883497 -232.97860850289666 531.9262 6.582378 -252.9158
293 529.8505514132022 2.266802080106549 -234.4837930464473 533.9814 6.677372 -254.6036
294 531.5585963559307 2.2345211426486378 -236.52612732728775 536.0377 6.771372 -256.2925
295 533.3793518961813 2.1222678702600333 -238.46826061043535 538.0951 6.865967 -257.983
296 535.2404105259475 2.005532142586639 -240.3739246107718 540.1536 6.964906 -259.6746
297 537.0648500746329 1.8862882635746017 -242.31618085865267 542.2136 7.066817 -261.3661
298 538.8839765375699 1.7642286650056709 -244.25468237617173 544.2679 7.168745 -263.0547
299 540.622223530533 1.7245881705508406 -246.27599946306697 546.3253 7.265256 -264.7478
300 542.5381700165183 1.6137113238884548 -248.1152155528593 548.376 7.35715 -266.4366
301 544.4649265118815 1.45780164137578 -249.95910734225225 550.4365 7.450904 -268.1343
302 546.1812470318292 1.4045223686777648 -252.00440649773927 552.4956 7.551427 -269.8319
303 547.9742979307827 1.305922357325735 -253.97201989318253 554.5493 7.654529 -271.5254
304 549.9001858668677 1.1726792192332796 -255.8109650481117 556.6051 7.757167 -273.22
305 551.7079569647306 1.0762446612379737 -257.76585678386374 558.6591 7.857401 -274.9141
306 553.5173892384868 0.9767518084365953 -259.73226085804487 560.7204 7.957556 -276.6146
307 555.1817037270954 0.9537488706431689 -261.8180257607176 562.7775 8.058037 -278.3114
308 557.0875180244298 0.7980507307246664 -263.6842190239854 564.8386 8.161795 -280.0085
309 558.6759149991088 0.8228818003670297 -265.82627513563403 566.8959 8.267916 -281.7021
310 560.6054544194845 0.6508417538067215 -267.6548195236446 568.9502 8.373989 -283.3947
311 562.4230528887523 0.4633390805767378 -269.6100229689587 571.015 8.48345 -285.0936
312 564.1709480905134 0.333771005113288 -271.625291587404 573.0773 8.593947 -286.7871
313 561.6281232255055 1.132595364627557 -271.7293611360007 575.1384 8.705148 -288.4766
314 563.4068875112276 1.020231775883786 -273.7165098861621 577.2007 8.816896 -290.1677
315 565.1308701896028 0.949899365071622 -275.7390190660604 579.254 8.924907 -291.8529
316 567.1666427948121 0.7580947823679234 -277.4507440983895 581.3141 9.03162 -293.5428
317 568.9321264444491 0.7009360302731211 -279.4403585311848 583.3713 9.137328 -295.2267
318 570.7626846091136 0.5744111549097694 -281.38043178507377 585.4383 9.245509 -296.9139
319 572.686368405253 0.42304127715962414 -283.25161392938304 587.519 9.353208 -298.6121
320 574.2783137147284 0.3454997107866225 -285.3291971301249 589.5489 9.456599 -300.263
321 576.1840642947167 0.12913424023094278 -287.17048307344027 591.6108 9.561344 -301.9383
322 578.0089831080807 0.05048663732130676 -289.0974179517928 593.6716 9.666809 -303.6091
323 580.0417430513527 -0.16970464486727665 -290.7971436197406 595.737 9.775807 -305.28
324 581.910236675144 -0.3211362416806683 -292.6811402565481 597.8027 9.883665 -306.9488
325 583.7948756826903 -0.5182760250884241 -294.53917290407657 599.867 9.992222 -308.6131
326 585.5716586902169 -0.6134100446750914 -296.51471271866546 601.9345 10.09861 -310.2813
327 587.5938929591085 -0.8691846432499116 -298.22506737760136 604.0024 10.20684 -311.9523
328 589.4216545742057 -1.0027111516162281 -300.15490254124643 606.0701 10.31717 -313.6242
329 591.3860207926516 -1.3059006318041395 -301.91400983730085 608.1333 10.43016 -315.2902
330 593.185868049892 -1.419409466183624 -303.87572604950446 610.2041 10.54205 -316.9635
331 594.9354557974981 -1.540097705481451 -305.8766449765781 612.2707 10.65103 -318.6358
332 597.4418904273341 -2.3502785469358773 -305.5566850487767 614.3316 10.75646 -320.3039
333 599.2735461164343 -2.4913409260890833 -307.48608151510354 616.4014 10.85851 -321.9781
334 601.2293602332913 -2.6926487502842056 -309.2718580191266 618.4658 10.96062 -323.6462
335 603.6995490440381 -3.411217227331299 -308.5886468848821 620.535 11.06765 -325.3171
336 605.4965996176512 -3.483490520084096 -310.5545764505156 622.6067 11.17705 -326.9891
337 607.3042355062225 -3.5548368157177475 -312.50425728604955 624.6751 11.28685 -328.6575
338 609.0824734521807 -3.766495906266459 -314.4741599538335 626.7459 11.39641 -330.327
339 610.8862603230775 -3.870203185084622 -316.42432030036923 628.8138 11.50486 -331.9942
340 612.7431539040865 -4.021396868885382 -318.3320456143718 630.8887 11.61229 -333.6656
341 614.5791214351925 -4.089859866109659 -320.2541365809069 632.9587 11.72232 -335.3308
342 616.3963995220278 -4.21714520010099 -322.19812882393643 635.0324 11.83193 -336.9998
343 618.1626970456203 -4.313861628121154 -324.17087232008623 637.0951 11.9409 -338.6594
344 619.9837890635653 -4.440096057841983 -326.1038178685769 639.1659 12.04805 -340.3234
345 621.8002940182904 -4.578937773436363 -328.0420159042714 641.2374 12.15564 -341.9886
346 623.5875158496094 -4.698637741091517 -330.0006972315424 643.3047 12.26642 -343.6496
347 625.3930545576745 -4.80910657684019 -331.94578328866345 645.375 12.37656 -345.3101
348 627.2060303435211 -4.914911439530542 -333.8823585404584 647.4454 12.48249 -346.9686
349 629.0362047702552 -5.020576576338633 -335.7994925959152 649.5155 12.58629 -348.6239
350 630.7390294347573 -5.033687280241184 -337.84147845409507 651.5913 12.69235 -350.282
351 632.5209861974993 -5.1572773891775565 -339.8021257848486 653.6623 12.80042 -351.9355
352 634.2541619558821 -5.2226030617329116 -341.80979018806937 655.7358 12.91009 -353.587
353 635.9998414177388 -5.36220812293281 -343.795405680288 657.8057 13.02023 -355.2341
354 638.0902784406654 -5.532529389264964 -345.41345644040416 659.8779 13.13 -356.8806
355 639.7784590557847 -5.605889297408258 -347.4666477470079 661.9586 13.23887 -358.5328
356 641.5445507937487 -5.698792801777166 -349.44640593940693 664.0361 13.34665 -360.1819
357 643.4075733610141 -5.817789637867434 -351.3300492339985 666.112 13.45227 -361.8289
358 645.3251935603109 -5.98694884274197 -353.1563500099538 668.1904 13.55813 -363.4752
359 647.1954941983942 -6.098010820334923 -355.03953640378717 670.2712 13.66357 -365.1232
360 649.1221357279369 -6.270353967599616 -356.8570068873802 672.3505 13.76872 -366.7695
361 650.9141921953163 -6.373417883808462 -358.81793952390785 674.4325 13.87413 -368.4192
362 652.7600191412522 -6.48573804321389 -360.72057854575314 676.509 13.97893 -370.0675
363 654.5888786885986 -6.57233389318083 -362.64696902822243 678.5876 14.08324 -371.7203
364 656.464703068859 -6.724027380861319 -364.52408576881595 680.6657 14.1885 -373.3743
365 658.2510815236366 -6.821607621251968 -366.49126752195707 682.7432 14.29713 -375.0304
366 660.1331872810216 -6.953145719525055 -368.3619591756298 684.8198 14.40571 -376.6842
367 661.9656155050699 -7.064996803125184 -370.2796245784592 686.8945 14.51349 -378.337
368 663.8715815825274 -7.202637574031492 -372.1186597869764 688.9656 14.61921 -379.9902
369 665.5925423173707 -7.265394715919062 -374.14418643769466 691.0408 14.72406 -381.6488
370 667.4220586928035 -7.3620298916133695 -376.06788371505974 693.1156 14.82707 -383.3046
371 669.1715577208589 -7.461173006264755 -378.06793687086594 695.193 14.92975 -384.9613
372 671.0403858590715 -7.574487237929282 -379.9536091014317 697.271 15.03283 -386.6143
373 672.8059457067446 -7.679099878856867 -381.9312111790102 699.3457 15.13859 -388.2646
374 674.70112110982 -7.865776775699856 -383.7892166271625 701.4274 15.24435 -389.9181
375 672.813103517159 -7.439327325721812 -385.60877946623015 703.5065 15.34668 -391.5686
376 674.649042032353 -7.575374464248985 -387.5190399181387 705.5829 15.44804 -393.2168
377 676.3716964173192 -7.683465461732236 -389.53706433390266 707.6613 15.54996 -394.8665
378 674.3729800583152 -7.25817747092169 -391.2399984323405 709.7441 15.65581 -396.5177
379 676.0334666270427 -7.296781322277458 -393.30880615364663 711.8243 15.76531 -398.1607
380 677.8298480276857 -7.445132951985472 -395.25364432940495 713.9054 15.87836 -399.8001
381 679.3786442326453 -7.486915224378654 -397.3987192318772 715.9839 15.99116 -401.4338
382 681.0559095484081 -7.525091922701724 -399.4454954895919 718.0631 16.10183 -403.0674
383 682.905938358253 -7.675173997323545 -401.3315291646945 720.1441 16.21513 -404.698
384 684.5038623788652 -7.667484145895444 -403.4459424693811 722.2296 16.32798 -406.3296
385 686.2285808036153 -7.765374062445378 -405.45395427603603 724.3156 16.44029 -407.9582
386 687.8590947823727 -7.789456212962257 -407.5435939950074 726.4057 16.54399 -409.585
387 689.6452985071846 -7.922954657120495 -409.4975345407956 728.4983 16.66273 -411.2077
388 691.3471239244423 -7.941724191329933 -411.52571690285316 730.5888 16.77343 -412.8287
389 693.0715070827584 -7.993605015689544 -413.5300606696455 732.6752 16.88104 -414.4501
390 694.8937278140656 -8.093938288378286 -415.4504251193492 734.7664 16.98171 -416.0734
391 696.6086376301432 -8.102595018504262 -417.4648865545085 736.8556 17.07951 -417.6935
392 698.8469243527601 -8.306355017162046 -418.87542809321064 738.9533 17.1754 -419.3157
393 700.6657884923958 -8.452557498948519 -420.79532783180815 741.0479 17.27242 -420.934
394 703.0541068890913 -9.220870033890673 -421.6405013324909 743.1419 17.37146 -422.5508
395 704.7893813522095 -9.315111867411465 -423.6382670775332 745.2354 17.4672 -424.1692
396 706.4762960095468 -9.35405627739204 -425.68173462359107 747.3289 17.555 -425.7917
397 708.0724222955871 -9.335805954321827 -427.79525715311837 749.4207 17.65191 -427.4134
398 709.9265924542167 -9.476731555256006 -429.68783563927127 751.5173 17.75413 -429.0362
399 711.7799312237138 -9.628908092307201 -431.57347945907134 753.6116 17.85404 -430.6541
400 713.4034556391512 -9.654821201129659 -433.6689577251648 755.7109 17.94006 -432.2706
401 715.135616539287 -9.73969594080915 -435.6699077032265 757.8089 18.02205 -433.884
402 716.824461642823 -9.770130665585341 -437.7112015762124 759.9091 18.09594 -435.4976
403 718.5699001523486 -9.851482022973228 -439.71334042147674 762.0181 18.17308 -437.1125
404 720.2121085428505 -9.837823118852864 -441.7963810659443 764.1249 18.25478 -438.7221
405 722.1353797166653 -9.99125812185239 -443.6182486663553 766.2346 18.33932 -440.3295
406 723.8247518343396 -10.0528098235314 -445.6651557614979 768.3468 18.42281 -441.9355
407 725.2888497034608 -9.949011754767238 -447.87259309276135 770.4571 18.50284 -443.5378
408 727.0482386689913 -10.019939311507436 -449.8604591652532 772.573 18.58489 -445.1404
409 728.6990780778591 -10.043925017057997 -451.9399834170133 774.6901 18.66585 -446.7409
410 730.3461604099549 -10.060743652258767 -454.0184514584341 776.805 18.74823 -448.3389
411 732.101618857294 -10.106904254932548 -455.9994306483618 778.9176 18.82798 -449.9322
412 733.8899085674665 -10.187630201973425 -457.96131439424624 781.0382 18.91026 -451.529
413 735.6895305387075 -10.306130473414916 -459.9029629481033 783.1553 18.99428 -453.1207
414 737.5300854814485 -10.44107123554546 -461.80161936672334 785.2706 19.07913 -454.711
415 739.2225488551899 -10.486507857699756 -463.8398121062629 787.3866 19.16217 -456.3036
416 741.0361159684217 -10.544369386099147 -465.75776497112565 789.4935 19.24372 -457.8927
417 742.7321250996357 -10.625200859699781 -467.7883541652548 791.6044 19.32538 -459.4876
418 744.553904595651 -10.736115323883991 -469.6985021046649 793.7097 19.40541 -461.0817
419 746.3248962492326 -10.842495217802904 -471.6558381140446 795.8137 19.48576 -462.6772
420 748.1446734259271 -10.96808847462785 -473.56173304649013 797.914 19.56981 -464.2714
421 749.9620154138978 -11.103367973897946 -475.4653943940611 800.0123 19.65533 -465.8635
422 751.7439043791413 -11.212830432828952 -477.4002255065172 802.1083 19.73792 -467.4543
423 753.5091854855931 -11.336205002918025 -479.34735807906077 804.2028 19.8163 -469.0448
424 755.5333572851906 -11.652380710986966 -481.00173264177056 806.2987 19.88938 -470.6373
425 757.2026815033124 -11.72333713416914 -483.03909326593634 808.3959 19.96249 -472.2307
426 758.7640265642378 -11.668325612704313 -485.1546078440307 810.4902 20.03686 -473.8196
427 760.3593727667694 -11.62955472000433 -487.25462581225094 812.591 20.11443 -475.4125
428 762.1400151969796 -11.72767030981547 -489.19139844649874 814.6888 20.19413 -477.0013
429 763.8984476148432 -11.795652600109655 -491.15518341853937 816.7915 20.27321 -478.5905
430 765.5572877730739 -11.851029804161602 -493.2011490812064 818.8949 20.3538 -480.1748
431 767.2976705952291 -11.894739822380982 -495.1813748828649 821.0023 20.43563 -481.7573
432 769.2510385235166 -11.984497015958006 -496.9586006684472 823.1164 20.51693 -483.3404
433 770.9124782948193 -12.014566520654233 -499.0086371162503 825.2301 20.59912 -484.9182
434 772.6734148037708 -12.08874594179054 -500.9738195143553 827.3472 20.68385 -486.4927
435 774.452116824778 -12.15724100225775 -502.9187734922315 829.4645 20.77068 -488.0614
436 776.2204479008815 -12.249002169615437 -504.88352585513934 831.5909 20.85797 -489.6319
437 777.8936629240789 -12.292755941276345 -506.93923568293894 833.7229 20.94602 -491.2049
438 779.6902230563506 -12.349290395978015 -508.8854143050246 835.8541 21.03407 -492.7761
439 781.4444312978206 -12.455510095131851 -510.8664646162157 837.986 21.12295 -494.3446
440 783.2825952840442 -12.558561495098232 -512.7723817255402 840.1199 21.21212 -495.9132
441 785.1036110806064 -12.598074112432881 -514.7094923529031 842.2623 21.30359 -497.4854
442 786.8888455258889 -12.662247167097144 -516.6766918162347 844.4038 21.3978 -499.0558
443 788.7587947196548 -12.730815044155998 -518.5612809245205 846.5437 21.49439 -500.6257
444 790.552521820734 -12.78417495580677 -520.5185085897609 848.6827 21.58726 -502.1964
445 788.6860389659441 -12.716059625849217 -518.6315996225078 850.8213 21.67907 -503.767
446 786.916364316205 -12.684483870573828 -516.6349492053968 852.9722 21.77339 -505.3431
447 785.1507677385567 -12.65127651806882 -514.6483437300102 855.1147 21.86598 -506.9135
448 783.2876735790722 -12.604902215909553 -512.7450466356254 857.2619 21.95643 -508.4874
449 781.4422454478139 -12.497791778323505 -510.8277930158294 859.4084 22.04762 -510.0613
450 783.2792062556256 -12.520794349040553 -512.7598720459687 861.557 22.1402 -511.637
451 781.6093356457856 -12.533098532229724 -510.67570516983596 863.7104 22.23641 -513.2137
452 779.450215914271 -12.376638791754104 -509.1240234490264 865.8589 22.33432 -514.7848
453 777.4648987355215 -12.255814784713127 -507.347726438196 868.0116 22.43636 -516.3554
454 775.5691384380366 -12.122029968532557 -505.48865913499276 870.1571 22.53588 -517.9222
455 773.784058294311 -12.03947813822424 -503.5342928214811 872.2938 22.63292 -519.4836
456 771.8834439397904 -11.93840438699348 -501.6761758782554 874.4419 22.72987 -521.0493
457 770.0780437415934 -11.896959983592843 -499.7305128822109 876.5885 22.82659 -522.608
458 768.259327228859 -11.852260094947365 -497.800058047525 878.7368 22.92504 -524.1609
459 766.5773111520972 -11.893899049135161 -495.75788323115665 880.8822 23.02388 -525.7065
460 764.6928366726903 -11.787793450894867 -493.9013677183247 883.0323 23.12541 -527.2479
461 762.9385071772479 -11.743737042331025 -491.8943461041199 885.2001 23.22957 -528.7963
462 760.9581042552941 -11.664874326682837 -490.198216622713 887.3238 23.32974 -530.3079
463 759.0928965067866 -11.549071805604262 -488.3417681429756 889.4706 23.43087 -531.831
464 757.406595846623 -11.45057353513732 -486.3357176247068 891.6091 23.53263 -533.3456
465 755.5910094996168 -11.367523041458211 -484.43542455926547 893.755 23.63418 -534.8619
466 757.2150335484175 -11.390676016352963 -486.49112899073674 895.8952 23.73415 -536.3697
467 755.3714346379711 -11.330121357271247 -484.6348752391542 898.0347 23.83529 -537.8732
468 753.4085981111667 -11.226946690094799 -482.9090003001173 900.1742 23.94138 -539.3743
469 751.8930945188463 -11.222015674971969 -480.7892918013718 902.3079 24.04861 -540.8662
470 750.1545466178707 -11.193317198108222 -478.8280993526206 904.4565 24.15887 -542.3632
471 748.4234661513386 -11.078678256350985 -476.8882684756047 906.591 24.26707 -543.8481
472 746.5845109845845 -10.976141309501562 -475.04855979396535 908.7272 24.37286 -545.3321
473 748.429294097229 -11.05569781555155 -476.8808911542949 910.8623 24.47974 -546.8143
474 750.105575309563 -11.095860697242541 -478.8581409352306 912.9899 24.58493 -548.2919
475 751.9308199816029 -11.154039129913135 -480.70708900244665 915.123 24.68802 -549.7727
476 753.6811464493366 -11.192191659435073 -482.63702900196523 917.2617 24.78905 -551.2578
477 755.466962604837 -11.208182756928318 -484.52583014267714 919.4006 24.89471 -552.7312
478 757.1946483705138 -11.282032862314285 -486.47123817838894 921.5445 25.01399 -554.2024
479 758.9968254267391 -11.354214099932802 -488.32419831693795 923.6762 25.1219 -555.6621
480 757.0746902906561 -11.231998250903587 -486.5982305775866 925.8066 25.21008 -557.1257
481 758.6849048968095 -11.163409780592358 -488.63357467190355 927.945 25.3008 -558.5951
482 760.3827814808492 -11.171756190405263 -490.6019645558729 930.0863 25.41005 -560.0649
483 762.1774730180731 -11.245725885180665 -492.4806196334408 932.2263 25.52985 -561.5352
484 764.0115386757374 -11.642500672779965 -490.70468558900063 934.3539 25.65168 -562.9959
485 765.686812086156 -11.683611015967996 -492.6904065311592 936.4928 25.77269 -564.4662
486 767.5352870843127 -11.83250899148819 -494.5081576832634 938.6325 25.89232 -565.9327
487 765.6717029883546 -11.641839118441846 -492.7119265954286 940.7719 26.01411 -567.3969
488 767.5147281835286 -12.03315171551777 -490.9228246246837 942.9158 26.13759 -568.8595
489 769.2421083900174 -12.10672868341247 -492.8597114418277 945.0575 26.26007 -570.322
490 767.2445780588604 -11.591852502676046 -494.445507962513 947.2049 26.38159 -571.7862
491 769.0367127397524 -11.627157973351906 -496.33059933612986 949.3532 26.50083 -573.2481
492 767.2055224587577 -11.236389188726411 -498.14389439578036 951.5077 26.62079 -574.7102
493 765.3777716436489 -10.846353919409326 -499.95378979791207 953.6604 26.74228 -576.1661
494 765.626058927389 -11.27550395926267 -497.39972530653233 955.8153 26.86169 -577.6191
495 767.4493051696688 -11.666062746825876 -495.57085437793467 957.9804 26.98219 -579.0749
496 769.2713031447472 -12.05317238796758 -493.7532317751523 960.1378 27.09965 -580.5258
497 771.1954860468395 -12.195359677262376 -495.50920487792433 962.3019 27.22009 -581.9778
498 773.2118753263264 -12.37846509230279 -497.14779913357563 964.464 27.3483 -583.4246
499 775.09358381563 -12.50023209691172 -498.9602555652646 966.6368 27.48447 -584.8741
500 776.8895098203237 -12.585756807856237 -500.8431392323782 968.8004 27.62785 -586.315
501 778.7180085471069 -12.738351297604842 -502.69068028292355 970.9633 27.76619 -587.7582
502 780.5666698247268 -12.867651654058166 -504.52042750135286 973.1252 27.89962 -589.2041
503 782.2535877187549 -12.892766049982741 -506.5040257355789 975.2876 28.02995 -590.6491
504 784.0545453815749 -12.920261506331963 -508.3901536051069 977.4553 28.16051 -592.0933
505 785.9379576355623 -13.079878642057846 -510.18570765829304 979.6246 28.29193 -593.5333
506 787.5356878594412 -13.091776043572443 -512.2485378390013 981.7949 28.42396 -594.9757
507 789.3075281281812 -13.174968629222757 -514.1603287093279 983.9617 28.55465 -596.4211
508 791.0900848827275 -13.255807578483537 -516.0618975847578 986.1268 28.68428 -597.8687
509 792.8832756403192 -13.298431622906914 -517.9569465499893 988.2929 28.81455 -599.3177
510 794.7054538419083 -13.416962687182817 -519.823805902205 990.4617 28.9454 -600.7664
511 796.5942758393239 -13.52165421851375 -521.6214814058059 992.6304 29.07443 -602.2122
512 798.4288498596811 -13.902140070729036 -519.8067986763753 994.799 29.20365 -603.6558
513 800.213244235714 -13.973784712287982 -521.7039078983809 996.9663 29.33236 -605.0961
514 802.034833041233 -14.079121967766298 -523.5684845765348 999.1375 29.45851 -606.5369
515 803.8618846162922 -14.46122995309447 -521.7553047516906 1001.304 29.58125 -607.9732
516 805.6885364138769 -14.84325432930814 -519.942521669036 1003.471 29.70297 -609.4078
517 807.5744782730741 -14.881150723664064 -521.7311013073587 1005.637 29.82681 -610.8397
518 809.6243183961395 -14.995648657038362 -523.3283115880432 1007.806 29.95555 -612.2697
519 811.4313975334118 -15.050629068022262 -525.1930690093029 1009.973 30.08734 -613.6954
520 813.2088318992468 -15.131346898321215 -527.0797667508399 1012.137 30.21781 -615.1186
521 815.1420399853432 -15.285749942053082 -528.7943860421224 1014.298 30.3449 -616.5381
522 816.9744461134743 -15.3511549970678 -530.6216883866911 1016.458 30.47099 -617.9592
523 818.8062305538447 -15.428352385287171 -532.4474985811441 1018.616 30.59832 -619.3811
524 820.4792381812694 -15.44134782925344 -534.4183051142963 1020.773 30.72311 -620.8006
525 819.7716240469523 -15.094508452406696 -536.8742697767423 1022.925 30.84525 -622.2172
526 821.5834462854298 -15.164353364005489 -538.7030960227489 1025.074 30.96719 -623.6311
527 823.387323817936 -15.229550911885308 -540.5328442223298 1027.219 31.08777 -625.042
528 825.0250846381496 -15.218528028647317 -542.5168701122361 1029.367 31.20927 -626.4527
529 826.8183108971568 -15.253268192807992 -544.3555100769656 1031.514 31.3327 -627.8572
530 828.8258012100783 -15.404299140197622 -545.9387786221141 1033.658 31.45684 -629.2527
531 831.2165527777804 -15.721526522829445 -546.7953681164107 1035.804 31.58219 -630.6416
532 833.2989330229777 -15.929160645757088 -548.2509710463019 1037.942 31.70698 -632.0242
533 835.1247457484521 -16.023447157260637 -550.0398731754705 1040.088 31.82813 -633.4108
534 837.421112839972 -16.610514843488946 -549.0832588096619 1042.231 31.94674 -634.7988
535 839.0980600827764 -16.65460619312792 -551.0080807910767 1044.372 32.06456 -636.1849
536 840.9881855357145 -16.867073554172247 -552.7101095673158 1046.514 32.18651 -637.5675
537 842.9100308722212 -16.97227460337545 -554.3833696821497 1048.656 32.31052 -638.9462
538 844.7745713515578 -17.327888953005807 -552.6888213654138 1050.796 32.43167 -640.3174
539 846.8265501011724 -17.784217840749406 -551.2530063634582 1052.94 32.54722 -641.685
540 848.5204071623799 -17.847604383191143 -553.1513003777076 1055.084 32.65961 -643.0515
541 849.9685385440882 -17.76554629707224 -555.2400576910914 1057.226 32.77429 -644.4173
542 851.2633401183481 -17.631339075779387 -557.4315653131285 1059.374 32.89861 -645.784
543 853.2611110835428 -17.75862022732214 -559.0084177365301 1061.525 33.0293 -647.1441
544 855.146538877886 -17.768478580675712 -560.7105540083035 1063.674 33.16135 -648.4919
545 856.6998459089657 -17.799781415606834 -562.7163478006269 1065.821 33.29059 -649.8375
546 858.507374340996 -17.999088197277334 -564.4846873173154 1067.966 33.4162 -651.1855
547 860.3474337820204 -18.080990558486036 -566.2305540130359 1070.112 33.53835 -652.5347
548 862.1419168402088 -18.169957996699 -568.022091372181 1072.257 33.65737 -653.8847
549 864.0471530109681 -18.31956459050131 -569.6900900673606 1074.401 33.77429 -655.2353
550 865.7116214550133 -18.29296550707179 -571.6092272922455 1076.547 33.89027 -656.5901
551 867.5617850411406 -18.373114431529885 -573.3379945667436 1078.687 34.0047 -657.9412
552 869.3951706204728 -18.439432901505736 -575.1022524465438 1080.84 34.12492 -659.2934
553 871.1353359314412 -18.81205889882672 -573.2955059322195 1082.986 34.24794 -660.6391
554 872.8452817603215 -18.840218570945293 -575.1608268986112 1085.128 34.36709 -661.9814
555 874.518661411933 -18.875645577838455 -577.0618907809821 1087.27 34.48078 -663.3284
556 876.2902637903514 -18.92142723793881 -578.8677409422028 1089.413 34.5871 -664.6693
557 878.1654713166064 -18.957215840913676 -580.5841498145214 1091.568 34.69434 -666.014
558 879.7011790421514 -18.816564398841052 -582.5928027715164 1093.718 34.80575 -667.3474
559 881.8719451822747 -19.047065124009514 -583.8901959438009 1095.878 34.92102 -668.6777
560 883.8723927235424 -19.167959243572593 -585.4574424134065 1098.041 35.04702 -670.0112
561 882.1597538906454 -18.825983900752394 -587.2946581724987 1100.195 35.17977 -671.3409
562 884.1581932752555 -18.90038744037432 -588.8607460826211 1102.354 35.311 -672.6726
563 885.8827226469384 -18.926338599523593 -590.7118653672545 1104.507 35.43368 -673.9958
564 887.7689527135087 -18.997112069668027 -592.4048261297912 1106.668 35.54872 -675.3171
565 889.7009690310251 -19.05079343547548 -594.0453047924734 1108.829 35.66545 -676.6374
566 891.6125662928112 -19.091966654425203 -595.7143235379864 1110.993 35.78536 -677.9581
567 893.5636182714687 -19.152870313957784 -597.3308515892222 1113.157 35.90472 -679.272
568 895.9918211599835 -19.6292704328851 -597.9009248814356 1115.326 36.02658 -680.5868
569 898.1402416537798 -19.85160515152233 -599.2288425157881 1117.494 36.14825 -681.8958
570 900.14108921285 -19.946966631198503 -600.7757018510728 1119.659 36.26861 -683.201
571 902.0430353690734 -20.012143364854943 -602.4664332681572 1121.838 36.38796 -684.5117
572 904.4256260703015 -20.25032072297065 -603.3380978214129 1124.019 36.51109 -685.8237
573 906.4225989494728 -20.218493524068524 -604.9147183461 1126.198 36.63445 -687.1319
574 908.3737981379351 -20.31252293164004 -606.5497841600219 1128.381 36.75667 -688.4392
575 910.3939292355491 -20.387763915853203 -608.0967062376803 1130.564 36.87463 -689.7431
576 912.3438781711648 -20.426475714281022 -609.7398424497007 1132.753 36.99032 -691.0464
577 914.3632486804416 -20.494437046980504 -611.3018313354232 1134.946 37.10266 -692.3504
578 916.6652733206241 -20.726815491858243 -612.3903679824633 1137.143 37.21242 -693.654
579 918.5748763217132 -20.78571262800059 -614.0894294910572 1139.341 37.32204 -694.9554
580 920.4991146041017 -20.800650111777735 -615.7742231636086 1141.541 37.43261 -696.2551
581 922.3540559861156 -20.78138724992583 -617.5460723659523 1143.749 37.54673 -697.556
582 924.6699965734848 -20.976892072296867 -618.6200584684253 1145.954 37.66114 -698.8522
583 926.6034232652888 -21.03198514805434 -620.3031257952199 1148.163 37.77645 -700.1487
584 928.5782503652862 -21.09139242223233 -621.9424834135847 1150.376 37.89135 -701.445
585 930.5659428144478 -21.169620482404838 -623.5596008334858 1152.585 38.00681 -702.7408
586 932.4480039313472 -21.22780021514849 -625.3101820664917 1154.8 38.12449 -704.0408
587 934.4436124932342 -21.32189048133983 -626.9219403499918 1157.012 38.24356 -705.3377
588 936.4171737865782 -21.42090583592437 -628.56956348875 1159.229 38.36214 -706.6378
589 938.2775224643779 -21.498591171816585 -630.3465280707259 1161.448 38.48244 -707.9363
590 940.1954813031908 -21.546342653404007 -632.0585258232727 1163.663 38.60075 -709.2369
591 942.2359923284879 -21.667321422552487 -633.6304150792499 1165.886 38.71705 -710.5384
592 944.1061661446574 -21.637416633125333 -635.4094875888692 1168.11 38.83461 -711.8436
593 946.1686990413855 -21.732201179382216 -636.9648301359005 1170.337 38.95544 -713.1505
594 948.1637077926003 -21.780076308881114 -638.606564063841 1172.562 39.07728 -714.459
595 950.1854624711219 -21.87074692854321 -640.2173664411073 1174.79 39.19328 -715.7678
596 952.2069351433489 -21.928458579632558 -641.9461540327936 1177.083 39.30786 -717.1122
597 954.1656949030024 -21.952662329957487 -643.5602549526037 1179.271 39.41873 -718.394
598 956.1036089865045 -21.975164865123972 -645.3015941461488 1181.516 39.54154 -719.7105
599 958.0325487379072 -22.076735627976102 -647.0431287982565 1183.758 39.67071 -721.0223
600 960.060180299013 -22.11432368131037 -648.7089016211689 1186.021 39.80234 -722.3448
601 962.0598060970306 -22.20245385038137 -650.3837506863692 1188.272 39.93274 -723.6591
602 964.0635673434085 -22.270694023178294 -652.0564050124121 1190.524 40.06015 -724.9743
603 966.04572074445 -22.344860573844123 -653.7689289618806 1192.784 40.18605 -726.2948
604 968.0817400046329 -22.427214947539 -655.4339869606895 1195.054 40.30956 -727.6201
605 970.1337690415975 -22.48822181593927 -657.0609229659037 1197.315 40.43252 -728.937
606 972.1879298325828 -22.602291784293158 -658.6982995527335 1199.585 40.55332 -730.2584
607 974.2671239863924 -22.689444702478855 -660.3239131617179 1201.867 40.67201 -731.5819
608 976.2840507883938 -22.69755187781438 -662.0130201325984 1204.142 40.79001 -732.8978
609 978.4328451021167 -22.766018152883035 -663.5282293775838 1206.417 40.90637 -734.2126
610 980.4715432344781 -22.816140217166087 -665.2178353386821 1208.709 41.02557 -735.534
611 982.5743322137589 -22.859742663492536 -666.8078801949327 1210.993 41.14443 -736.8459
612 984.6200210057709 -22.91347389424026 -668.4799128761858 1213.283 41.26512 -738.1592
613 986.8073291328021 -23.027178590614906 -669.9687563440648 1215.578 41.3833 -739.4756
614 988.8339407550677 -23.100715046388274 -671.6722616792695 1217.874 41.50237 -740.7904
615 990.8637889232115 -23.092383062815635 -673.3772387302685 1220.173 41.61726 -742.1052
616 992.9187376949147 -23.151074452622133 -675.0551938455616 1222.478 41.72981 -743.4152
617 994.9627153070975 -23.1939491574438 -676.7498560524577 1224.787 41.83738 -744.7223
618 996.9493206857295 -23.193457063359915 -678.5172970392616 1227.101 41.9435 -746.0279
619 999.1527120461269 -23.312946091387186 -679.9977877542633 1229.416 42.04989 -747.3281
620 1001.1854304469475 -23.365090023186887 -681.7284716363578 1231.744 42.15831 -748.6314
621 1003.2299793097577 -23.408274756436718 -683.4442902060197 1234.074 42.26955 -749.9294
622 1005.2356550206476 -23.442784609195495 -685.2062906104771 1236.405 42.3792 -751.2267
623 1007.267978888179 -23.471663184224216 -686.9327374337145 1238.735 42.48429 -752.5197
624 1009.3983637497935 -23.510225916488075 -688.5694180932156 1241.082 42.5865 -753.8235
625 1011.454994716654 -23.55424202616385 -690.2841498181041 1243.423 42.68651 -755.1203
626 1013.3565785301994 -23.52107384167017 -692.1798591323449 1245.771 42.78686 -756.4194
627 1015.5742316559958 -23.625600580585225 -693.695838303342 1248.123 42.88754 -757.7175
628 1017.7286261310294 -23.739870999942173 -695.3028084074837 1250.478 42.99082 -759.0137
629 1019.9596757503698 -23.84408506501514 -696.8168470525588 1252.841 43.09761 -760.312
630 1022.0678178070585 -23.862743312407332 -698.5090992213343 1255.209 43.2069 -761.6116
631 1024.2098605209262 -23.93043636701855 -700.15996127954 1257.579 43.32063 -762.911
632 1026.3538388924178 -23.996647697207695 -701.8071362141573 1259.949 43.4359 -764.2087
633 1028.432436559883 -24.005074970387216 -703.5320650950896 1262.318 43.54782 -765.5015
634 1030.609626806375 -24.07078930198046 -705.1819477661007 1264.716 43.65179 -766.8074
635 1032.9332233581295 -24.247139564165533 -706.5396470288622 1267.084 43.73951 -768.0952
636 1034.876116105779 -24.26492173944423 -708.4430188333905 1269.473 43.81598 -769.3932
637 1037.062516173921 -24.304155232734924 -710.0706122946186 1271.868 43.89318 -770.6928
638 1039.1939165586598 -24.34946624057508 -711.762704790496 1274.261 43.97657 -771.9869
639 1041.3293744616185 -24.380331857562098 -713.4774836454158 1276.67 44.06634 -773.287
640 1043.460661288284 -24.382572851133446 -715.187075626103 1279.074 44.15904 -774.5821
641 1045.5883701570904 -24.411108684597533 -716.9002448606539 1281.478 44.25252 -775.8763
642 1047.703160058361 -24.434049064591274 -718.633845042515 1283.885 44.34661 -777.1708
643 1049.9125018488296 -24.444756280010246 -720.2393489691458 1286.29 44.43881 -778.4617
644 1052.200131643654 -24.490898752191097 -721.7311049567633 1288.696 44.52846 -779.7516
645 1054.3294900768208 -24.48732458440854 -723.442415454869 1291.103 44.61411 -781.0407
646 1056.4961965562784 -24.498113713806 -725.1047313805168 1293.51 44.6961 -782.3282
647 1058.6993854002887 -24.493410392190185 -726.720507878209 1295.919 44.77631 -783.6147
648 1060.9952810167483 -24.61746526651228 -728.1962387882934 1298.329 44.85866 -784.899
649 1063.1439279641081 -24.634753274964186 -729.8873242004668 1300.742 44.94119 -786.1825
650 1065.3012165010302 -24.671091434089963 -731.5640567816366 1303.154 45.0228 -787.464
651 1067.5382045258405 -24.708497843557605 -733.1223310698756 1305.561 45.1037 -788.7421
652 1069.7468786108261 -24.760681306438318 -734.7145711087561 1307.966 45.18137 -790.0173
653 1071.9624967744578 -24.78399848986869 -736.3135825766458 1310.38 45.25492 -791.2954
654 1074.1660045896822 -24.836951621990263 -737.9266441018655 1312.794 45.32493 -792.5713
655 1076.3463884421337 -24.85308475997922 -739.5688151941171 1315.208 45.39321 -793.8437
656 1078.6361386168435 -24.939338852314787 -741.0562295772233 1317.624 45.46362 -795.1168
657 1080.8390364747331 -24.938918204701796 -742.655792107061 1320.032 45.53831 -796.3846
658 1082.8894574064984 -24.87989949368146 -744.4553451861138 1322.449 45.62651 -797.6481
659 1085.0639366323587 -24.908085022244762 -746.1012198182718 1324.867 45.70716 -798.907
660 1087.258092433503 -24.946267633269393 -747.7292118640205 1327.287 45.80071 -800.1723
661 1089.3538901737468 -24.92728723183666 -749.477279591899 1329.709 45.86664 -801.4285
662 1091.7098896097743 -25.007481980593425 -750.8415332808473 1332.123 45.92005 -802.6887
663 1093.9223214796664 -25.040778023224288 -752.4380696899314 1334.542 45.96958 -803.95
664 1096.191616170451 -25.086759697482325 -753.9532606709333 1336.962 46.01545 -805.2106
665 1098.3325356332862 -25.064019491309633 -755.6409701438808 1339.38 46.06417 -806.4689
666 1100.5903397042587 -25.092771404505665 -757.1637797101062 1341.797 46.11465 -807.7231
667 1102.8580754924108 -25.171479455372282 -758.6642403831872 1344.212 46.16921 -808.9741
668 1105.0769983573534 -25.182943323602903 -760.2581495114499 1346.638 46.21961 -810.2296
669 1107.2360622732879 -25.18733401864876 -761.9212226358514 1349.058 46.27189 -811.4819
670 1109.505283372816 -25.258840735978406 -763.428462770811 1351.478 46.32033 -812.7339
671 1111.7198253537479 -25.275652399670832 -765.0222416943301 1353.902 46.36595 -813.9856
672 1113.8694918068668 -25.26906995148986 -766.6890146840651 1356.319 46.41171 -815.2327
673 1116.1388057748152 -25.305350122723773 -768.197298820609 1358.741 46.45846 -816.4808
674 1118.4142824128721 -25.34366734382579 -769.6803365856789 1361.156 46.50728 -817.7234
675 1120.6300451539187 -25.376408383515372 -771.2423663967294 1363.568 46.55681 -818.9605
676 1122.925497464106 -25.40014045285937 -772.6827631897834 1365.979 46.60484 -820.1971
677 1125.0342937607693 -25.37297425956748 -774.3800676437987 1368.388 46.65299 -821.4312
678 1127.1956889948956 -25.37837575124395 -776.0087033835159 1370.797 46.70062 -822.6635
679 1129.4131879788808 -25.395182367693792 -777.5579818624433 1373.206 46.74966 -823.8932
680 1131.628092319376 -25.41520501790256 -779.1034733130944 1375.612 46.79807 -825.1194
681 1134.0793441358126 -25.565023130145523 -780.2153740396703 1378.014 46.84358 -826.3424
682 1136.2887088413463 -25.60223902296776 -781.7709054678852 1380.423 46.88691 -827.566
683 1138.4964187976184 -25.62470537053503 -783.3222496789175 1382.83 46.92624 -828.785
684 1140.663371437463 -25.573421685175564 -784.934376781967 1385.241 46.96243 -830.0028
685 1142.936695316044 -25.630546006785842 -786.3797933237823 1387.647 46.99431 -831.2155
686 1145.2177126048373 -25.686436301684694 -787.8212365998298 1390.058 47.02338 -832.428
687 1147.3930984464423 -25.65056511677077 -789.4237048457358 1392.473 47.05185 -833.6398
688 1149.700957685353 -25.738397723836194 -790.8137540803352 1394.883 47.07894 -834.847
689 1152.1252171964056 -25.85712190850034 -791.9949208609154 1397.297 47.10779 -836.0545
690 1154.3158828455596 -25.88050398536607 -793.5707679879231 1399.712 47.13563 -837.2586
691 1156.4370129693427 -25.84553810945863 -795.222821270327 1402.118 47.16495 -838.4586
692 1158.5821054346168 -25.85613942066697 -796.8550870238503 1404.531 47.1942 -839.6596
693 1160.7460234328746 -25.86657351793333 -798.4528092595755 1406.94 47.22089 -840.856
694 1162.8999273385325 -25.83011480521483 -800.0549556721916 1409.345 47.24749 -842.0488
695 1165.0139281514398 -25.80490015701579 -801.7034714491995 1411.748 47.27064 -843.2372
696 1167.1651319622972 -25.819662969172743 -803.289968948734 1414.145 47.29259 -844.4199
697 1169.2963271538833 -25.810888120003224 -804.9077174297356 1416.545 47.31261 -845.6026
698 1171.415468234629 -25.771897267002828 -806.5339316590664 1418.942 47.32869 -846.782
699 1173.626756520343 -25.74530672096951 -808.028961393194 1421.338 47.34203 -847.9587
700 1175.8718348525165 -25.77217428721168 -809.4779811636557 1423.739 47.3582 -849.1316
701 1178.1114381749135 -25.756579455783783 -810.9301003501005 1426.137 47.37431 -850.3038
702 1180.3142866823387 -25.793900981539135 -812.4431837796078 1428.54 47.39107 -851.4737
703 1182.4563491092704 -25.79306468057581 -814.0349723254355 1430.939 47.40614 -852.6428
704 1184.7184269100244 -25.786222722352406 -815.449239723576 1433.338 47.41639 -853.8098
705 1186.9215817756935 -25.799575644184806 -816.9487584956349 1435.735 47.42141 -854.9747
706 1189.0878049615667 -25.786202776301053 -818.5037071660066 1438.134 47.42352 -856.1389
707 1191.2434842235366 -25.770435001088792 -820.0785143130496 1440.537 47.42646 -857.302
708 1193.4161292459885 -25.750590850102324 -821.6213324339523 1442.936 47.43237 -858.4621
709 1195.6693516816927 -25.78413111575323 -823.0314931750804 1445.33 47.43887 -859.6177
710 1197.6970674219156 -25.727840098590068 -824.7440724833576 1447.721 47.4462 -860.7713
711 1199.9202703117558 -25.753859892564478 -826.1994907886319 1450.116 47.45202 -861.9226
712 1202.0350528508463 -25.718486560107333 -827.802867031224 1452.509 47.45636 -863.0706
713 1204.1830607096172 -25.659437935929706 -829.3519102318935 1454.899 47.45953 -864.2129
714 1206.3936124313025 -25.66355015685514 -830.808849378836 1457.288 47.46458 -865.3539
715 1208.553617544513 -25.625657266688382 -832.3281539686664 1459.672 47.46995 -866.4905
716 1210.7030279055887 -25.599288317600717 -833.8658273664412 1462.058 47.47405 -867.6272
717 1212.880887263543 -25.58211329840413 -835.3394206495716 1464.432 47.47977 -868.7581
718 1215.0064842458694 -25.546164724136908 -836.8868284875808 1466.807 47.47599 -869.8865
719 1217.1940222025505 -25.57306999510918 -838.3447265959796 1469.182 47.46689 -871.0138
720 1219.298042480272 -25.54142904135808 -839.9057053021069 1471.55 47.46029 -872.135
721 1221.3319472657067 -25.482093100182816 -841.5598695180996 1473.92 47.45073 -873.2573
722 1223.5036408025985 -25.47113605335327 -843.0135570997161 1476.283 47.43923 -874.3734
723 1225.704583342777 -25.493947459566726 -844.4122145735031 1478.642 47.42685 -875.4851
724 1227.9274719531704 -25.498493123980627 -845.7730818628144 1481.001 47.42477 -876.5934
725 1229.9223112810535 -25.48061164762738 -847.4292491977278 1483.348 47.42592 -877.6953
726 1232.0951986335447 -25.513620566796316 -848.8446361556793 1485.696 47.43611 -878.7965
727 1234.160141568172 -25.512612328487094 -850.4101930007308 1488.042 47.44804 -879.897
728 1236.3773526204939 -25.570158553332135 -851.7344865503521 1490.381 47.45675 -880.9934
729 1238.4823404844542 -25.570208944285685 -853.215805258173 1492.712 47.46804 -882.085
730 1240.5122805485673 -25.56299183915641 -854.7943321562338 1495.041 47.47876 -883.175
731 1242.5626954103948 -25.52519208183139 -856.3325290341543 1497.363 47.49161 -884.2612
732 1244.543047725669 -25.453615840863126 -857.9596655197374 1499.686 47.51405 -885.3464
733 1246.6197937266923 -25.43035046992904 -859.439769209433 1501.996 47.5321 -886.427
734 1248.7201096994947 -25.40974281209361 -860.8694065370195 1504.298 47.54396 -887.5023
735 1250.7919472334677 -25.410746556399356 -862.3538644297593 1506.608 47.55386 -888.5793
736 1252.8798105541903 -25.428558250918005 -863.8048000117614 1508.913 47.56552 -889.6524
737 1254.9399136775307 -25.430833300143586 -865.2900499396367 1511.216 47.58029 -890.7229
738 1257.044421990108 -25.461638214805674 -866.6921870933867 1513.51 47.59751 -891.7874
739 1259.0700020374995 -25.441158507423992 -868.1993064569723 1515.801 47.61124 -892.8485
740 1261.1416692240605 -25.460445052015654 -869.6487697610352 1518.096 47.62399 -893.9096
741 1263.1346910865193 -25.416517119416795 -871.1967747164853 1520.388 47.63313 -894.9665
742 1265.0155960280117 -25.326563681394546 -872.8692520254367 1522.676 47.64596 -896.0191
743 1267.3384066423375 -25.537860786360508 -873.8110743565635 1524.961 47.66736 -897.0705
744 1269.071952169308 -25.418365886676458 -875.6218897018902 1527.242 47.68706 -898.117
745 1271.1296286554086 -25.406658441265463 -877.0577767017511 1529.523 47.70517 -899.1623
746 1273.039853463634 -25.361986928062645 -878.6676238680527 1531.795 47.7202 -900.2017
747 1275.1033111008496 -25.350736439494494 -880.0756004296558 1534.067 47.73131 -901.2401
748 1277.0593389865178 -25.281264656894514 -881.6220281159091 1536.337 47.73818 -902.2742
749 1279.1704381486945 -25.319553646128885 -882.9450509011854 1538.605 47.75082 -903.306
750 1281.1235376164827 -25.263391343709102 -884.4894110425746 1540.873 47.76928 -904.3349
751 1283.0573932719167 -25.21955238991867 -886.04457610535 1543.134 47.79346 -905.3584
752 1285.1159171636684 -25.216362877315962 -887.423920004817 1545.392 47.81679 -906.3787
753 1286.9880415784896 -25.14013165250258 -889.0296123493816 1547.641 47.83343 -907.3939
754 1289.071508816501 -25.15775542157399 -890.3395272515781 1549.884 47.84794 -908.4067
755 1291.3587313836517 -25.336599759646106 -891.2487391911475 1552.134 47.86034 -909.4203
756 1293.2852263918314 -25.25116477606624 -892.7682442477496 1554.374 47.87274 -910.4252
757 1295.2704174190694 -25.22821580038225 -894.2058414595892 1556.611 47.88768 -911.4271
758 1297.1635718066937 -25.16017630252058 -895.751152865536 1558.842 47.90468 -912.4266
759 1299.3110958869797 -25.24296036857736 -896.9128710645404 1561.071 47.92615 -913.4263
760 1301.3132447675134 -25.208913454948853 -898.2996836330767 1563.292 47.94997 -914.4261
761 1303.3249959968173 -25.188758485361063 -899.6628608110677 1565.507 47.97397 -915.4256
762 1305.348990279465 -25.174567772184506 -900.9972005831903 1567.716 47.99707 -916.4241
763 1307.3774040198746 -25.199872431256797 -902.3160015197791 1569.92 48.01985 -917.4222
764 1309.2658286996918 -25.137856099707186 -903.832251950835 1572.126 48.04377 -918.4232
765 1311.3555826992722 -25.168674540010084 -905.0573238334094 1574.331 48.06802 -919.4263
766 1313.2500882598865 -25.105536757994088 -906.5538205963142 1576.528 48.09301 -920.4289
767 1315.1738979426805 -25.09855860272768 -908.0106065751513 1578.723 48.11923 -921.4312
768 1317.1587966309844 -25.068663089838278 -909.3683341743326 1580.91 48.14314 -922.4315
769 1319.1298620458674 -25.05422156270886 -910.7654327066293 1583.106 48.16606 -923.4386
770 1321.0678170038796 -25.021499881377178 -912.1942650109562 1585.294 48.1891 -924.4438
771 1322.969864889458 -24.92666125301447 -913.6607041805219 1587.477 48.21155 -925.4494
772 1324.9979523317322 -24.96118353807283 -914.9453798453975 1589.656 48.23639 -926.4574
773 1326.9774588118785 -25.004043888456486 -916.288305639894 1591.825 48.2626 -927.4666
774 1328.7861590964023 -24.935341868187002 -917.8636403965962 1593.998 48.29025 -928.484
775 1330.8353166029572 -25.00102773533055 -919.0850306985828 1596.156 48.31939 -929.5025
776 1332.8391439935272 -25.049394698024315 -920.3754394456939 1598.309 48.34906 -930.5255
777 1334.7931128585037 -25.081410237079492 -921.7340220164497 1600.456 48.37802 -931.5523
778 1336.8035175972677 -25.12183075779723 -922.9934858982108 1602.594 48.40548 -932.5808
779 1338.7422921511936 -25.151315502906147 -924.3588476434105 1604.728 48.43406 -933.6148
780 1340.7285208987967 -25.18412226767425 -925.6397047335188 1606.851 48.46143 -934.6535
781 1342.6709998676283 -25.198832504700196 -926.9822615833293 1608.968 48.49195 -935.6991
782 1344.519056271296 -25.15515536905407 -928.444578597791 1611.079 48.52624 -936.747
783 1343.0963223767396 -24.787677987142736 -930.2728410349329 1613.177 48.56114 -937.7953
784 1345.07896253789 -24.85820249097713 -931.530263527436 1615.276 48.59697 -938.8488
785 1346.9621790862623 -24.827009766228855 -932.9194866356008 1617.365 48.63325 -939.9034
786 1348.8254620573634 -24.807500777801984 -934.3256822103965 1619.446 48.67009 -940.9606
787 1347.400634754034 -24.441854534177473 -936.1231895056835 1621.514 48.70767 -942.0174
788 1349.2657979879298 -24.458242821737468 -937.5115868409426 1623.582 48.74551 -943.0798
789 1351.1243570520924 -24.463298954545078 -938.8898172000042 1625.639 48.78112 -944.1387
790 1352.9434187538989 -24.448034808101397 -940.3117860081202 1627.692 48.81364 -945.1948
791 1354.7087677839697 -24.405613700317975 -941.789894860689 1629.739 48.84336 -946.2493
792 1356.5758969712624 -24.46414441147073 -943.1259595074077 1631.78 48.87178 -947.302
793 1358.3355890231164 -24.433393869266556 -944.6006159916087 1633.819 48.89792 -948.3574
794 1360.2218085598333 -24.45790261493112 -945.8911643055799 1635.848 48.92252 -949.4093
795 1361.985765205309 -24.434880458167648 -947.343284092402 1637.876 48.94713 -950.4616
796 1363.7175170134715 -24.387570119977024 -948.8214864528472 1639.898 48.97459 -951.509
797 1365.5095097601989 -24.341563763357353 -950.2002667621159 1641.905 49.00261 -952.5509
798 1367.3361218182283 -24.269459878565797 -951.5478344330178 1643.92 49.03083 -953.5981
799 1367.1704495790798 -23.794313117829624 -953.7506922847497 1645.927 49.06123 -954.6358
800 1364.944416090052 -23.480421858145796 -953.581587894144 1647.929 49.09362 -955.6718
801 1366.70929832568 -23.507510262329376 -954.9802223457159 1649.931 49.1307 -956.7025
802 1366.736408535468 -23.211188643717374 -957.2018287796659 1651.926 49.17785 -957.7232
803 1365.9912522697753 -22.9010907739357 -959.2916468268786 1653.922 49.22771 -958.7392
804 1364.2838305644348 -22.420463156847912 -960.6345888854665 1655.907 49.27404 -959.7429
805 1362.8855798748648 -22.080651570531998 -962.3252463189589 1657.888 49.31059 -960.7445
806 1364.6523270009254 -22.026225905039635 -963.6628333755247 1659.868 49.33671 -961.7407
807 1366.1909095127455 -22.030476525358587 -965.2667867468696 1661.857 49.36368 -962.7322
808 1366.4984012826012 -21.760611144764944 -967.4462596305569 1663.845 49.39845 -963.7141
809 1368.334065434209 -21.739579954018843 -968.6860143798594 1665.835 49.43882 -964.6864
810 1370.217773068164 -21.770365459568318 -969.85088541651 1667.828 49.48118 -965.652
811 1372.390436228571 -22.138452208524438 -969.9132353768449 1669.813 49.52421 -966.61
812 1373.667640880595 -22.47883516621194 -968.1518138340381 1671.797 49.56456 -967.5649
813 1375.4487364785657 -22.47149407034231 -969.4525737788783 1673.786 49.60599 -968.517
814 1373.7867726246213 -21.538119896573615 -970.5707529040739 1675.782 49.6513 -969.4644
815 1375.8414421199425 -22.13088622977212 -970.1038579457337 1677.761 49.69653 -970.3985
816 1377.6246654817483 -22.166382379222622 -971.3715781026234 1679.74 49.74 -971.3312
817 1379.4321097289314 -22.16747016775175 -972.6115325141001 1681.723 49.78185 -972.2641
818 1381.2047014993327 -22.14227420709632 -973.8955061466846 1683.703 49.82334 -973.1964
819 1383.270012000403 -22.46101386250404 -974.5439607624742 1685.682 49.86559 -974.1288
820 1384.5162204018027 -22.802888635484194 -972.7857574632279 1687.655 49.90905 -975.0597
821 1383.2731749300633 -22.46228712399332 -974.5358970435067 1689.621 49.95262 -975.9855
822 1384.825183873505 -22.325994734412966 -976.0483387329674 1691.585 49.99582 -976.9105
823 1385.9973354869744 -22.072845963221084 -977.8543672898528 1693.546 50.03776 -977.8338
824 1384.7665539878608 -21.73041686537545 -979.605011610664 1695.506 50.07832 -978.7577
825 1386.0453697806404 -21.63635642394283 -981.3440514790956 1697.46 50.12017 -979.6789
826 1387.9438825703846 -21.629006234444084 -982.3788821958274 1699.416 50.16515 -980.5994
827 1386.716090573496 -21.29456629997278 -984.1339650115963 1701.378 50.21139 -981.5203
828 1387.9317182057832 -21.625694175949345 -982.3962619718708 1703.321 50.25832 -982.4311
829 1389.7999664823435 -21.63988114682547 -983.4361760822602 1705.258 50.30572 -983.3354
830 1391.0301105090666 -21.43722529576201 -985.1875944359228 1707.206 50.35512 -984.2435
831 1392.8899202935213 -21.51480712707547 -986.2394508542122 1709.144 50.40598 -985.1451
832 1391.6034722008371 -21.184690320556452 -987.9090013223872 1711.078 50.45685 -986.0442
833 1393.404200200335 -21.211494058876173 -989.0474423129688 1713.011 50.50409 -986.939
834 1392.2044014866158 -20.878596094026182 -990.7816671220568 1714.95 50.54622 -987.8314
835 1393.3593456309684 -21.207826568420643 -989.0301416508587 1716.881 50.58931 -988.7143
836 1395.255922727494 -21.316333359119763 -989.9818743054452 1718.815 50.63886 -989.5928
837 1397.0511492670591 -21.330225312104194 -991.1132478886984 1720.748 50.69222 -990.4667
838 1398.7437332815439 -21.272770610230825 -992.3846620386685 1722.678 50.74708 -991.3366
839 1400.4459153234313 -21.26559621781649 -993.6426437634836 1724.608 50.80392 -992.2037
840 1402.2387913581308 -21.28196635490385 -994.7441472418315 1726.528 50.85882 -993.0631
841 1403.9214644799554 -21.21905657021326 -995.9970149868786 1728.444 50.91307 -993.9181
842 1405.71474422558 -21.281997396033038 -997.102103864742 1730.369 50.96953 -994.7738
843 1407.4473340851587 -21.28807309577347 -998.2374710126101 1732.261 51.02122 -995.6156
844 1409.4275294995566 -21.876515889591698 -998.0211049579691 1734.159 51.0717 -996.4578
845 1411.0400814313248 -21.78928052966139 -999.2949964008433 1736.038 51.12203 -997.293
846 1412.8563551361049 -21.835895137310512 -1000.2536317937734 1737.915 51.1702 -998.1264
847 1414.32617188173 -21.73590734514863 -1001.6600690621216 1739.776 51.21849 -998.9527
848 1415.9818805981376 -21.676232515226058 -1002.8287887107905 1741.629 51.2688 -999.7741
849 1417.6035268510527 -21.64278908951492 -1004.0310535279516 1743.475 51.32253 -1000.59
850 1419.287818272237 -21.646507257605307 -1005.1167476947181 1745.308 51.37573 -1001.398
851 1421.00829596822 -21.70033383510159 -1006.1562105954897 1747.151 51.44766 -1002.199
852 1422.68571528075 -21.714194038311927 -1007.2181951411017 1748.971 51.50814 -1002.99
853 1424.344442306467 -21.744669939808418 -1008.3017786172051 1750.784 51.55995 -1003.788
854 1425.837938661237 -21.67595436859587 -1009.5969097953339 1752.592 51.60635 -1004.589
855 1427.4863687910558 -21.65311833062159 -1010.6589012371896 1754.388 51.65386 -1005.375
856 1429.1227697341412 -21.667125939233472 -1011.7475666709984 1756.187 51.70578 -1006.165
857 1430.6759727720364 -21.65696515238571 -1012.9355583706259 1757.974 51.76265 -1006.957
858 1432.3152640557855 -21.703821069386684 -1013.9854864737197 1759.751 51.82311 -1007.751
859 1433.959994635212 -21.733639300811724 -1015.0009186429332 1761.513 51.88342 -1008.544
860 1435.5133487002981 -21.72031700803502 -1016.1291558475564 1763.261 51.95285 -1009.335
861 1437.0656726945426 -21.716394134879074 -1017.2389781702545 1764.998 52.01045 -1010.123
862 1438.8624879874574 -22.056147632099545 -1017.7316423369789 1766.72 52.07058 -1010.909
863 1440.4519459517874 -22.129021004862196 -1018.7242670979384 1768.424 52.12901 -1011.69
864 1441.965520925393 -22.11065668491375 -1019.8052243267998 1770.113 52.18615 -1012.467
865 1443.705011448451 -22.346307699821526 -1020.3721628488324 1771.786 52.24293 -1013.242
866 1445.257163513562 -22.347004167936877 -1021.346337554572 1773.447 52.30027 -1014.014
867 1446.720229361239 -22.323430490542894 -1022.4322065534367 1775.097 52.35761 -1014.785
868 1448.1982821080112 -22.298517031532178 -1023.4696062610806 1776.731 52.4143 -1015.552
869 1449.5577948929124 -22.232016320629775 -1024.6338259582335 1778.35 52.47129 -1016.316
870 1451.0298483941867 -22.2369201517523 -1025.630233799394 1779.954 52.52858 -1017.08
871 1452.4945164807195 -22.216976647912027 -1026.6036206973165 1781.539 52.58609 -1017.84
872 1453.914798326407 -22.16465180940705 -1027.605622725102 1783.104 52.64253 -1018.596
873 1455.3715314482415 -22.178195074300387 -1028.517677978541 1784.649 52.69797 -1019.347
874 1456.765223893947 -22.168075800854112 -1029.4980072297058 1786.178 52.75441 -1020.097
875 1458.1216712122841 -22.088158367450212 -1030.5000167189394 1787.688 52.81142 -1020.85
876 1459.4377313517468 -22.02840424154645 -1031.527863888199 1789.178 52.87006 -1021.604
877 1460.6448440841602 -21.991674089873 -1032.6522083948796 1790.644 52.92871 -1022.359
878 1461.9244213088768 -21.927399407798887 -1033.671627451858 1792.093 52.98756 -1023.119
879 1463.0975768919825 -21.81189742046207 -1034.7654845226168 1793.508 53.04491 -1023.881
880 1464.3955923511255 -21.736700112931647 -1035.7224402379795 1794.918 53.10413 -1024.665
881 1465.6319606485877 -21.690263659471867 -1036.742056986185 1796.305 53.16251 -1025.467
882 1466.8017875275439 -21.642957629534177 -1037.7774568233506 1797.645 53.22561 -1026.269
883 1468.0023893708646 -21.582092303164018 -1038.8049406674866 1798.986 53.2864 -1027.105
884 1469.1316780315146 -21.514063397158402 -1039.8932656535433 1800.303 53.34948 -1027.957
885 1470.3054078096786 -21.436235863219228 -1040.8773529754878 1801.573 53.4186 -1028.814
886 1471.4601979524002 -21.379850681952327 -1041.9214215255388 1802.849 53.48746 -1029.705
887 1472.4529942576255 -21.31593896344519 -1043.059170854991 1804.07 53.55687 -1030.593
888 1473.5630147262082 -21.253273833545745 -1044.134067998406 1805.302 53.62778 -1031.525
889 1474.5939370030153 -21.158851871236717 -1045.2777505789834 1806.512 53.70201 -1032.479
890 1475.5654873066512 -21.089644045588514 -1046.4131146321724 1807.659 53.78134 -1033.436
891 1476.5321805333078 -21.01284299229029 -1047.6078080347863 1808.823 53.86369 -1034.439
892 1477.4597573866681 -20.964319671310466 -1048.8347794367883 1809.965 53.94892 -1035.467
893 1478.3300589535943 -20.89726810661919 -1050.0271553392529 1811.032 54.03157 -1036.486
894 1479.2079095285749 -20.82741677205217 -1051.2824851479745 1812.12 54.11921 -1037.563
895 1479.9878079594507 -20.763531895097977 -1052.5275263666151 1813.127 54.2074 -1038.631
896 1480.7335036929987 -20.706833174386873 -1053.8713353316239 1814.163 54.29748 -1039.764
897 1481.531195269116 -20.612603963795735 -1055.1808120268206 1815.169 54.39358 -1040.921
898 1482.259011805811 -20.55002852243198 -1056.4511635335507 1816.083 54.49432 -1042.062
899 1483.0060260598063 -20.47519560707851 -1057.7869042312566 1817.025 54.5985 -1043.266
900 1483.6392633495232 -20.375173315380835 -1059.166988974515 1817.931 54.70465 -1044.484
901 1484.230842392834 -20.2900934221619 -1060.4998659876658 1818.744 54.81008 -1045.693
902 1484.905326072472 -20.22863569711844 -1061.8652362227429 1819.586 54.91601 -1046.959
903 1485.3575022864572 -20.127458829056703 -1063.244276669494 1820.326 55.02254 -1048.207
904 1485.8637085585278 -20.038939156962044 -1064.680538555735 1821.1 55.13095 -1049.517
905 1486.3766306731666 -19.94481565074222 -1066.1147429298712 1821.838 55.24358 -1050.848
906 1486.7824071961727 -19.843178113981082 -1067.504408902146 1822.465 55.35588 -1052.152
907 1487.0500370064622 -19.720226048624404 -1068.9966623886116 1823.124 55.47132 -1053.518
908 1487.508788755967 -19.622300979265077 -1070.436442178273 1823.739 55.58596 -1054.897
909 1487.7640043066124 -19.529011554287088 -1071.8731173984588 1824.255 55.70364 -1056.26
910 1488.0115620043787 -19.43294535655865 -1073.3661709407106 1824.795 55.82355 -1057.672
911 1488.2146586402716 -19.335334535959422 -1074.8034924102124 1825.228 55.9407 -1059.056
912 1488.4356085006023 -19.210636380228138 -1076.294231255073 1825.688 56.06658 -1060.491
913 1488.6479062914575 -19.100462440197774 -1077.7822638281493 1826.105 56.19032 -1061.934
914 1488.6977539855768 -18.988474709131673 -1079.239571426284 1826.418 56.31631 -1063.357
915 1488.6596183511365 -18.846130221741692 -1080.7446345513044 1826.758 56.44401 -1064.825
916 1488.73869952914 -18.732285252743733 -1082.2482067869882 1827.054 56.57325 -1066.3
917 1488.6722785457735 -18.626131389915827 -1083.7055552183783 1827.248 56.70276 -1067.744
918 1488.5513376253355 -18.512027050847337 -1085.2038010426575 1827.464 56.83518 -1069.23
919 1488.4565177832658 -18.36331159311284 -1086.7057128957904 1827.64 56.9688 -1070.726
920 1488.2534726983133 -18.24364334591778 -1088.1535206551941 1827.717 57.09951 -1072.185
921 1488.026231649621 -18.134344228536786 -1089.643164095192 1827.812 57.23215 -1073.687
922 1487.7880738655058 -18.01130340945571 -1091.0896180865814 1827.812 57.3658 -1075.152
923 1487.6235068334204 -17.823173216302084 -1092.5808270935534 1827.83 57.49929 -1076.658
924 1487.1356785272455 -17.675759408809068 -1094.0057276755783 1827.812 57.63595 -1078.165
925 1486.6184509366335 -17.535869760446868 -1095.3870755699884 1827.696 57.76981 -1079.636
926 1486.085092816279 -17.36373246025977 -1096.7916923416867 1827.601 57.90771 -1081.139
927 1485.6291057672017 -17.225166772808933 -1098.2308394585011 1827.468 58.04396 -1082.643
928 1485.1868611531916 -17.07928310023761 -1099.648335129167 1827.234 58.17193 -1084.111
929 1484.543140400967 -16.891948565892612 -1101.017299227417 1827.023 58.3023 -1085.615
930 1483.9744093775969 -16.732802556311604 -1102.3934103694003 1826.704 58.43592 -1087.072
931 1483.396615606473 -16.58922604307395 -1103.80405801091 1826.41 58.56608 -1088.569
932 1482.796515386762 -16.453752149286064 -1105.20514321007 1826.076 58.70315 -1090.056
933 1482.045272562423 -16.295381147933462 -1106.500276686168 1825.633 58.83384 -1091.489
934 1481.3799542373895 -16.134692289247933 -1107.8683978581294 1825.214 58.96963 -1092.954
935 1480.645011169144 -15.984297195870623 -1109.204579532426 1824.755 59.10201 -1094.41
936 1480.093399779707 -15.789021343553921 -1110.6064961164795 1824.183 59.2354 -1095.811
937 1479.3517628831744 -15.647755710283212 -1111.9411778555314 1823.643 59.3685 -1097.24
938 1478.4982330531295 -15.492554618955793 -1113.2004524147019 1823.06 59.49507 -1098.648
939 1477.7284882134109 -15.332844684948432 -1114.5054796755687 1822.357 59.60684 -1099.995
940 1476.8662067840773 -15.159897027418438 -1115.7571069017354 1821.684 59.72051 -1101.364
941 1475.9327937937908 -14.999790047027384 -1116.9527613222494 1820.889 59.84234 -1102.66
942 1474.9530765453167 -14.861600403364907 -1118.124665424054 1820.139 59.94356 -1103.994
943 1473.9426750478087 -14.698258135476955 -1119.2658379385123 1819.352 60.05208 -1105.305
944 1473.0808769711439 -14.526462629106202 -1120.5240613208841 1818.45 60.15961 -1106.542
945 1471.8948497656277 -14.355857156274489 -1121.4716851546998 1817.589 60.27091 -1107.799
946 1470.9207272913611 -14.211281624363513 -1122.6364913927932 1816.694 60.38345 -1109.029
947 1469.8327379224481 -14.041344594637076 -1123.707247129626 1815.685 60.49128 -1110.182
948 1468.6258271092954 -13.857865623547562 -1124.6094807669745 1814.723 60.60227 -1111.351
949 1467.3722907638405 -13.707108073537446 -1125.487198035711 1813.646 60.71216 -1112.443
950 1466.1210985580915 -13.532752634055884 -1126.3289845581712 1812.614 60.82078 -1113.551
951 1464.843551534736 -13.40794028350201 -1127.135115380535 1811.551 60.93013 -1114.626
952 1463.4854129738662 -13.263395535679729 -1127.8518372919175 1810.378 61.03586 -1115.622
953 1462.1226525537777 -13.110003914209596 -1128.5028543979163 1809.249 61.14424 -1116.631
954 1460.8089842403838 -12.94709577190763 -1129.2493285498842 1808.088 61.24884 -1117.606
955 1459.4128585592614 -12.814868312145828 -1129.9177214013537 1806.825 61.34899 -1118.505
956 1458.034068208594 -12.651060935006065 -1130.548528560556 1805.603 61.44839 -1119.412
957 1456.5797606419494 -12.510570624876957 -1131.1055396707327 1804.284 61.54684 -1120.246
958 1455.188633397045 -12.405585342011294 -1131.7372018583503 1803.008 61.64582 -1121.087
959 1453.786879891385 -12.244224220079658 -1132.3387101852252 1801.706 61.74346 -1121.892
960 1452.319619987678 -12.093881956426937 -1132.889098174495 1800.315 61.83906 -1122.623
961 1450.8057528999054 -11.940217182943014 -1133.1534787722119 1798.96 61.93421 -1123.358
962 1449.3284918792071 -11.805938317060285 -1133.607189211813 1797.579 62.0292 -1124.058
963 1447.8247690849082 -11.648428116469516 -1134.0978601343418 1796.124 62.11734 -1124.692
964 1446.3254254125834 -11.515021363898002 -1134.5075985765554 1794.701 62.20732 -1125.325
965 1444.7902979493824 -11.39485771156549 -1134.8190546549754 1793.253 62.29534 -1125.928
966 1443.1967839772856 -11.273478397138208 -1134.9980253086067 1791.742 62.38523 -1126.471
967 1441.631643426383 -11.139409928458484 -1135.16126769289 1790.258 62.47435 -1127.004
968 1440.0272540556437 -10.9839364743332 -1135.2968355896107 1788.716 62.5609 -1127.485
969 1438.4552780516979 -10.846609556205244 -1135.530200811904 1787.194 62.64482 -1127.955
970 1436.8757776462783 -10.67390448357321 -1135.7481235440046 1785.654 62.72812 -1128.395
971 1435.2516872701065 -10.531860110101704 -1135.730988956443 1784.075 62.80871 -1128.793
972 1433.6614223386566 -10.37625069813028 -1135.9861464787837 1782.506 62.89076 -1129.18
973 1432.041915916111 -10.252945444887084 -1136.0742587047016 1780.922 62.97071 -1129.541
974 1430.4013748690193 -10.11150331560386 -1136.0794704003229 1779.311 63.04728 -1129.873
975 1428.766952296301 -9.961932920569767 -1136.0228439549296 1777.702 63.12234 -1130.193
976 1427.1397338217776 -9.847759726044355 -1135.7791095775412 1776.082 63.19501 -1130.494
977 1425.4785057496972 -9.744054543523905 -1135.6743148040503 1774.439 63.26738 -1130.771
978 1423.8182342530083 -9.658029423197247 -1135.5809832185303 1772.797 63.33921 -1131.038
979 1422.1473443618465 -9.500153233452174 -1135.6869066834724 1771.135 63.41172 -1131.284
980 1420.4771819276211 -9.410880752881521 -1135.6207172612449 1769.479 63.48361 -1131.517
981 1418.781982749634 -9.3170966467992 -1135.5482281393201 1767.796 63.55799 -1131.74
982 1417.0873562313534 -9.223243636116935 -1135.5148714484449 1766.113 63.63222 -1131.949
983 1415.3918076271975 -9.1343397858929 -1135.459350065534 1764.428 63.70596 -1132.152
984 1413.7148253230387 -9.021965346714854 -1135.173559312434 1762.736 63.77872 -1132.348
985 1412.0296236919503 -8.889186771826433 -1134.977603374713 1761.046 63.85109 -1132.534
986 1410.3479022402896 -8.769961257574256 -1134.7305597350958 1759.353 63.9228 -1132.713
987 1408.6434657295633 -8.657911403936609 -1134.7480883632068 1757.655 63.99476 -1132.885
988 1406.9421228933018 -8.544269509040955 -1134.7891092947625 1755.959 64.06682 -1133.051
989 1405.241294250902 -8.433425947664215 -1134.6972392180535 1754.261 64.13795 -1133.21
990 1403.5599648236275 -8.325370941666238 -1134.43813400263 1752.565 64.20815 -1133.366
991 1401.8609341286106 -8.201367573763932 -1134.2860366816844 1750.863 64.27888 -1133.519
992 1400.171727914724 -8.060750898026557 -1134.0760316570502 1749.163 64.34811 -1133.669
993 1400.0076320395583 -8.066142318458478 -1135.7810373128586 1747.458 64.41721 -1133.818
994 1399.8437512734258 -8.07152667141481 -1137.48380792079 1745.755 64.48641 -1133.964
995 1398.1584299444366 -7.914637124518739 -1137.2301252045286 1744.051 64.55659 -1134.108
996 1396.4647097066077 -7.765987473378001 -1136.9944669800093 1742.342 64.62863 -1134.251
997 1394.7600271673998 -7.6217953112823205 -1136.8846217096957 1740.635 64.70178 -1134.391
998 1393.0516318093657 -7.503199587299418 -1136.834296224103 1738.929 64.77564 -1134.53
999 1392.8849046115965 -7.507513427589275 -1138.5422449153423 1737.22 64.8495 -1134.667
1000 1391.1803387769248 -7.391019182033884 -1138.4529291444928 1735.516 64.92197 -1134.802
1001 1389.4762309441483 -7.2622936249223455 -1138.3406977847221 1733.81 64.9947 -1134.934
1002 1387.7908300386878 -7.138401275943519 -1138.1430572113634 1732.115 65.06585 -1135.064
1003 1386.0993961146328 -7.025612675259004 -1138.121899420556 1730.426 65.13665 -1135.192
1004 1384.431298462424 -6.914074753619858 -1137.9181611415531 1728.748 65.20511 -1135.319
1005 1382.7632923378167 -6.806569848373249 -1137.761823375097 1727.075 65.27167 -1135.441
1006 1381.1019354682273 -6.69650754872481 -1137.5658455659843 1725.404 65.33481 -1135.561
1007 1379.4480575151106 -6.591981292860352 -1137.3671423248695 1723.74 65.39481 -1135.676
1008 1377.790337123622 -6.489761550542401 -1137.287337247192 1722.082 65.45266 -1135.788
1009 1376.1665503455017 -6.336846643680345 -1137.0094192771696 1720.432 65.5124 -1135.894
1010 1374.5250015744998 -6.281434624198345 -1136.8619962446455 1718.787 65.5695 -1135.995
1011 1372.9191861164263 -6.179596676005127 -1136.6047203401768 1717.161 65.62471 -1136.086
1012 1371.306375994957 -6.076226483820226 -1136.4030771804764 1715.535 65.67949 -1136.161
1013 1369.7184856444132 -5.990354078618002 -1136.1774704104657 1713.931 65.73199 -1136.225
1014 1368.1615513877505 -5.872372973144265 -1135.8695998506823 1712.341 65.78231 -1136.271
1015 1366.5827250190562 -5.805128751167609 -1135.6461593346028 1710.746 65.8327 -1136.295
1016 1365.0360828874075 -5.723494802612566 -1135.437600901657 1709.184 65.88013 -1136.308
1017 1363.4907598675984 -5.622730339825665 -1135.1681335760186 1707.613 65.92724 -1136.285
1018 1361.9834272742191 -5.53059846674963 -1134.887689833888 1706.078 65.97128 -1136.253
1019 1360.5063382834037 -5.438026820636071 -1134.5652441114055 1704.565 66.0123 -1136.194
1020 1359.007128831456 -5.3434488004920695 -1134.2340001569 1703.031 66.04779 -1136.085
1021 1357.5806370394691 -5.266292647785714 -1133.817473264138 1701.548 66.08116 -1135.967
1022 1356.1602225598128 -5.183537624206107 -1133.4341954607696 1700.082 66.11041 -1135.821
1023 1354.7179678997938 -5.072065748310511 -1132.998953363842 1698.586 66.13649 -1135.613
1024 1353.315553052416 -5.003348328057016 -1132.6498488700183 1697.155 66.16215 -1135.401
1025 1351.906915148927 -4.906086526579848 -1132.0980601575316 1695.669 66.18653 -1135.102
1026 1350.54341961501 -4.834940372122871 -1131.5762418331174 1694.241 66.21043 -1134.791
1027 1349.2134494917746 -4.771729898149826 -1131.0232152843143 1692.835 66.21801 -1134.472
1028 1347.8627989251163 -4.729286458690117 -1130.3294016887912 1691.371 66.2073 -1134.067
1029 1346.5913629575884 -4.665895777211986 -1129.665490599805 1689.991 66.19591 -1133.671
1030 1345.3258362945744 -4.624273802318246 -1128.982158002232 1688.621 66.17116 -1133.232
1031 1343.999463319573 -4.558727476142149 -1128.2368518594885 1687.197 66.14385 -1132.693
1032 1342.761881222696 -4.4917940685255155 -1127.5300463515625 1685.87 66.09641 -1132.171
1033 1341.5374517213838 -4.427041652890799 -1126.6146897821943 1684.476 66.06232 -1131.541
1034 1340.3917291678247 -4.383680840902546 -1125.7883501039446 1683.2 66.01776 -1130.935
1035 1339.322051287107 -4.343663453604078 -1124.8860116209923 1681.961 65.98452 -1130.284
1036 1338.1457933547804 -4.2875297788672935 -1123.9186132856105 1680.643 65.94241 -1129.52
1037 1337.078320954196 -4.268955403314973 -1123.0130660502534 1679.457 65.90758 -1128.777
1038 1336.054092740936 -4.211508231874962 -1122.0729832057361 1678.306 65.87101 -1127.996
1039 1335.0214003496883 -4.179635162138957 -1120.959797432343 1677.079 65.82757 -1127.102
1040 1334.0693047107509 -4.146788504524488 -1119.9473401623807 1675.989 65.78896 -1126.24
1041 1333.153949292536 -4.129321816088299 -1118.737804778343 1674.826 65.74585 -1125.267
1042 1332.2228183448426 -4.112357188410364 -1117.7158895917664 1673.811 65.70668 -1124.329
1043 1331.44518603805 -4.106761598873781 -1116.5729883732834 1672.831 65.6632 -1123.355
1044 1330.6793762232896 -4.071228130408414 -1115.279436400947 1671.787 65.61313 -1122.274
1045 1329.909422239241 -4.045646224691927 -1114.1302316474555 1670.884 65.56276 -1121.227
1046 1329.2350063455458 -4.01144727607157 -1112.9274053912386 1670.025 65.50954 -1120.149
1047 1328.5313338283818 -4.001349757674136 -1111.6039999525653 1669.099 65.44746 -1118.972
1048 1327.895165565 -3.974345607275056 -1110.3758811975065 1668.319 65.38886 -1117.831
1049 1327.330560389881 -3.928625344884183 -1108.9961543368795 1667.481 65.32217 -1116.599
1050 1326.7959114302475 -3.9330272875041987 -1107.721605720559 1666.783 65.25392 -1115.408
1051 1326.31134172349 -3.9326451153193154 -1106.4118510114104 1666.116 65.18499 -1114.183
1052 1325.8295646421223 -3.924730602392153 -1105.0085190687632 1665.409 65.10462 -1112.881
1053 1325.4597017915755 -3.9422012114322236 -1103.6533291278304 1664.817 65.03254 -1111.609
1054 1325.1827570993223 -3.932809134012105 -1102.2775607670899 1664.267 64.95835 -1110.32
1055 1324.831142376569 -3.9583470061022137 -1100.8361198977054 1663.679 64.87654 -1108.96
1056 1324.6073859055166 -3.973382670918475 -1099.447749150626 1663.209 64.79507 -1107.637
1057 1324.3575051902953 -3.9900269506340185 -1098.0610900590993 1662.781 64.71287 -1106.297
1058 1324.1573182451382 -4.0083970440917005 -1096.5740152122085 1662.301 64.62431 -1104.878
1059 1323.9734438441835 -4.009887464420558 -1095.1701179939548 1661.958 64.538 -1103.507
1060 1323.8957327096891 -4.002589976254594 -1093.6722898834084 1661.562 64.46915 -1102.062
1061 1323.8979949383327 -4.028535149016126 -1092.2702466840626 1661.319 64.3632 -1100.685
1062 1323.9208768968415 -4.081602807847962 -1090.852285219438 1661.115 64.26554 -1099.284
1063 1323.966488747783 -4.127818125109675 -1089.3475018750644 1660.875 64.14444 -1097.802
1064 1324.0586444930814 -4.132854355645765 -1087.911776189221 1660.772 64.05174 -1096.37
1065 1324.242878677975 -4.1784064586761795 -1086.4892091771173 1660.724 63.95351 -1094.939
1066 1324.5649038069814 -4.216888149323504 -1085.0234340592451 1660.624 63.86049 -1093.444
1067 1324.9013920355721 -4.2464310213356935 -1083.629385848338 1660.666 63.75655 -1092.014
1068 1325.2517060433013 -4.291379056051027 -1082.1699714943716 1660.665 63.65347 -1090.516
1069 1325.5661266775517 -4.321407439662692 -1080.7582287305029 1660.808 63.53899 -1089.081
1070 1325.9450202480796 -4.374420311240163 -1079.3605133751605 1660.998 63.42386 -1087.649
1071 1326.5288408333813 -4.4050299860033455 -1077.9775837325583 1661.14 63.30548 -1086.159
1072 1326.8131272193905 -4.477506141159759 -1076.5518752001915 1661.423 63.18844 -1084.736
1073 1327.2665639125662 -4.518149065998208 -1075.1582518024104 1661.752 63.07257 -1083.312
1074 1328.7545958418857 -4.640799132447693 -1074.9681512094985 1662.049 62.95694 -1081.841
1075 1330.095369323556 -4.649164010721966 -1075.6003435869918 1662.469 62.84239 -1080.424
1076 1328.7015321189392 -4.60200056121883 -1075.0096393928673 1662.869 62.72406 -1078.968
1077 1329.3087642600415 -4.669794547356438 -1073.6358255196094 1663.374 62.61487 -1077.556
1078 1330.0090419730548 -4.705069193403094 -1072.296168516342 1663.914 62.50419 -1076.148
1079 1331.3483096253578 -4.7134138048596945 -1073.0322648935603 1664.445 62.39675 -1074.719
1080 1332.1806988373542 -4.763395954867423 -1071.7547294521605 1665.055 62.28661 -1073.325
1081 1331.1697250306831 -4.666035675991192 -1070.6046349609458 1665.691 62.17659 -1071.933
1082 1332.0273326970387 -4.725540674268208 -1069.3221724148307 1666.334 62.06217 -1070.534
1083 1333.0700646557993 -4.7513477972345886 -1068.1428104519528 1667.04 61.9526 -1069.131
1084 1334.02170864531 -4.79115059365612 -1066.9205968474525 1667.748 61.84362 -1067.757
1085 1335.0788640995604 -4.834519716132721 -1065.7578679561095 1668.471 61.73872 -1066.365
1086 1336.0328967343164 -4.866079653760461 -1064.503250584734 1669.233 61.6328 -1064.989
1087 1337.012380450559 -4.887477409166172 -1063.25596574025 1670.011 61.52604 -1063.611
1088 1337.9862213478382 -4.901509897377256 -1061.9780999419124 1670.82 61.41849 -1062.227
1089 1339.1015378769064 -4.953602228827153 -1060.8113834633316 1671.64 61.31031 -1060.84
1090 1339.9916181648216 -4.999432036714912 -1059.4793187496734 1672.455 61.20477 -1059.464
1091 1340.9446216898748 -5.051164803885807 -1058.1732573196723 1673.289 61.0989 -1058.082
1092 1341.971166588908 -5.081432167833165 -1056.8968741899466 1674.135 60.99427 -1056.683
1093 1343.0064162247033 -5.093858860690971 -1055.6154195511122 1674.989 60.89092 -1055.278
1094 1344.0229099763299 -5.111181203666727 -1054.2986639793608 1675.853 60.79 -1053.86
1095 1345.0622211837044 -5.168016257283968 -1053.011639805926 1676.716 60.69111 -1052.451
1096 1346.1306650642844 -5.175852249716934 -1051.7292505467017 1677.591 60.59208 -1051.033
1097 1347.0640153328009 -5.205752698568955 -1050.3299799288732 1678.473 60.49193 -1049.604
1098 1348.2565220152699 -5.249215852121673 -1049.0887239606498 1679.381 60.38454 -1048.145
1099 1346.8938265171828 -5.270880455972576 -1048.1394848195832 1680.259 60.28089 -1046.739
1100 1347.9346470538792 -5.302524277282402 -1046.780134262676 1681.167 60.17613 -1045.291
