0 0.0 0.0 0.0 1.110223e-16 2.220446e-16 -2.220446e-16
1 0.08516908446021373 -0.02850690840646251 0.998313158510153 0.05154656 -0.02424883 1.000725
2 0.15396837721855433 -0.0509149358531146 1.9954878404511878 0.1464632 -0.05051622 1.995659
3 0.2844931066628982 -0.0787412674492889 2.9880384054229263 0.2879204 -0.07903059 2.986691
4 0.47691303046757916 -0.11951476270015113 3.962072713767413 0.4657503 -0.1102928 3.963845
5 0.6880743973471506 -0.14623943983726195 4.937684362763441 0.6971645 -0.143877 4.934639
6 0.9348464226429837 -0.17237523852077305 5.898554394059462 0.9715689 -0.1802237 5.887651
7 1.2922247465890861 -0.2050899756329153 6.822530170932519 1.288079 -0.2184877 6.826202
8 1.656222697064326 -0.24396396908750162 7.739876787273587 1.651331 -0.254729 7.743952
9 2.0427056251075615 -0.27888783213955615 8.647761587366688 2.050498 -0.2919528 8.64624
10 2.4828175155778225 -0.3101785561403667 9.52826021858539 2.488685 -0.3309237 9.527392
11 2.978625271062225 -0.32590089139779616 10.375379486579932 2.966292 -0.3697385 10.38417
12 3.4495543114380776 -0.3610172699534213 11.23377124743099 3.483068 -0.4086031 11.2156
13 3.9582945269783822 -0.3937311375147612 12.066213252883228 4.03669 -0.4439735 12.01878
14 4.489690815457774 -0.3997766111282381 12.883164349743229 4.631439 -0.4790227 12.79006
15 5.1160092747764505 -0.4324884537178855 13.619011982608132 5.252124 -0.5136186 13.53058
16 5.788193032126335 -0.47094402868761587 14.315137175655353 5.913461 -0.5462713 14.23731
17 6.477824600090983 -0.5086582742153991 14.989207460849302 6.602643 -0.5777429 14.91216
18 7.171903234003024 -0.5611275580311862 15.651300555832135 7.315983 -0.6091556 15.55483
19 7.902403506571356 -0.5933177947512718 16.267190245454763 8.059654 -0.636292 16.155
20 8.636999334068364 -0.631981110072031 16.872650341009447 8.824947 -0.6652783 16.72174
21 9.415517575399607 -0.639991391447447 17.42048220203857 9.617499 -0.6938755 17.24835
22 10.24398728844604 -0.6823432289266974 17.889194829274047 10.43572 -0.7209802 17.73582
23 11.078759187733503 -0.7077212896771264 18.347227094588007 11.27339 -0.7448949 18.18861
24 11.936800977094999 -0.7326754919909766 18.778321513961085 12.13844 -0.7707228 18.60541
25 12.833326446232142 -0.778602085339889 19.128705428906684 13.02386 -0.7968987 18.98486
26 13.74060304886583 -0.8119750987036528 19.45608352333674 13.92282 -0.8194983 19.33529
27 14.65385881795808 -0.8013437626586933 19.803217102958744 14.84567 -0.8398217 19.65558
28 15.595889228143609 -0.8295841919632764 20.097057815033953 15.78819 -0.859011 19.94858
29 16.549824877978722 -0.8680144042651178 20.37016495495473 16.74609 -0.8779579 20.20959
30 17.515367923218747 -0.8609870217466546 20.601034101814097 17.71096 -0.8926428 20.4429
31 18.506124535010233 -0.8963285249093175 20.7364619506898 18.69074 -0.9066816 20.64544
32 19.503674154429056 -0.9181195880420742 20.92543051597477 19.69166 -0.9204752 20.81649
33 20.516329896748974 -0.9313398012109138 21.0962680496467 20.70872 -0.9323174 20.9589
34 21.549293130687058 -0.9400524715639257 21.21095995188702 21.74157 -0.9423525 21.0745
35 22.59802950323106 -0.9618605979289877 21.3005486664885 22.79076 -0.948405 21.16118
36 23.662042502260018 -0.968344883652624 21.279604115883213 23.85365 -0.951047 21.21468
37 24.739618184882755 -0.9845309980558945 21.26590913720781 24.93112 -0.9519265 21.24069
38 25.83184271299181 -0.9674365847754723 21.268113590055822 26.02348 -0.9509506 21.24027
39 26.932805947212376 -0.9624161403069792 21.35014681888402 27.12723 -0.9489508 21.21564
40 28.04704550065453 -0.9759141538127429 21.285221269518377 28.24249 -0.9456288 21.16969
41 29.174290767568465 -0.9894904371686178 21.215902427733408 29.37022 -0.9414386 21.10741
42 30.307594346238535 -0.9739400242293234 21.282595858471932 30.50291 -0.9363594 21.0296
43 31.445360673287414 -0.9333160386192869 21.18577767568781 31.64196 -0.9296868 20.93984
44 32.591797398914466 -0.9130607854271936 21.10438096235181 32.78682 -0.9216773 20.83696
45 33.75195961581395 -0.8966009068873104 21.04921723763577 33.94232 -0.9117462 20.71859
46 34.92385291003266 -0.900486276329787 20.911101266615976 35.11473 -0.9007201 20.58533
47 36.12202409796752 -0.8883977801070083 20.79730961415972 36.30912 -0.8891584 20.43698
48 37.338734441623096 -0.896037850448006 20.63174248889245 37.5268 -0.8781568 20.2789
49 38.57517469320133 -0.8954313465272249 20.435541952777612 38.76733 -0.8670199 20.11085
50 39.83526279455987 -0.8674131761193493 20.2852168433459 40.02403 -0.8564479 19.93253
51 41.11181958843999 -0.8271837499458637 20.071505093165573 41.3055 -0.8460362 19.74648
52 42.411191493755844 -0.8154387843239899 19.863486319980026 42.60679 -0.837548 19.55065
53 43.738698992967784 -0.787169561958502 19.672798278389887 43.93278 -0.8295496 19.34786
54 45.05696755800401 -0.7554523848953395 19.32036180091774 45.28137 -0.8187903 19.13753
55 46.427324973289274 -0.7311077108134878 19.127863046532756 46.6485 -0.8059921 18.92231
56 47.80941779600562 -0.702729416617903 18.876992488309334 48.03559 -0.790753 18.69944
57 49.20489422789754 -0.6563498300036125 18.594316398801055 49.44201 -0.776593 18.47318
58 50.64580948105069 -0.6338325049006608 18.450717122652325 50.87125 -0.7612088 18.23994
59 52.10116667895481 -0.6277749848737482 18.291972433912587 52.31634 -0.7488661 18.00571
60 53.57985869893981 -0.6048876155640932 18.137406433171677 53.78414 -0.7385593 17.76822
61 55.077951140660126 -0.567399881637172 17.946889747362025 55.27561 -0.7282464 17.52865
62 56.599260094789585 -0.5171724305965989 17.790747319423478 56.7869 -0.7193216 17.28947
63 58.14190024967521 -0.48265107178316125 17.625058057122626 58.3197 -0.7090229 17.04698
64 59.69953151519384 -0.45586464699672935 17.43790467545866 59.87004 -0.6982294 16.80555
65 61.27728161217731 -0.38997460413131285 17.19130943139423 61.44932 -0.6898538 16.56009
66 62.87707585404898 -0.34131799904732285 16.975117410708922 63.04564 -0.682234 16.31483
67 64.49474240231508 -0.29907346290011044 16.741776106506677 64.66146 -0.6742945 16.06555
68 66.14031876092749 -0.25415463603873467 16.622176445656056 66.29273 -0.665932 15.81429
69 67.77706091656808 -0.21959446763423804 16.348579273768088 67.93358 -0.6566595 15.56429
70 69.44704679607487 -0.17044893283312634 16.20133187137488 69.59146 -0.6495479 15.31065
71 71.11730790169086 -0.16259503561415997 15.93976343469 71.26348 -0.6455501 15.06048
72 72.81223615727399 -0.12465031250891882 15.758355586251605 72.94957 -0.6411509 14.80708
73 74.53077871858842 -0.06398886022840408 15.611017505537122 74.65679 -0.6351425 14.55382
74 76.24915157440569 -0.02429914744795692 15.351500413229088 76.37583 -0.6266393 14.29583
75 77.98725178236997 0.018178174813524364 15.109748780092767 78.11207 -0.6192733 14.03765
76 79.75498546141479 0.10349485245136825 15.03134896183994 79.86417 -0.6121849 13.77611
77 81.52138465157647 0.162456097310709 14.806108391916636 81.62656 -0.6069533 13.51471
78 83.27962399750108 0.21374296596409617 14.441843584974055 83.40315 -0.6037449 13.2493
79 85.07513600147867 0.2718627609518867 14.214676336048132 85.19377 -0.601808 12.98
80 86.88525756765371 0.3480367145324482 13.942531887637204 87.00538 -0.5994816 12.70711
81 88.72169477095376 0.40173872010204376 13.793165853274056 88.82747 -0.5948763 12.42843
82 90.56562012946911 0.43785392169631177 13.549441207707723 90.66661 -0.5892579 12.14861
83 92.41983632866165 0.5099825433789961 13.30445708660517 92.51613 -0.5822604 11.86127
84 94.28732494615407 0.5723751458210777 13.015629466765134 94.38417 -0.576158 11.56935
85 96.17379792356662 0.5776540554462102 12.760197694431278 96.26377 -0.5690865 11.26751
86 98.06888963259003 0.6103867087343273 12.485952671423197 98.15387 -0.5670654 10.95901
87 99.97306535177982 0.6393794183923648 12.2019158770796 100.0527 -0.5652429 10.63988
88 101.87499600048994 0.6956553589264582 11.872885504048257 101.9553 -0.5641477 10.30991
89 103.79867007054759 0.6989565769920559 11.584846641778952 103.8698 -0.5624452 9.966128
90 105.73865417851006 0.7473803464239683 11.359442054449724 105.791 -0.5643553 9.611618
91 107.68008547569794 0.796653154937742 11.040982927244091 107.7248 -0.5687973 9.246382
92 109.63804594635344 0.8466099683124979 10.7553798201767 109.6683 -0.5717942 8.871585
93 111.5984959308866 0.8828887046170957 10.416280235920787 111.6206 -0.5733449 8.486629
94 113.56871344921312 0.9397212521799108 10.070002053632019 113.5815 -0.5728043 8.086921
95 115.54783159733569 0.9913328990442398 9.72778454709629 115.5478 -0.570538 7.674193
96 117.51442019189419 1.0068790061688577 9.283572376599052 117.5182 -0.5680584 7.246929
97 119.50700179212899 1.038974845879381 8.917665984388869 119.4963 -0.5658779 6.808278
98 121.51476928861247 1.0495336385299907 8.547581785780697 121.4861 -0.5645652 6.351224
99 123.52524666009701 1.0926688653545231 8.150666438561391 123.4817 -0.5636678 5.883248
100 125.53874477679342 1.1464914275746536 7.745854527702747 125.4794 -0.5607338 5.403529
101 127.5261370976479 1.1781193515282762 7.171453795868736 127.4889 -0.5591517 4.911013
102 129.53719016960446 1.2246315111311448 6.663066925888756 129.5004 -0.5556139 4.402279
103 131.55318583814673 1.2593998057504814 6.1159114567048825 131.5233 -0.5494115 3.880107
104 133.61947033086818 1.3272627603339826 5.783169570585566 133.5486 -0.5427542 3.348158
105 135.67450090684582 1.3765032491213822 5.325992138011091 135.5837 -0.5360354 2.806947
106 137.7356021499509 1.4258760763142704 4.859380935293698 137.625 -0.5295973 2.257989
107 139.80415515243882 1.4705773656628052 4.356319051953299 139.6797 -0.5224538 1.699296
108 141.87978627973396 1.5029853838900677 3.889684512871246 141.7304 -0.5179993 1.132152
109 143.97643901007012 1.5160963702734171 3.4491849146273488 143.7927 -0.5127373 0.5515872
110 146.06336664761832 1.554162567883344 2.923730552063432 145.8618 -0.5061993 -0.0413721
111 148.15023204805033 1.5900800698565796 2.3875058172945067 147.9305 -0.5006247 -0.6449311
112 150.23923445809336 1.6296542943273085 1.817225052969472 150.0068 -0.4959689 -1.261108
113 152.3365611566593 1.6705736563578182 1.2121338837569127 152.0968 -0.4898301 -1.892338
114 154.4595889823104 1.7518162330241556 0.7206019460075787 154.1812 -0.4829921 -2.533182
115 156.57211974957673 1.810460774084416 0.13117896271003804 156.2753 -0.4753909 -3.187653
116 158.702771347612 1.857259445844165 -0.41732723315276643 158.3734 -0.467684 -3.851462
117 160.8473730533072 1.9362580409236003 -0.9270609206122066 160.4737 -0.4608735 -4.525316
118 162.97441161236532 1.9925174668034706 -1.5691045604696336 162.5875 -0.4555311 -5.211974
119 165.1152884091264 2.0639594255111966 -2.1815722170734038 164.7037 -0.4525483 -5.908582
120 167.2746494220473 2.139014211607795 -2.7586544842000364 166.8257 -0.4495307 -6.614701
121 169.42180070773404 2.190918013477735 -3.413783836817068 168.9537 -0.4456125 -7.331463
122 171.58603644148985 2.250155760335793 -4.0456361736760265 171.0871 -0.4416744 -8.063072
123 173.76726446117456 2.3269629317310905 -4.643063813368906 173.2245 -0.4365523 -8.806086
124 175.93254362550596 2.3750278034738446 -5.32320238368319 175.3665 -0.4294089 -9.557829
125 178.09688710803806 2.4594395692892976 -6.03808311413723 177.5169 -0.420933 -10.31827
126 180.27626280192433 2.5259077209870746 -6.728483038163646 179.6714 -0.4118277 -11.0856
127 182.45987492364185 2.612120729491819 -7.4274076173045245 181.8303 -0.4043634 -11.86225
128 184.66499372255663 2.6974664219832074 -8.094255210798023 183.9969 -0.3985802 -12.64986
129 186.85444625116278 2.762439236941837 -8.843244497740692 186.1699 -0.3990509 -13.44797
130 189.06011107003206 2.8458782995461838 -9.555154883990214 188.344 -0.4000549 -14.25545
131 191.25644673313775 2.9298815056250374 -10.31238840238803 190.5195 -0.4013833 -15.07493
132 193.47408895071595 2.9960856473238313 -11.064455757984291 192.7087 -0.4038655 -15.90879
133 195.70504138694903 3.048868784096851 -11.798761718847146 194.901 -0.4035663 -16.75316
134 197.93851590387754 3.092402313642116 -12.536497664308792 197.093 -0.4021162 -17.60738
135 200.15496434704488 3.131005945105646 -13.367570982064066 199.2958 -0.4006638 -18.47484
136 202.3661178987893 3.1995413018552337 -14.164359185887669 201.4804 -0.4011965 -19.34449
137 204.62755998918917 3.3094870210104492 -14.89951496212861 203.6882 -0.4030819 -20.23459
138 206.8614033899393 3.3385510957386715 -15.672017547619545 205.877 -0.4061955 -21.12723
139 209.08315221583257 3.423713203459601 -16.51697534106649 208.0748 -0.408323 -22.03665
140 211.3132824486921 3.504571042106208 -17.35396994580666 210.2746 -0.4072563 -22.95396
141 213.54499878500357 3.5700659184086256 -18.19652675457188 212.4744 -0.4051777 -23.87896
142 215.7739169768928 3.6279850995763905 -19.038517775246735 214.6697 -0.4036944 -24.80688
143 218.01322587820374 3.690818761490313 -19.881345357834753 216.8716 -0.4053455 -25.7452
144 220.24265639514343 3.735596857718511 -20.792896261241346 219.0854 -0.4089666 -26.69513
145 222.46642317566912 3.7673003419346656 -21.65674964834976 221.2752 -0.4145729 -27.6423
146 224.69049147539533 3.8249910250400596 -22.55317766432071 223.4748 -0.4227878 -28.5989
147 226.93127073230994 3.8904083070758433 -23.41826944387435 225.6743 -0.432373 -29.5663
148 229.19117265961964 3.9721232656445955 -24.22660914987429 227.8686 -0.4418329 -30.54211
149 231.3872491609915 4.011782535414704 -25.21028569123437 230.0656 -0.4485622 -31.5245
150 233.57662632687163 4.058338132597189 -26.20363715159652 232.2584 -0.4502008 -32.51137
151 235.77230543152172 4.097754712321011 -27.181597807476603 234.4478 -0.4516442 -33.50409
152 238.0217392863728 4.142377673103957 -28.04806860113324 236.6402 -0.4545615 -34.50713
153 240.25130654110174 4.220484415039703 -28.953677964441166 238.8266 -0.456504 -35.51552
154 242.4756113446788 4.2742285596199 -29.876895420671055 241.0098 -0.4583595 -36.53355
155 244.7047612057106 4.318696184138521 -30.78150965484846 243.1866 -0.4598154 -37.55871
156 246.95814743445598 4.386330485484752 -31.614973651750013 245.3571 -0.4618584 -38.59114
157 249.1641417251369 4.416068830180995 -32.570610697355505 247.5244 -0.461475 -39.63198
158 251.37110216797464 4.468323209288805 -33.51719618744834 249.6839 -0.461446 -40.68364
159 253.5897794260175 4.533845686174404 -34.44540400338859 251.8424 -0.4628392 -41.74631
160 255.81951771383305 4.615215372169489 -35.32373025871114 253.9896 -0.4623208 -42.81371
161 258.0589314448545 4.688140495577028 -36.20336637703536 256.1425 -0.4599411 -43.89031
162 260.26264672947013 4.73821464478086 -37.18183388855633 258.2951 -0.4566041 -44.97777
163 262.4842990806493 4.801979848959968 -38.121230437764254 260.4446 -0.451586 -46.07408
164 264.6785666857923 4.881808918952566 -39.133253876185755 262.5925 -0.4468931 -47.18398
165 266.81171050204523 4.992654562869043 -40.259795684974414 264.734 -0.4443228 -48.30007
166 268.9901141174514 5.097176526320093 -41.349555433520095 266.892 -0.442692 -49.43452
167 271.1704125376883 5.18949824204037 -42.38600429382694 269.0255 -0.4394885 -50.56793
168 273.37118363785385 5.292080619584811 -43.43102985786099 271.1744 -0.4357941 -51.72041
169 275.6007689943398 5.369884393641233 -44.45077501473031 273.3318 -0.4312748 -52.88771
170 277.8237283685864 5.466068298445437 -45.486812340939174 275.487 -0.4244063 -54.06212
171 280.0681905546 5.580514505297724 -46.52653717716043 277.658 -0.4182424 -55.25311
172 282.3400265452089 5.691150541842577 -47.51511637925547 279.8273 -0.4128268 -56.45514
173 284.61425349911906 5.808807222603875 -48.56102505309585 282.0168 -0.4105826 -57.67414
174 286.85878339494155 5.898106032705875 -49.63564994771489 284.1885 -0.4095589 -58.89251
175 289.10737588837065 5.985262179805714 -50.74738285976958 286.3724 -0.4079618 -60.12956
176 291.4277906281641 6.118486927383608 -51.74951415987502 288.5702 -0.4045488 -61.38495
177 293.6931106523302 6.273701579990463 -52.882520714691154 290.7704 -0.3986685 -62.64929
178 295.94740053548725 6.402099842822983 -54.0739084348163 292.9827 -0.3908822 -63.92341
179 298.3104851529753 6.549149776518779 -55.041139165923724 295.1953 -0.3821466 -65.20624
180 300.60814285796664 6.6845945702369445 -56.20066197337923 297.4212 -0.3713999 -66.50521
181 302.9234958532557 6.8145547779783655 -57.320879595335704 299.6423 -0.3587114 -67.80874
182 305.2307298284828 6.9295741125055805 -58.499206893498844 301.8763 -0.3470056 -69.1256
183 307.5337956014997 7.07602055882901 -59.699551291591895 304.1141 -0.3372516 -70.4517
184 309.8749523434368 7.194241233617501 -60.85779138208962 306.3593 -0.3307952 -71.79168
185 312.1604671368977 7.336621552161548 -62.14853649708901 308.6134 -0.3233356 -73.14403
186 314.4623440808225 7.537100487931005 -63.42619954778443 310.8714 -0.3126191 -74.51245
187 316.811719331848 7.678843073076275 -64.64600970115211 313.1301 -0.2971879 -75.90012
188 319.11895101132626 7.774530250650794 -65.96256757406539 315.3852 -0.2796424 -77.30725
189 321.4605156373046 7.857707912977059 -67.23180655789722 317.6383 -0.2578412 -78.72988
190 323.7458804256895 7.893419600530847 -68.6291178363903 319.8954 -0.2381554 -80.17271
191 326.0817039514899 7.978371673565039 -69.96545749088632 322.1579 -0.2197853 -81.63211
192 328.3930090652248 8.048253618459334 -71.3399555762864 324.412 -0.2016825 -83.10009
193 330.6750008275844 8.041556234968537 -72.77080868653579 326.6626 -0.1825361 -84.57972
194 332.96327072831684 8.108355522471516 -74.1872060561976 328.9055 -0.1608324 -86.06826
195 335.26662714730514 8.156544159269739 -75.59324537565418 331.1477 -0.1383913 -87.57051
196 337.55174353427446 8.250471190193085 -77.0320328697604 333.384 -0.1125608 -89.08675
197 339.8707323873612 8.35135937406408 -78.41621569212212 335.6133 -0.08455148 -90.61426
198 342.18886055590735 8.441697425247611 -79.80750212116108 337.8389 -0.05242768 -92.15154
199 344.5145507115701 8.521636065538324 -81.18583327244782 340.056 -0.01599584 -93.70014
200 346.81118756314976 8.589013305302297 -82.63364704972429 342.2752 0.02333862 -95.26502
201 349.1280816538281 8.654373395869964 -84.04772259596349 344.4892 0.0633751 -96.83616
202 351.4265169812512 8.820251074289612 -85.48521413780217 346.701 0.1024766 -98.41195
203 353.7737132945652 8.882383921852036 -86.85824470810068 348.9103 0.1402984 -99.99813
204 356.0984665116453 8.909656987493582 -88.26144440725032 351.1094 0.1754218 -101.5909
205 358.39673798305887 8.957012355212434 -89.73207647368297 353.3107 0.2141195 -103.2033
206 360.6795599570722 9.01415256725115 -91.20935703513427 355.4996 0.2539708 -104.817
207 362.9969576005969 9.065010877810105 -92.63209147730758 357.6809 0.2903191 -106.4411
208 365.32363934991696 9.121561772349363 -94.06167680856178 359.867 0.3297903 -108.0781
209 367.59104552294707 9.15953516555791 -95.5652786734331 362.0386 0.3801369 -109.7167
210 369.8632528610387 9.181289377524669 -97.0632150667839 364.2051 0.433594 -111.3631
211 372.13832072143225 9.216582828220906 -98.55240833188894 366.3626 0.4855505 -113.0176
212 374.3896198519371 9.240431434738342 -100.0804127331011 368.5148 0.5357534 -114.6817
213 376.64112948173283 9.255952225319849 -101.59423142832082 370.6543 0.5857535 -116.3494
214 378.85145406410317 9.278739827763088 -103.17533996993009 372.7925 0.6347512 -118.0262
215 381.11209648336006 9.2946116542638 -104.68852019116808 374.9322 0.6806409 -119.7055
216 383.46716868868276 9.312534527086619 -105.99135729715577 377.0444 0.7141844 -121.3733
217 385.62952766589564 9.331749675060104 -107.6172172727799 379.1489 0.732239 -123.0734
218 387.88211083442417 9.39710676971532 -109.1182623346347 381.246 0.7514499 -124.7861
219 390.0958660280095 9.478050621679115 -110.68811929123542 383.3531 0.7912642 -126.4979
220 392.346688599238 9.523113327574116 -112.2060435009039 385.4625 0.8581189 -128.2062
221 394.55730766930054 9.490907352205019 -113.7714449502036 387.5638 0.9375737 -129.914
222 396.7836747993171 9.440826879125588 -115.29784051141104 389.6489 1.01544 -131.6273
223 398.84220299799085 9.388066851507281 -117.03317672917596 391.7168 1.088896 -133.3507
224 400.9702604943882 9.382699616896135 -118.68656861530243 393.78 1.154913 -135.0831
225 403.20155916763605 9.364059494693253 -120.20116622269614 395.8385 1.214067 -136.8244
226 405.38875251384775 9.39914732210143 -121.77877268260181 397.8934 1.272858 -138.5702
227 407.5178364704881 9.45182942938556 -123.42860317057017 399.9429 1.334967 -140.3176
228 405.785170976221 9.792546083452315 -125.45154466202608 401.9775 1.399861 -142.0688
229 408.328619113202 9.566220583020575 -124.57731858585187 404.0132 1.46395 -143.8398
230 410.41204431811667 9.595412692940528 -126.28046466902994 406.0396 1.53057 -145.6094
231 412.39186835114066 9.611360224821999 -128.10772502627069 408.0639 1.596786 -147.3861
232 414.5248774457531 9.63250768663167 -129.75422670194422 410.0865 1.665192 -149.1653
233 416.6413246887651 9.584373429763687 -131.40468084181197 412.0999 1.73948 -150.9391
234 414.25710957606896 9.804789149693573 -132.64787224726604 414.1199 1.820766 -152.7256
235 416.3488302797482 9.841951454151676 -134.33314105442304 416.1297 1.902123 -154.5063
236 418.45384035860076 9.829541406380795 -135.99758403184353 418.1369 1.980352 -156.2858
237 420.58794580364224 9.812748175081405 -137.62450651097635 420.1401 2.051261 -158.0701
238 422.6334695612374 9.832902252881956 -139.36257577144835 422.1413 2.117805 -159.8579
239 424.59921083682053 9.846536690558981 -141.1955025776845 424.1424 2.186326 -161.6509
240 426.62042643933586 9.829654520653994 -142.9566463055 426.1357 2.256082 -163.4423
241 428.5181825374729 9.852479007321081 -144.85376925416548 428.1288 2.325413 -165.2378
242 430.4677384285825 9.873605809716171 -146.68455368786096 430.1109 2.396912 -167.032
243 432.42276648221474 9.871121951235521 -148.5178264145336 432.0961 2.47181 -168.831
244 434.3067732552238 9.87540275937369 -150.41263157599448 434.0721 2.549279 -170.628
245 436.2312594974485 9.861399764957127 -152.2699341096395 436.0531 2.650572 -172.4221
246 438.1475006373844 9.823878441337087 -154.13128252563794 438.042 2.755615 -174.2029
247 440.1365837043663 9.77633603770201 -155.8992299342244 440.03 2.84391 -175.9705
248 442.0780381204727 9.758265202520432 -157.74580962681773 442.0339 2.921911 -177.7475
249 443.9834360270075 9.718207475254793 -159.62678105396384 444.0392 3.006852 -179.52
250 445.95427033580535 9.699169225437482 -161.43740948193715 446.046 3.098726 -181.2884
251 447.9563274774451 9.657568130740845 -163.2015765736928 448.0532 3.192574 -183.0447
252 449.854619564611 9.656823202191203 -165.07207463874542 450.064 3.278015 -184.7916
253 451.79372935892115 9.638548381746354 -166.91378337854775 452.0924 3.358861 -186.5327
254 453.85143196618634 9.570266370989426 -168.6169358901655 454.1251 3.436998 -188.2652
255 455.8614539150731 9.48389867197605 -170.37039563582857 456.158 3.516788 -189.9924
256 457.8526756217849 9.428046276178026 -172.1428234633238 458.1873 3.593514 -191.7203
257 459.8016287054708 9.33113278882509 -173.9618281121692 460.2152 3.669483 -193.4519
258 461.7766168318714 9.257083718193103 -175.75688440904133 462.2462 3.750848 -195.183
259 463.8931319374869 9.128209336450771 -177.37306952631022 464.2791 3.835891 -196.9059
260 465.8674259414741 9.070452635772183 -179.15855700792713 466.3135 3.921999 -198.6214
261 467.923538952149 8.923775190905735 -180.84793140384713 468.3509 4.004216 -200.3376
262 469.9254529030798 8.795251377012141 -182.59180086949522 470.3839 4.079549 -202.0483
263 471.9545414889925 8.702134432970665 -184.32343947865715 472.4259 4.154116 -203.7656
264 473.96365365929165 8.65166375913351 -186.07638575994307 474.4683 4.23021 -205.4787
265 475.96511634197316 8.580848212534717 -187.83208166077478 476.5113 4.309712 -207.1855
266 477.93157625058467 8.469234364267825 -189.6213101266959 478.5558 4.389454 -208.8868
267 479.9221583264799 8.36279293809766 -191.39117443842846 480.606 4.471449 -210.5886
268 481.87106547127865 8.266117957203914 -193.20077203448304 482.6545 4.555624 -212.2853
269 483.87693493901696 8.167842937461328 -194.95233016631707 484.7071 4.640076 -213.9826
270 485.8939286914546 8.053814591222656 -196.68472792217642 486.7577 4.720801 -215.677
271 487.8255886023788 7.978068883789236 -198.51114480550368 488.8066 4.799764 -217.3707
272 489.87010352151697 7.87100613344927 -200.2191134710439 490.8629 4.88093 -219.0659
273 491.8629329182119 7.76367949699271 -201.9806521493999 492.9166 4.960767 -220.7576
274 493.8224455766431 7.685836688844161 -203.78012711078964 494.9713 5.038016 -222.4476
275 495.7492851543008 7.6115655234530255 -205.61449690977898 497.0247 5.116707 -224.1389
276 497.6691993458485 7.536878542441258 -207.44648882187525 499.0722 5.193552 -225.827
277 499.6496706183662 7.4471654596599155 -209.23886617766138 501.1328 5.267707 -227.5274
278 501.6344816188929 7.3481157903602305 -211.0115571823209 503.1867 5.349108 -229.2205
279 503.61981098317756 7.238011993507335 -212.7819349751865 505.239 5.43277 -230.9143
280 505.5359884224546 7.164425326818009 -214.62828239610067 507.2915 5.519275 -232.6072
281 507.4168709802963 7.0819950330184644 -216.5013983105456 509.3381 5.605249 -234.2975
282 509.3665009321139 6.976854755420348 -218.320526622685 511.3939 5.689304 -235.9969
283 511.3737018564367 6.87364320346388 -220.06566218331213 513.4454 5.773309 -237.6908
284 513.3910580762298 6.7698420627189515 -221.79922838540634 515.4974 5.857608 -239.3843
285 515.3755214191774 6.667261048377815 -223.5688061208052 517.5493 5.942483 -241.0762
286 517.2413010703848 6.665839510293851 -225.4659893340226 519.6014 6.026971 -242.768
287 519.2295851184068 6.5572865808490635 -227.2396769834297 521.6574 6.115358 -244.4639
288 521.3696549955746 6.437328398974921 -228.8182400021579 523.7106 6.206642 -246.1557
289 523.3419123741642 6.321544656720789 -230.59925008683246 525.7627 6.29972 -247.8455
290 525.3277781069457 6.22043951958035 -232.36859491912827 527.8159 6.392878 -249.5367
291 527.2954686904272 6.143037117798815 -234.14993644733605 529.8651 6.486799 -251.2228
292 529.3162491432473 6.041463355670464 -235.89052447659185 531.9262 6.582378 -252.9158
293 531.3430506906922 5.913330574103461 -237.61017479499944 533.9814 6.677372 -254.6036
294 533.3316072108285 5.844119865087963 -239.37948023612063 536.0377 6.771372 -256.2925
295 535.3062929504453 5.744382688624079 -241.16562187367637 538.0951 6.865967 -257.983
296 537.3336687578224 5.652073887441158 -242.89476852928638 540.1536 6.964906 -259.6746
297 539.2544537929659 5.577091173015559 -244.74412532104586 542.2136 7.066817 -261.3661
298 541.2623980331792 5.4672494395461895 -246.48711197875926 544.2679 7.168745 -263.0547
299 543.2701121823837 5.357227173023083 -248.23804765406933 546.3253 7.265256 -264.7478
300 545.2466084261969 5.273339083270529 -250.01351543012896 548.376 7.35715 -266.4366
301 547.1865789622401 5.238240925697142 -251.8497936746048 550.4365 7.450904 -268.1343
302 549.172558184241 5.191407281826816 -253.63460083032535 552.4956 7.551427 -269.8319
303 551.1590458838763 5.097187875818177 -255.40695668768956 554.5493 7.654529 -271.5254
304 553.1702427710803 5.002480786462314 -257.1547081022708 556.6051 7.757167 -273.22
305 555.1739308506743 4.896412966467228 -258.9076831055182 558.6591 7.857401 -274.9141
306 557.1847199744008 4.817122179230243 -260.66868538688755 560.7204 7.957556 -276.6146
307 559.2660719919572 4.734349174440282 -262.33662108410516 562.7775 8.058037 -278.3114
308 561.3457053828519 4.640099986654325 -264.0115208998082 564.8386 8.161795 -280.0085
309 563.4127680801029 4.530172598855233 -265.6929469884858 566.8959 8.267916 -281.7021
310 565.3520630545611 4.4495225499987265 -267.5174812586461 568.9502 8.373989 -283.3947
311 567.3428488866497 4.353670823389952 -269.3033217268242 571.015 8.48345 -285.0936
312 569.3494889085383 4.2728353173840565 -271.06403026901194 573.0773 8.593947 -286.7871
313 571.3812799967908 4.184114560051516 -272.78996848439425 575.1384 8.705148 -288.4766
314 573.4225557633914 4.084932732192029 -274.50715930815704 577.2007 8.816896 -290.1677
315 575.4590897571818 3.9746862939625776 -276.2124397311711 579.254 8.924907 -291.8529
316 577.4542368836106 3.8671592773904098 -277.9785052930852 581.3141 9.03162 -293.5428
317 579.4215625928617 3.804385336078074 -279.76860423372386 583.3713 9.137328 -295.2267
318 581.4119598105266 3.7317375551559997 -281.54733332625034 585.4383 9.245509 -296.9139
319 583.4623173097539 3.6264200763404406 -283.2821927322598 587.519 9.353208 -298.6121
320 585.4449401383398 3.514173821437974 -284.9890207894206 589.5489 9.456599 -300.263
321 587.4323734704014 3.4299515404550722 -286.7531207222537 591.6108 9.561344 -301.9383
322 589.4008776960707 3.386962890800092 -288.53433806883106 593.6716 9.666809 -303.6091
323 591.4336449619886 3.2982015968464626 -290.24595812284764 595.737 9.775807 -305.28
324 593.5299973966866 3.1893809342843102 -291.8760218673374 597.8027 9.883665 -306.9488
325 595.5858935615702 3.0761970726841454 -293.5503856196143 599.867 9.992222 -308.6131
326 597.593488458846 2.96586710582955 -295.2899706055779 601.9345 10.09861 -310.2813
327 599.5159663343048 2.9187202684831997 -297.12899783131417 604.0024 10.20684 -311.9523
328 601.5604348214456 2.833799891217586 -298.8306860352792 606.0701 10.31717 -313.6242
329 603.3666274856312 2.7692422842119604 -300.77455263443665 608.1333 10.43016 -315.2902
330 605.3668947553639 2.7059484106763168 -302.533981415976 610.2041 10.54205 -316.9635
331 607.3924183626505 2.6198164750778736 -304.2570991996446 612.2707 10.65103 -318.6358
332 609.379392331777 2.5312799796491157 -306.0135381083148 614.3316 10.75646 -320.3039
333 611.3969266833438 2.4444388110666853 -307.75119331985326 616.4014 10.85851 -321.9781
334 613.4841697446437 2.3014121450978418 -309.38755855963853 618.4658 10.96062 -323.6462
335 615.5308067473529 2.1909826155238408 -311.08580270258136 620.535 11.06765 -325.3171
336 617.589908845095 2.0713888402293192 -312.77260118787393 622.6067 11.17705 -326.9891
337 619.6738262221481 1.9249098921229322 -314.41872555844185 624.6751 11.28685 -328.6575
338 621.6996530509824 1.8252930303801722 -316.14312354731544 626.7459 11.39641 -330.327
339 623.7249500250434 1.7077830204485192 -317.8612304173689 628.8138 11.50486 -331.9942
340 625.7565445109018 1.5985522160867482 -319.5848955969523 630.8887 11.61229 -333.6656
341 627.7365887765986 1.5308609156586728 -321.35823714178446 632.9587 11.72232 -335.3308
342 629.8045500979432 1.3657250685177822 -323.02978527675157 635.0324 11.83193 -336.9998
343 631.8149815771512 1.235243597557106 -324.7508366310247 637.0951 11.9409 -338.6594
344 633.7868036294392 1.1316108088034749 -326.53122080352955 639.1659 12.04805 -340.3234
345 635.7691484055399 1.0175722342567557 -328.3012160832638 641.2374 12.15564 -341.9886
346 637.8895392799518 0.8693928199261808 -329.8908411646209 643.3047 12.26642 -343.6496
347 639.9790347612221 0.7519992792094087 -331.52661637838 645.375 12.37656 -345.3101
348 642.00659593477 0.6350656251070067 -333.23650578502577 647.4454 12.48249 -346.9686
349 644.0327092433108 0.5112317798547523 -334.9440293074768 649.5155 12.58629 -348.6239
350 646.173279940032 0.3958758947219657 -336.5169692572855 651.5913 12.69235 -350.282
351 648.1600828331698 0.31530859760899577 -338.2722201081198 653.6623 12.80042 -351.9355
352 650.2279623551266 0.1784651034803763 -339.9287315477685 655.7358 12.91009 -353.587
353 652.2577809296934 0.05633478731036032 -341.62415951138587 657.8057 13.02023 -355.2341
354 654.3694064927952 -0.05458511478762888 -343.21970292962095 659.8779 13.13 -356.8806
355 656.3464034552056 -0.11688417531864777 -344.9969288141323 661.9586 13.23887 -358.5328
356 658.354368897319 -0.2040017701814215 -346.731183379167 664.0361 13.34665 -360.1819
357 660.4005538454497 -0.3126049012795133 -348.4147682188347 666.112 13.45227 -361.8289
358 662.3811140977388 -0.38682072993410566 -350.17917454602525 668.1904 13.55813 -363.4752
359 664.3097399324524 -0.44455827153119876 -352.0050494047069 670.2712 13.66357 -365.1232
360 666.329015015966 -0.5188751383628923 -353.72605313593635 672.3505 13.76872 -366.7695
361 668.3910831627575 -0.6043333897975617 -355.4017372360429 674.4325 13.87413 -368.4192
362 670.4673471429535 -0.7329459005170386 -357.04864794601684 676.509 13.97893 -370.0675
363 672.4837810589578 -0.8386846439092337 -358.77665835010384 678.5876 14.08324 -371.7203
364 674.4907518572595 -0.9344207105389484 -360.5168302088323 680.6657 14.1885 -373.3743
365 676.4700891921948 -1.0230216502327136 -362.29020200428766 682.7432 14.29713 -375.0304
366 678.5474696996184 -1.1325960474597956 -363.94295585627185 684.8198 14.40571 -376.6842
367 680.6316582549381 -1.2515235857711866 -365.58300425949227 686.8945 14.51349 -378.337
368 682.6672763832215 -1.3228101132461376 -367.2814974844433 688.9656 14.61921 -379.9902
369 684.6716165553853 -1.4184429423955753 -369.0255953483085 691.0408 14.72406 -381.6488
370 686.6608770142332 -1.519346216255881 -370.7833612873028 693.1156 14.82707 -383.3046
371 688.7799299329314 -1.6031624023451703 -372.38753659165894 695.193 14.92975 -384.9613
372 690.8535757393137 -1.6976256153615579 -374.04650864008516 697.271 15.03283 -386.6143
373 692.8390093692832 -1.8131525036228742 -375.80257304570205 699.3457 15.13859 -388.2646
374 694.8762213030325 -1.9037575892845084 -377.5114558892704 701.4274 15.24435 -389.9181
375 697.0467517735688 -2.086248091414445 -379.03223634088255 703.5065 15.34668 -391.5686
376 699.1352069721291 -2.1950911989450534 -380.66465237582867 705.5829 15.44804 -393.2168
377 701.2325071070508 -2.3339256093659513 -382.28752066590664 707.6613 15.54996 -394.8665
378 703.2734435466043 -2.449559158557262 -383.98955733839756 709.7441 15.65581 -396.5177
379 705.2368917455726 -2.530138256755458 -385.7719853085837 711.8243 15.76531 -398.1607
380 707.2999867063686 -2.625363171288926 -387.43510324513846 713.9054 15.87836 -399.8001
381 709.2603395542775 -2.6981160146818057 -389.2109369973444 715.9839 15.99116 -401.4338
382 711.2935956997201 -2.8214418533851746 -390.90050192164534 718.0631 16.10183 -403.0674
383 713.3627094109805 -2.9436652025117693 -392.54551990112225 720.1441 16.21513 -404.698
384 715.4724521364267 -3.09559253772026 -394.14241302520526 722.2296 16.32798 -406.3296
385 717.5296351715488 -3.2085468539124276 -395.80722135608283 724.3156 16.44029 -407.9582
386 719.5166383925032 -3.267466538247355 -397.5605315427624 726.4057 16.54399 -409.585
387 721.3263856205792 -3.394576560969377 -399.49311718127746 728.4983 16.66273 -411.2077
388 723.3237277595647 -3.511796576237883 -401.2271787683768 730.5888 16.77343 -412.8287
389 725.2645847085075 -3.5481165548225073 -403.0231013711067 732.6752 16.88104 -414.4501
390 727.3478441008948 -3.648574811473317 -404.6565924857445 734.7664 16.98171 -416.0734
391 729.4468554563789 -3.7870522857548643 -406.26096800558565 736.8556 17.07951 -417.6935
392 731.5490892012467 -3.948190808876747 -407.8720920481117 738.9533 17.1754 -419.3157
393 733.5700125237267 -4.033151366014092 -409.5821527367387 741.0479 17.27242 -420.934
394 735.686762880326 -4.18756256726557 -411.16462304305236 743.1419 17.37146 -422.5508
395 737.6648631813865 -4.266867007348967 -412.92301917655806 745.2354 17.4672 -424.1692
396 739.6168988494328 -4.331130183561189 -414.71421551835255 747.3289 17.555 -425.7917
397 741.4302324994176 -4.2175686452250405 -416.6413518728807 749.4207 17.65191 -427.4134
398 743.5077849467064 -4.299867653309246 -418.28958214515234 751.5173 17.75413 -429.0362
399 745.4989944292996 -4.398849995089945 -420.03284408776057 753.6116 17.85404 -430.6541
400 747.5729657110342 -4.499573052264624 -421.6808823666528 755.7109 17.94006 -432.2706
401 749.4948171362728 -4.531719299108585 -423.5021016390695 757.8089 18.02205 -433.884
402 751.5155056851985 -4.579588603946234 -425.21514893847325 759.9091 18.09594 -435.4976
403 753.5781175930882 -4.646370759049058 -426.8893370553799 762.0181 18.17308 -437.1125
404 755.6006668929945 -4.6810555945402434 -428.6051996902186 764.1249 18.25478 -438.7221
405 757.6579615221001 -4.753234480098696 -430.27972794591716 766.2346 18.33932 -440.3295
406 759.7682836514615 -4.8465902691445875 -431.88765226847687 768.3468 18.42281 -441.9355
407 761.9753089902208 -4.999254688573316 -433.34808676204887 770.4571 18.50284 -443.5378
408 764.0745456257144 -5.072136201391586 -434.97289001345837 772.573 18.58489 -445.1404
409 766.0822719821565 -5.088299371067229 -436.7104287356726 774.6901 18.66585 -446.7409
410 768.2347708176633 -5.214840448973573 -438.2544263370774 776.805 18.74823 -448.3389
411 770.1894268912066 -5.1991240943053745 -440.0396759954884 778.9176 18.82798 -449.9322
412 772.3355425912711 -5.3253955981595205 -441.5990757221944 781.0382 18.91026 -451.529
413 774.4393480189989 -5.394758475101752 -443.2090049672129 783.1553 18.99428 -453.1207
414 776.4916806828513 -5.505879305333915 -444.87823547869795 785.2706 19.07913 -454.711
415 778.5795818737973 -5.596096410951717 -446.5071172706954 787.3866 19.16217 -456.3036
416 780.6567154280095 -5.691445711917104 -448.13418258323554 789.4935 19.24372 -457.8927
417 782.8024742377177 -5.8412057313406205 -449.6767662090861 791.6044 19.32538 -459.4876
418 784.977493781285 -5.921764636861855 -451.1743135201054 793.7097 19.40541 -461.0817
419 787.0554394624647 -6.015646138206273 -452.80287742191337 795.8137 19.48576 -462.6772
420 789.0943877277939 -6.101282279686173 -454.47474899445814 797.914 19.56981 -464.2714
421 791.0423882592243 -6.211778090261174 -456.24620138608265 800.0123 19.65533 -465.8635
422 793.181921917727 -6.331638242907796 -457.775485864537 802.1083 19.73792 -467.4543
423 795.2521889579971 -6.441707219409854 -459.3955609019299 804.2028 19.8163 -469.0448
424 797.3202814600596 -6.533966877289009 -461.0230360337954 806.2987 19.88938 -470.6373
425 799.3553760722705 -6.5815171970017765 -462.6959512613384 808.3959 19.96249 -472.2307
426 801.3638738432323 -6.684583486617039 -464.39051334072235 810.4902 20.03686 -473.8196
427 803.3189394877628 -6.706582582990085 -466.1608078134686 812.591 20.11443 -475.4125
428 805.3389973832934 -6.773408047582499 -467.8479067512866 814.6888 20.19413 -477.0013
429 807.4136809931489 -6.902316748403377 -469.47032101473775 816.7915 20.27321 -478.5905
430 809.4715046048715 -6.982658950011964 -471.1133973707777 818.8949 20.3538 -480.1748
431 811.4941297363531 -7.072879955162356 -472.80247549408296 821.0023 20.43563 -481.7573
432 813.6377936834778 -7.179960453730139 -474.3437323703448 823.1164 20.51693 -483.3404
433 815.7201982588425 -7.252629849823538 -475.96306744051134 825.2301 20.59912 -484.9182
434 817.7592207786349 -7.339329441383541 -477.63734704007135 827.3472 20.68385 -486.4927
435 819.7677806352987 -7.359920468584618 -479.3451473037725 829.4645 20.77068 -488.0614
436 821.979928029594 -7.46884653568218 -480.79090169920727 831.5909 20.85797 -489.6319
437 823.9760850988807 -7.5204249618448795 -482.5345193244884 833.7229 20.94602 -491.2049
438 826.0513099223699 -7.589416729409941 -484.1798514339674 835.8541 21.03407 -492.7761
439 828.1285320589259 -7.673704033801906 -485.82031885519837 837.986 21.12295 -494.3446
440 830.2858212336124 -7.78091057868308 -487.35543990332945 840.1199 21.21212 -495.9132
441 832.3661919828597 -7.872116825119992 -489.0088594892746 842.2623 21.30359 -497.4854
442 834.5046517780859 -7.974290434483463 -490.58290021042865 844.4038 21.3978 -499.0558
443 836.5789512298938 -8.069347247889487 -492.23859753619627 846.5437 21.49439 -500.6257
444 834.465141778037 -7.945899751126088 -490.6362197269128 848.6827 21.58726 -502.1964
445 832.4485377034106 -7.817104654980927 -492.3582949939987 850.8213 21.67907 -503.767
446 830.3519553318934 -7.597921518039126 -493.99403928768396 852.9722 21.77339 -505.3431
447 828.3312467746101 -7.458128745529175 -495.7151523651359 855.1147 21.86598 -506.9135
448 826.3708000736746 -7.380698975737084 -497.5169469194736 857.2619 21.95643 -508.4874
449 824.3413953938995 -7.240396381163392 -499.2358916259035 859.4084 22.04762 -510.0613
450 822.4417117093703 -7.189182248153232 -501.1057746483714 861.557 22.1402 -511.637
451 820.5716840097693 -7.1879949421537015 -503.0124381758795 863.7104 22.23641 -513.2137
452 818.8253198850992 -6.970517761594718 -505.0116654886433 865.8589 22.33432 -514.7848
453 816.7721574090439 -6.821240500087494 -506.7068215161863 868.0116 22.43636 -516.3554
454 818.7782306512731 -7.108054188457522 -504.9859656897514 870.1571 22.53588 -517.9222
455 816.7267596531482 -6.9698241466724475 -506.6548673678021 872.2938 22.63292 -519.4836
456 818.9521873102417 -7.139202555773235 -505.20782483211997 874.4419 22.72987 -521.0493
457 821.0764069268218 -7.348586576426654 -503.6296482384427 876.5885 22.82659 -522.608
458 819.0704494159635 -7.218311683524097 -505.36041298831793 878.7368 22.92504 -524.1609
459 817.0895593799765 -7.098459935642631 -507.11058443405045 880.8822 23.02388 -525.7065
460 819.0254640904471 -7.160949647151507 -505.3057242458827 883.0323 23.12541 -527.2479
461 821.0218588308859 -7.2885507973764865 -503.54337504881363 885.2001 23.22957 -528.7963
462 823.1432772683974 -7.495556349515659 -502.0394459303808 887.3238 23.32974 -530.3079
463 825.1396874742901 -7.630332224389072 -500.3262638384071 889.4706 23.43087 -531.831
464 827.0809093289124 -7.74608333524227 -498.56677246330094 891.6091 23.53263 -533.3456
465 829.0055668502093 -7.8512301418937405 -496.7781969191133 893.755 23.63418 -534.8619
466 831.0033301921761 -7.956372083665093 -495.08651205411206 895.8952 23.73415 -536.3697
467 829.1363440466681 -7.7712434678596285 -496.91087274424194 898.0347 23.83529 -537.8732
468 831.1031019529247 -7.902419644261118 -495.191374940515 900.1742 23.94138 -539.3743
469 833.1069109361773 -8.024248508850489 -493.53009625850854 902.3079 24.04861 -540.8662
470 835.1848798525746 -8.112971010376397 -491.93515998147126 904.4565 24.15887 -542.3632
471 833.2206053763937 -7.9767991831467295 -493.6368675108938 906.591 24.26707 -543.8481
472 831.1979155741446 -7.822223328465969 -495.2683178574037 908.7272 24.37286 -545.3321
473 829.4426774718644 -7.7909897414700895 -497.1879938331212 910.8623 24.47974 -546.8143
474 827.532471277099 -7.72475025848035 -498.939499779578 912.9899 24.58493 -548.2919
475 825.4300360087765 -7.61655363229414 -500.463170095196 915.123 24.68802 -549.7727
476 823.4911285187486 -7.506289604231449 -502.20048018557395 917.2617 24.78905 -551.2578
477 821.5378620154062 -7.347364843637289 -503.90824413091025 919.4006 24.89471 -552.7312
478 819.5629715234462 -7.242492955296726 -505.6005129630412 921.5445 25.01399 -554.2024
479 817.9754491003599 -7.143985217207821 -507.6392827709977 923.6762 25.1219 -555.6621
480 816.0487350274136 -6.953291975325568 -509.3539004546261 925.8066 25.21008 -557.1257
481 814.4144083408587 -6.554011857609065 -507.37661122246743 927.945 25.3008 -558.5951
482 812.4374575098266 -6.423002186126511 -509.0594407355671 930.0863 25.41005 -560.0649
483 810.4072277165989 -6.291335348443103 -510.67702070593793 932.2263 25.52985 -561.5352
484 808.4735322660046 -6.180900419415661 -512.3869314725282 934.3539 25.65168 -562.9959
485 806.6818383185764 -6.009523343561642 -514.2609062366915 936.4928 25.77269 -564.4662
486 804.7749080468101 -5.853800646771672 -516.0166445592288 938.6325 25.89232 -565.9327
487 802.7371429839637 -5.7717517628291155 -517.621801353248 940.7719 26.01411 -567.3969
488 800.7932089152548 -5.642134279012509 -519.3408339081468 942.9158 26.13759 -568.8595
489 798.7836201776187 -5.491569845423649 -520.9778036535312 945.0575 26.26007 -570.322
490 797.0701647804779 -5.39842832849802 -522.9336591620577 947.2049 26.38159 -571.7862
491 795.121165766311 -5.26740472209035 -524.6514479543546 949.3532 26.50083 -573.2481
492 793.1980141027022 -5.15456109048848 -526.4072244364745 951.5077 26.62079 -574.7102
493 791.1287004210143 -5.0077559270703365 -527.9772279558567 953.6604 26.74228 -576.1661
494 789.1691465496954 -4.88496653980182 -529.6843111846049 955.8153 26.86169 -577.6191
495 787.2320512024044 -4.785181161017245 -531.4333784771023 957.9804 26.98219 -579.0749
496 785.287390444665 -4.69535460831603 -533.1606619365664 960.1378 27.09965 -580.5258
497 783.380629222379 -4.5969104637626295 -534.9385002293225 962.3019 27.22009 -581.9778
498 781.5338613625155 -4.492296403894549 -536.7723074232099 964.464 27.3483 -583.4246
499 779.6491461000943 -4.386523841287797 -538.5826424484181 966.6368 27.48447 -584.8741
500 777.6923969038137 -4.268190132373879 -540.2958398423543 968.8004 27.62785 -586.315
501 775.7307849831861 -4.135641895584469 -542.0030628047632 970.9633 27.76619 -587.7582
502 773.7120420033638 -3.999532599537951 -543.6426947835461 973.1252 27.89962 -589.2041
503 771.8669228516585 -3.89025372237057 -545.4769734188453 975.2876 28.02995 -590.6491
504 769.9236106908043 -3.782548001670509 -547.2129515773497 977.4553 28.16051 -592.0933
505 768.0146988322397 -3.684782353758443 -548.9858675654101 979.6246 28.29193 -593.5333
506 766.115466988432 -3.5658125061311536 -550.7710612102907 981.7949 28.42396 -594.9757
507 764.1919356587322 -3.4172380169075267 -552.5258364440216 983.9617 28.55465 -596.4211
508 762.2422982676709 -3.283022612363979 -554.2523670621861 986.1268 28.68428 -597.8687
509 760.403030081036 -3.1933535839818994 -556.1010456404906 988.2929 28.81455 -599.3177
510 758.4873223500907 -3.1144483652548605 -557.8740049486966 990.4617 28.9454 -600.7664
511 756.6002050048786 -2.988074604668152 -559.6720772133554 992.6304 29.07443 -602.2122
512 754.6886831431942 -2.9100733669920165 -561.4450703627001 994.799 29.20365 -603.6558
513 752.7418396471892 -2.7907356401880654 -563.1724320946845 996.9663 29.33236 -605.0961
514 750.955486542014 -2.676221328194659 -565.0702616335208 999.1375 29.45851 -606.5369
515 749.1375015742075 -2.563173961665517 -566.9287276669339 1001.304 29.58125 -607.9732
516 747.1632333580742 -2.432491544921006 -568.618097086309 1003.471 29.70297 -609.4078
517 745.257801498014 -2.342063194173398 -570.3839912212018 1005.637 29.82681 -610.8397
518 743.3682265720837 -2.248775788836447 -572.1691632148486 1007.806 29.95555 -612.2697
519 741.4771854515009 -2.126167750418509 -573.9453413712507 1009.973 30.08734 -613.6954
520 739.603768164259 -1.9934296755663057 -575.7336659872665 1012.137 30.21781 -615.1186
521 737.660533637953 -1.8669134252802526 -577.4392117451652 1014.298 30.3449 -616.5381
522 735.733667688921 -1.704797754120843 -579.1602376083425 1016.458 30.47099 -617.9592
523 733.827279272236 -1.5473201112207624 -580.9026097085599 1018.616 30.59832 -619.3811
524 731.9871325274478 -1.4033529472384592 -582.712674681825 1020.773 30.72311 -620.8006
525 730.1231955224782 -1.2884221129553552 -584.4918057856046 1022.925 30.84525 -622.2172
526 728.3884685713911 -1.1538557929067252 -586.3904363142437 1025.074 30.96719 -623.6311
527 726.5282619785388 -1.0241482380863467 -588.159337308797 1027.219 31.08777 -625.042
528 724.6644276192134 -0.9085409179623323 -589.9289409843502 1029.367 31.20927 -626.4527
529 722.8869260239898 -0.7770593750515464 -591.7784449442678 1031.514 31.3327 -627.8572
530 721.2475811066614 -0.6789738990673294 -593.7437679383404 1033.658 31.45684 -629.2527
531 719.349668105893 -0.5517055122695463 -595.4560181629679 1035.804 31.58219 -630.6416
532 717.5902973436944 -0.3959718830927054 -597.2941043584341 1037.942 31.70698 -632.0242
533 715.6762998294339 -0.2947253895359796 -598.9879212155492 1040.088 31.82813 -633.4108
534 713.927159773546 -0.13880284638289367 -600.8451391773203 1042.231 31.94674 -634.7988
535 712.1690795056498 -0.012312598140779618 -602.6923505217891 1044.372 32.06456 -636.1849
536 710.2966224448476 0.11350081700714637 -604.4222910128234 1046.514 32.18651 -637.5675
537 708.5501016705676 0.2564571330580554 -606.2752844954913 1048.656 32.31052 -638.9462
538 706.7437906933359 0.3784550831321276 -608.0632509146978 1050.796 32.43167 -640.3174
539 704.8961366181727 0.5039741644819535 -609.8099154335022 1052.94 32.54722 -641.685
540 703.1282384382833 0.6271494521708151 -611.6364021255279 1055.084 32.65961 -643.0515
541 701.4057841634606 0.7248724462985633 -613.5046437132149 1057.226 32.77429 -644.4173
542 699.5532574690067 0.855843353087558 -615.2505588945197 1059.374 32.89861 -645.784
543 697.8742050185399 1.0011586420665004 -617.1619508536612 1061.525 33.0293 -647.1441
544 696.0691451158586 1.121752279485624 -618.945043382064 1063.674 33.16135 -648.4919
545 694.1747265882437 1.2582266127858788 -620.6271564984088 1065.821 33.29059 -649.8375
546 692.1912742991623 1.5472500408539167 -622.1815983104639 1067.966 33.4162 -651.1855
547 690.4755376773946 1.6390789588549712 -624.0493222078975 1070.112 33.53835 -652.5347
548 688.7083640998475 1.7934483194084594 -625.8634220970274 1072.257 33.65737 -653.8847
549 686.8984876212894 1.9749094602413106 -627.6314564952024 1074.401 33.77429 -655.2353
550 685.0031872418888 2.1393931365728927 -629.315211819608 1076.547 33.89027 -656.5901
551 683.2007480025901 2.2722604144278518 -631.0905215137209 1078.687 34.0047 -657.9412
552 681.4005488969227 2.402564902584303 -632.8851274896167 1080.84 34.12492 -659.2934
553 679.5930639418043 2.5305988914665063 -634.659377710164 1082.986 34.24794 -660.6391
554 677.7584588856058 2.6873657634631627 -636.3954014565784 1085.128 34.36709 -661.9814
555 675.9421149624422 2.8554590094447643 -638.1527112839971 1087.27 34.48078 -663.3284
556 674.2021128624041 3.010376384853015 -639.9830552546921 1089.413 34.5871 -664.6693
557 672.4149726795299 3.135460874875231 -641.7870029658833 1091.568 34.69434 -666.014
558 670.7382404904706 3.3051756970678023 -643.6771441757935 1093.718 34.80575 -667.3474
559 668.9965276505278 3.4759314483676964 -645.5172159459904 1095.878 34.92102 -668.6777
560 667.3571763393915 3.612810221274376 -647.4579525922677 1098.041 35.04702 -670.0112
561 665.7259240326642 3.7382692166681624 -649.3941128657916 1100.195 35.17977 -671.3409
562 663.9933875182151 3.8205875645060106 -651.2497712714821 1102.354 35.311 -672.6726
563 662.2930326320183 3.935187166454995 -653.1197920774144 1104.507 35.43368 -673.9958
564 660.6722786586771 4.098547193194234 -655.0628461042396 1106.668 35.54872 -675.3171
565 658.88917825098 4.235387347174739 -656.8596673783871 1108.829 35.66545 -676.6374
566 657.1293133388924 4.357120139952671 -658.6843809220607 1110.993 35.78536 -677.9581
567 655.4055262434907 4.498726125106078 -660.5369418021116 1113.157 35.90472 -679.272
568 653.645801976748 4.6264473618529385 -662.3631859507186 1115.326 36.02658 -680.5868
569 651.757916660338 4.757922113509932 -664.0505246869122 1117.494 36.14825 -681.8958
570 650.1032840351501 4.870364474390139 -665.9622794203298 1119.659 36.26861 -683.201
571 648.8011452650846 4.965760259916593 -668.1475835593675 1121.838 36.38796 -684.5117
572 647.2404986569842 5.114387146399101 -670.1564534431925 1124.019 36.51109 -685.8237
573 645.4947182689381 5.255418048193811 -672.0022614101958 1126.198 36.63445 -687.1319
574 643.7725153306831 5.379802228985865 -673.8752284770271 1128.381 36.75667 -688.4392
575 642.092463240004 5.5146073914376785 -675.7827953336225 1130.564 36.87463 -689.7431
576 640.4318237619779 5.600478183162051 -677.716340987919 1132.753 36.99032 -691.0464
577 638.6970428173212 5.69635302159335 -679.5881391514538 1134.946 37.10266 -692.3504
578 636.9565361049489 5.834969085697121 -681.4561999611063 1137.143 37.21242 -693.654
579 635.2183425602274 5.941118023757274 -683.3281716778896 1139.341 37.32204 -694.9554
580 633.4977630561259 6.0501038237376 -685.2173974665047 1141.541 37.43261 -696.2551
581 631.6530980043194 6.223021147767208 -686.9916405812144 1143.749 37.54673 -697.556
582 630.0583110519299 6.292050281424436 -688.993424446494 1145.954 37.66114 -698.8522
583 628.2571099790249 6.428095593420238 -690.8130551821517 1148.163 37.77645 -700.1487
584 626.3487554057104 6.610091130205333 -692.5206924817854 1150.376 37.89135 -701.445
585 624.7202707509399 6.72183473136022 -694.4974728814196 1152.585 38.00681 -702.7408
586 622.9186073919583 6.812835599801134 -696.3293575844634 1154.8 38.12449 -704.0408
587 621.1881921791954 6.929565332005834 -698.2217393207836 1157.012 38.24356 -705.3377
588 619.4281672351837 7.062023142042346 -700.0936841253697 1159.229 38.36214 -706.6378
589 617.671770227802 7.235112622483521 -701.9670887597778 1161.448 38.48244 -707.9363
590 615.9551318911209 7.364744642629742 -703.8770968687892 1163.663 38.60075 -709.2369
591 614.2418345513164 7.5082532019961565 -705.7988602410095 1165.886 38.71705 -710.5384
592 612.3913921403929 7.633919117519451 -707.5943029037339 1168.11 38.83461 -711.8436
593 610.6010599218271 7.807594126589311 -709.450822237673 1170.337 38.95544 -713.1505
594 608.8210364207054 7.946480132740457 -711.3189414116952 1172.562 39.07728 -714.459
595 607.050977604825 8.108898927986798 -713.1980128215343 1174.79 39.19328 -715.7678
596 605.264723699943 8.225529114595789 -715.1662819401424 1177.083 39.30786 -717.1122
597 603.5326818806036 8.37515715514162 -717.0156845416441 1179.271 39.41873 -718.394
598 601.7663867635423 8.508390191459377 -718.9263729159164 1181.516 39.54154 -719.7105
599 599.9938822260482 8.636128406086204 -720.825314395264 1183.758 39.67071 -721.0223
600 598.1910671679402 8.759383488946453 -722.7285137431273 1186.021 39.80234 -722.3448
601 596.3936543089819 8.91524160430231 -724.6143570325683 1188.272 39.93274 -723.6591
602 594.6049894332779 9.064921805849645 -726.5106065276999 1190.524 40.06015 -724.9743
603 592.7608538688734 9.233464628525182 -728.3647716759605 1192.784 40.18605 -726.2948
604 590.9306865362056 9.361032423314256 -730.2512469083099 1195.054 40.30956 -727.6201
605 589.2134648235237 9.513603794550985 -732.2233872019433 1197.315 40.43252 -728.937
606 587.3371912589533 9.712996376238234 -734.0546246822452 1199.585 40.55332 -730.2584
607 585.5926164545236 9.866402436560415 -736.0310327621986 1201.867 40.67201 -731.5819
608 583.7942769495924 10.013119979551252 -737.9456060299485 1204.142 40.79001 -732.8978
609 581.9942691819284 10.158410077508082 -739.857862946104 1206.417 40.90637 -734.2126
610 580.162859080271 10.32037981971446 -741.763977696626 1208.709 41.02557 -735.534
611 578.3736796313779 10.472321032769383 -743.6946812153034 1210.993 41.14443 -736.8459
612 576.5804587391482 10.582878735965101 -745.6326076308401 1213.283 41.26512 -738.1592
613 574.7873673074679 10.70571114018677 -747.5777646400576 1215.578 41.3833 -739.4756
614 572.9991996461076 10.825115369018118 -749.5278138060795 1217.874 41.50237 -740.7904
615 571.3127514665318 10.933120840417006 -751.5702454714856 1220.173 41.61726 -742.1052
616 569.5321374366611 11.058852560454586 -753.5337621415712 1222.478 41.72981 -743.4152
617 567.6966668776839 11.22643242851597 -755.4454440005237 1224.787 41.83738 -744.7223
618 565.8398160873462 11.398316641872896 -757.3409676152596 1227.101 41.9435 -746.0279
619 564.0538345876606 11.533527879042621 -759.3038868383105 1229.416 42.04989 -747.3281
620 562.2086627631411 11.692801052395742 -761.2273999733447 1231.744 42.15831 -748.6314
621 560.4018841182909 11.829554067256854 -763.1877386887305 1234.074 42.26955 -749.9294
622 558.5761152849866 11.957399927401456 -765.1316509850747 1236.405 42.3792 -751.2267
623 556.7170284328798 12.111829658328135 -767.037363566402 1238.735 42.48429 -752.5197
624 554.8577264260646 12.285166679453663 -768.96912458906 1241.082 42.5865 -753.8235
625 553.0282223389385 12.445989503670296 -770.918233117208 1243.423 42.68651 -755.1203
626 551.2147032707577 12.585559460898248 -772.8937086925781 1245.771 42.78686 -756.4194
627 549.401079823308 12.743344373932851 -774.8718335583234 1248.123 42.88754 -757.7175
628 547.5740440228163 12.945924624042503 -776.8359434392586 1250.478 42.99082 -759.0137
629 545.7977585395338 13.0945575443764 -778.8616468062331 1252.841 43.09761 -760.312
630 544.1000956889577 13.198829980111105 -780.9629313107732 1255.209 43.2069 -761.6116
631 542.3436695225624 13.364833885412366 -783.01370791936 1257.579 43.32063 -762.911
632 540.5645794350199 13.49165623506567 -785.0466779178934 1259.949 43.4359 -764.2087
633 538.7387401295634 13.660792093427489 -787.0300394125447 1262.318 43.54782 -765.5015
634 536.8985674739522 13.847465171519518 -789.0413838212315 1264.716 43.65179 -766.8074
635 535.0914663796119 14.021176106698139 -791.0358155157837 1267.084 43.73951 -768.0952
636 533.2519236241295 14.181381425307858 -793.0329107482504 1269.473 43.81598 -769.3932
637 531.4320690096455 14.34159520424209 -795.0561274265083 1271.868 43.89318 -770.6928
638 529.5614242234343 14.506130366160251 -797.0263340061373 1274.261 43.97657 -771.9869
639 527.7465634741011 14.676315046202019 -799.0705740356126 1276.67 44.06634 -773.287
640 525.9502180032499 14.838783040918521 -801.1228509175281 1279.074 44.15904 -774.5821
641 524.1397342940709 14.98082169150803 -803.163655148937 1281.478 44.25252 -775.8763
642 522.3683039094541 15.132820391784104 -805.2414335215433 1283.885 44.34661 -777.1708
643 520.567849814899 15.290566718134755 -807.2889759020381 1286.29 44.43881 -778.4617
644 518.7504158381673 15.459663850252099 -809.3209835380059 1288.696 44.52846 -779.7516
645 516.9445826912564 15.64974647390378 -811.3619634433954 1291.103 44.61411 -781.0407
646 515.1194834245309 15.806975786483973 -813.3873817261122 1293.51 44.6961 -782.3282
647 513.2964707740598 15.979432408944763 -815.415109637764 1295.919 44.77631 -783.6147
648 511.49071110550324 16.168065212909276 -817.4566673021914 1298.329 44.85866 -784.899
649 509.66510745324126 16.356976420841328 -819.4835457670396 1300.742 44.94119 -786.1825
650 507.8380629991641 16.538532517809514 -821.5073027654413 1303.154 45.0228 -787.464
651 506.0443159032956 16.715060040918203 -823.553040483148 1305.561 45.1037 -788.7421
652 504.2227493412481 16.874152727298686 -825.571152830385 1307.966 45.18137 -790.0173
653 502.4216739611701 17.04622051748873 -827.6188015706128 1310.38 45.25492 -791.2954
654 500.6063087389497 17.2466902475871 -829.6496829574414 1312.794 45.32493 -792.5713
655 498.8123414695539 17.43582209598206 -831.6983338546563 1315.208 45.39321 -793.8437
656 497.0451786959135 17.591530465913266 -833.7757572137943 1317.624 45.46362 -795.1168
657 495.22485434524833 17.765620410981352 -835.7925545227724 1320.032 45.53831 -796.3846
658 493.45324147428323 17.920715556385158 -837.8622003430286 1322.449 45.62651 -797.6481
659 491.63300335482205 18.111919090907428 -839.8841380347852 1324.867 45.70716 -798.907
660 489.77437692139443 18.289011356041545 -841.8792023954247 1327.287 45.80071 -800.1723
661 487.95343990735745 18.467044002339417 -843.904285596842 1329.709 45.86664 -801.4285
662 486.12115930342935 18.66188359824433 -845.9100617529563 1332.123 45.92005 -802.6887
663 484.33351170296874 18.86112291830062 -847.9617712013944 1334.542 45.96958 -803.95
664 482.5445471844658 19.058786642709553 -850.0131491335392 1336.962 46.01545 -805.2106
665 480.70785754532454 19.236948991880823 -852.0199490426505 1339.38 46.06417 -806.4689
666 478.9375207652512 19.435690016528962 -854.0800132553975 1341.797 46.11465 -807.7231
667 477.13056386759615 19.63495597279883 -856.103723373544 1344.212 46.16921 -808.9741
668 475.3307906257136 19.819358451382953 -858.1509430524487 1346.638 46.21961 -810.2296
669 473.53746887880584 20.033926839418317 -860.1918609849791 1349.058 46.27189 -811.4819
670 471.7606333051173 20.241373530845095 -862.2476021281904 1351.478 46.32033 -812.7339
671 470.0260261491569 20.44114824786235 -864.344227548081 1353.902 46.36595 -813.9856
672 468.2280122187038 20.63784998187158 -866.3759006815683 1356.319 46.41171 -815.2327
673 466.43933053682804 20.834309302524204 -868.4223719735123 1358.741 46.45846 -816.4808
674 464.65168733240193 21.01820719800903 -870.4593247196764 1361.156 46.50728 -817.7234
675 462.8581197312764 21.182592401407156 -872.4858257426213 1363.568 46.55681 -818.9605
676 461.1131511689427 21.356803053223494 -874.5520161516013 1365.979 46.60484 -820.1971
677 459.3338229222037 21.5442699618512 -876.5836286591986 1368.388 46.65299 -821.4312
678 457.55393225538677 21.72794814638851 -878.6139893280463 1370.797 46.70062 -822.6635
679 455.72728177890787 21.907314409701904 -880.6012044125209 1373.206 46.74966 -823.8932
680 453.924904810747 22.095803884701354 -882.6038663786447 1375.612 46.79807 -825.1194
681 452.15455007882014 22.25130062292436 -884.6309502564468 1378.014 46.84358 -826.3424
682 450.2960216187141 22.44568662442068 -886.5829854749556 1380.423 46.88691 -827.566
683 448.50959575445836 22.651050947327484 -888.594866429509 1382.83 46.92624 -828.785
684 446.7048890752502 22.833998888368527 -890.5965735531888 1385.241 46.96243 -830.0028
685 444.8953885785462 23.021330283859168 -892.5843131048131 1387.647 46.99431 -831.2155
686 443.06035306533704 23.192738445402192 -894.555907947147 1390.058 47.02338 -832.428
687 441.27376534135215 23.386606649327426 -896.573831187737 1392.473 47.05185 -833.6398
688 439.5050755691634 23.587855215725224 -898.5980350342846 1394.883 47.07894 -834.847
689 437.7670577525448 23.772281577964698 -900.6551119794977 1397.297 47.10779 -836.0545
690 435.9688685710913 23.964848852502904 -902.6581822199238 1399.712 47.13563 -837.2586
691 434.2055258545875 24.14740031973548 -904.6798135137961 1402.118 47.16495 -838.4586
692 432.41959325111384 24.319215080900552 -906.6914670590656 1404.531 47.1942 -839.6596
693 430.6414573299536 24.528400511262728 -908.6989133018589 1406.94 47.22089 -840.856
694 428.8037333744986 24.72519585301428 -910.646102726905 1409.345 47.24749 -842.0488
695 427.08323745942477 24.91692610060943 -912.6931427364973 1411.748 47.27064 -843.2372
696 425.3776922835403 25.113153122758234 -914.7419181515429 1414.145 47.29259 -844.4199
697 423.6467488721653 25.324097719869442 -916.7713312129889 1416.545 47.31261 -845.6026
698 421.9019769555273 25.534018519071534 -918.7834336316976 1418.942 47.32869 -846.782
699 420.11260172665 25.733343910687484 -920.7542259911655 1421.338 47.34203 -847.9587
700 418.3736241815008 25.95670828828686 -922.7708623815906 1423.739 47.3582 -849.1316
701 416.65573525852676 26.16854400567875 -924.8027825693096 1426.137 47.37431 -850.3038
702 414.93863624127744 26.36221692758041 -926.8417572312128 1428.54 47.39107 -851.4737
703 413.22250065148455 26.55958341710451 -928.8760010762716 1430.939 47.40614 -852.6428
704 411.47951462077214 26.773130438578107 -930.884381625087 1433.338 47.41639 -853.8098
705 409.76436510120885 27.00869720457023 -932.9105594639504 1435.735 47.42141 -854.9747
706 408.02185596471884 27.21478910793855 -934.9184825522971 1438.134 47.42352 -856.1389
707 406.2442298691052 27.439089754433322 -936.8976121432474 1440.537 47.42646 -857.302
708 404.4983245143184 27.653911978003816 -938.8992948959549 1442.936 47.43237 -858.4621
709 402.76962234791654 27.89597560228992 -940.9042097648894 1445.33 47.43887 -859.6177
710 401.09887803623997 28.111172685856886 -942.9560458570578 1447.721 47.4462 -860.7713
711 399.3547655775618 28.335451620886893 -944.9483614076635 1450.116 47.45202 -861.9226
712 397.6161450011956 28.57101167172544 -946.9398638027122 1452.509 47.45636 -863.0706
713 395.9179847815569 28.7794324307927 -948.9621822728168 1454.899 47.45953 -864.2129
714 394.1882725505863 28.98772410039 -950.9556560451317 1457.288 47.46458 -865.3539
715 392.49782456418615 29.190911633221003 -952.9746768049749 1459.672 47.46995 -866.4905
716 390.7951901602873 29.370217907933153 -954.9881278340563 1462.058 47.47405 -867.6272
717 389.19072290314205 29.57362666653889 -957.0615677840118 1464.432 47.47977 -868.7581
718 387.4957465938312 29.773992711016863 -959.0617764250028 1466.807 47.47599 -869.8865
719 385.87791558557376 29.996271731273225 -961.1220501849373 1469.182 47.46689 -871.0138
720 384.4158031396126 30.183420667412214 -963.2880971537418 1471.55 47.46029 -872.135
721 382.7475277068132 30.39641667846105 -965.3000709267308 1473.92 47.45073 -873.2573
722 381.0634748396901 30.619649927426735 -967.2859494016859 1476.283 47.43923 -874.3734
723 379.40203905819146 30.809392035665205 -969.287084137459 1478.642 47.42685 -875.4851
724 377.6766335641571 31.015899761546926 -971.2296455024374 1481.001 47.42477 -876.5934
725 376.04312413640156 31.234428103691563 -973.2312664070078 1483.348 47.42592 -877.6953
726 374.3742673753863 31.446438869934152 -975.205049024803 1485.696 47.43611 -878.7965
727 372.68619485798234 31.63083549991206 -977.1624369867916 1488.042 47.44804 -879.897
728 371.01035040256386 31.84441325099349 -979.1166682242829 1490.381 47.45675 -880.9934
729 369.2992577401889 32.060008050174694 -981.0274167183114 1492.712 47.46804 -882.085
730 367.5920484450014 32.28766539347539 -982.9368837839783 1495.041 47.47876 -883.175
731 365.9121934205054 32.5027661832182 -984.861331317539 1497.363 47.49161 -884.2612
732 364.3407233499968 32.731746015174764 -986.8744238756823 1499.686 47.51405 -885.3464
733 362.7258949371941 32.945484660089996 -988.8367610412519 1501.996 47.5321 -886.427
734 361.09510786801275 33.15223872668052 -990.7741306602298 1504.298 47.54396 -887.5023
735 359.42641240228045 33.36413719898374 -992.6889887463761 1506.608 47.55386 -888.5793
736 357.8128088259233 33.57411451673795 -994.642676948213 1508.913 47.56552 -889.6524
737 356.20327530598377 33.76613837720621 -996.5978050995374 1511.216 47.58029 -890.7229
738 354.6036110314118 33.97775548517712 -998.5451584795567 1513.51 47.59751 -891.7874
739 352.9813836981878 34.16425223735127 -1000.4708791663825 1515.801 47.61124 -892.8485
740 351.3815859858116 34.360202548045855 -1002.4190504955307 1518.096 47.62399 -893.9096
741 349.7640101125787 34.551156481059564 -1004.3470987416596 1520.388 47.63313 -894.9665
742 348.1209923423113 34.74624016357763 -1006.2459168825832 1522.676 47.64596 -896.0191
743 346.64272949400214 34.87956350876374 -1008.2767021388172 1524.961 47.66736 -897.0705
744 344.9904892464437 35.08865105629773 -1010.1541727515869 1527.242 47.68706 -898.117
745 343.3579825124687 35.28366057995022 -1012.0496500295596 1529.523 47.70517 -899.1623
746 341.77746125163833 35.47038429023911 -1013.9756949566005 1531.795 47.7202 -900.2017
747 340.18449326331745 35.66766230144277 -1015.8898308887067 1534.067 47.73131 -901.2401
748 338.6516332583735 35.904195393261816 -1017.8434691122828 1536.337 47.73818 -902.2742
749 337.10092464779655 36.09105805932417 -1019.7848552559221 1538.605 47.75082 -903.306
750 335.52692225388057 36.293878510135784 -1021.7042771246835 1540.873 47.76928 -904.3349
751 333.9256559757371 36.4711686074694 -1023.5923376243147 1543.134 47.79346 -905.3584
752 332.3775366011379 36.66674700697 -1025.51722615889 1545.392 47.81679 -906.3787
753 330.7811541216659 36.87911529946452 -1027.3868174557188 1547.641 47.83343 -907.3939
754 329.2279818459729 37.085013570185836 -1029.284786149937 1549.884 47.84794 -908.4067
755 327.6883593209264 37.27646715032806 -1031.203886649395 1552.134 47.86034 -909.4203
756 326.11396438357053 37.48634712469152 -1033.0760000934974 1554.374 47.87274 -910.4252
757 324.62289092137354 37.6903621109745 -1035.0107542456583 1556.611 47.88768 -911.4271
758 323.10078081005935 37.88575073721303 -1036.9138187069343 1558.842 47.90468 -912.4266
759 321.54948722460125 38.063656928830206 -1038.7926852933635 1561.071 47.92615 -913.4263
760 319.99932348982185 38.27041698891161 -1040.6601035928695 1563.292 47.94997 -914.4261
761 318.4968837521933 38.44479361956429 -1042.5622257959567 1565.507 47.97397 -915.4256
762 316.9870277587293 38.63809112658682 -1044.4490717919984 1567.716 47.99707 -916.4241
763 315.4402437289449 38.822005023729346 -1046.3005504934808 1569.92 48.01985 -917.4222
764 313.9636479637735 38.96657446755875 -1048.2156937749583 1572.126 48.04377 -918.4232
765 312.4188939695651 39.16139293705488 -1050.071658088683 1574.331 48.06802 -919.4263
766 310.82949845477526 39.367792398941376 -1051.8782741020627 1576.528 48.09301 -920.4289
767 309.2878825779481 39.55960507120602 -1053.7248780567515 1578.723 48.11923 -921.4312
768 307.7707420902244 39.750996355609104 -1055.581163297458 1580.91 48.14314 -922.4315
769 306.2725218313119 39.94659854868659 -1057.4664398220684 1583.106 48.16606 -923.4386
770 304.6882738544753 40.11730692204329 -1059.2717982022123 1585.294 48.1891 -924.4438
771 303.1742011819102 40.31450214081208 -1061.1281177734031 1587.477 48.21155 -925.4494
772 301.6071509647417 40.505009723106824 -1062.937201105801 1589.656 48.23639 -926.4574
773 300.0296351570786 40.683693225231394 -1064.726963293004 1591.825 48.2626 -927.4666
774 298.42757776905546 40.870681230345916 -1066.503545374959 1593.998 48.29025 -928.484
775 296.813665116121 41.05334343700384 -1068.2519949328691 1596.156 48.31939 -929.5025
776 295.24119439455797 41.236186752451644 -1070.0343311695885 1598.309 48.34906 -930.5255
777 293.7010568813454 41.45946736787721 -1071.8351332488771 1600.456 48.37802 -931.5523
778 292.1185851840126 41.6860213307156 -1073.5884349715318 1602.594 48.40548 -932.5808
779 290.51755959254075 41.8668526240209 -1075.3285343696161 1604.728 48.43406 -933.6148
780 288.91832297777796 42.04828095734035 -1077.0595172744338 1606.851 48.46143 -934.6535
781 287.2854908345837 42.233864490020096 -1078.7551934743462 1608.968 48.49195 -935.6991
782 285.7031389660741 42.40722050485547 -1080.4934976682214 1611.079 48.52624 -936.747
783 284.12544659439084 42.576095220233526 -1082.2209591036342 1613.177 48.56114 -937.7953
784 282.4741334197283 42.72192401360677 -1083.8849440197646 1615.276 48.59697 -938.8488
785 280.8259546394167 42.95447117411184 -1085.5301938259252 1617.365 48.63325 -939.9034
786 279.2049344707253 43.14928538159404 -1087.198705456948 1619.446 48.67009 -940.9606
787 277.60288639114697 43.35217051773824 -1088.8681790472306 1621.514 48.70767 -942.0174
788 275.97580556608335 43.5093076884075 -1090.5218614604844 1623.582 48.74551 -943.0798
789 274.3738136832472 43.69659303200356 -1092.1808769786458 1625.639 48.78112 -944.1387
790 272.7788645197801 43.87864839741538 -1093.8404572780832 1627.692 48.81364 -945.1948
791 271.2528298504596 44.03331045931331 -1095.5581185843487 1629.739 48.84336 -946.2493
792 269.71362599048035 44.20259359190921 -1097.2542496774083 1631.78 48.87178 -947.302
793 268.10482410929984 44.414101308893784 -1098.8787786714142 1633.819 48.89792 -948.3574
794 266.52446224007826 44.60516095993725 -1100.5188677976673 1635.848 48.92252 -949.4093
795 264.96676811061474 44.78271286168413 -1102.1810318278763 1637.876 48.94713 -950.4616
796 263.4398727283179 44.937496333333264 -1103.8635648528195 1639.898 48.97459 -951.509
797 261.881152427907 45.16202799543228 -1105.4866379528992 1641.905 49.00261 -952.5509
798 260.3279583053566 45.34058392248522 -1107.1338644118264 1643.92 49.03083 -953.5981
799 258.74357029159614 45.53713878947199 -1108.732887631206 1645.927 49.06123 -954.6358
800 257.2148809476697 45.725669672140185 -1110.379069306522 1647.929 49.09362 -955.6718
801 255.66488171152642 45.88378627393307 -1112.0051759834016 1649.931 49.1307 -956.7025
802 254.01189308397363 46.11584305282953 -1113.501122125831 1651.926 49.17785 -957.7232
803 252.34010329740838 46.33874971611979 -1114.9756354518465 1653.922 49.22771 -958.7392
804 250.87992663948373 46.53410633892449 -1116.6428202275922 1655.907 49.27404 -959.7429
805 249.45821631881088 46.67766827051892 -1118.3419462377483 1657.888 49.31059 -960.7445
806 247.80700775640983 46.86816645706891 -1119.808478684977 1659.868 49.33671 -961.7407
807 246.34422729321727 47.1002785762199 -1121.4656805168447 1661.857 49.36368 -962.7322
808 244.8127251400337 47.30836536031962 -1123.0558634019171 1663.845 49.39845 -963.7141
809 243.33773302605323 47.46572724374884 -1124.7010784420377 1665.835 49.43882 -964.6864
810 241.79030464909403 47.65155757139029 -1126.2749778152854 1667.828 49.48118 -965.652
811 240.24073634991367 47.86893844441015 -1127.8278539285413 1669.813 49.52421 -966.61
812 238.70640500176756 48.07151554317466 -1129.3945408678026 1671.797 49.56456 -967.5649
813 237.16122256198057 48.239163086004964 -1130.959353119818 1673.786 49.60599 -968.517
814 235.5789939305339 48.441329175642274 -1132.488835772917 1675.782 49.6513 -969.4644
815 234.0017545118878 48.662481915415114 -1133.9903139928256 1677.761 49.69653 -970.3985
816 232.51142214173075 48.82030537721408 -1135.5847609540845 1679.74 49.74 -971.3312
817 231.05213343530306 48.978195732681556 -1137.212609208512 1681.723 49.78185 -972.2641
818 229.59906675464393 49.12140308244082 -1138.8433739329996 1683.703 49.82334 -973.1964
819 228.07632856977133 49.35331415222565 -1140.3974271812965 1685.682 49.86559 -974.1288
820 226.66455981673198 49.48370739789167 -1142.0560709558986 1687.655 49.90905 -975.0597
821 225.09003983434363 49.68746265492403 -1143.5405003429669 1689.621 49.95262 -975.9855
822 223.52915944507845 49.915615107258255 -1145.0326082844044 1691.585 49.99582 -976.9105
823 221.93793828402036 50.11085118179294 -1146.4919440735227 1693.546 50.03776 -977.8338
824 220.30654313988717 50.324573365319864 -1147.9025145381104 1695.506 50.07832 -978.7577
825 218.7420471066058 50.504005149382365 -1149.3819175458182 1697.46 50.12017 -979.6789
826 217.19498335335663 50.6662374783193 -1150.883767693213 1699.416 50.16515 -980.5994
827 215.6284275192484 50.91896028792986 -1152.3608164221737 1701.378 50.21139 -981.5203
828 214.04116085081037 51.16855925424942 -1153.7839442956192 1703.321 50.25832 -982.4311
829 212.5034964490072 51.33206327787958 -1155.2607072663375 1705.258 50.30572 -983.3354
830 210.89105742304298 51.599810290266724 -1156.657182076316 1707.206 50.35512 -984.2435
831 209.3612474495736 51.79194457826109 -1158.1384245142885 1709.144 50.40598 -985.1451
832 207.86292182255053 51.97949757840907 -1159.6454642464926 1711.078 50.45685 -986.0442
833 206.41185216504041 52.138599537407245 -1161.1973892038588 1713.011 50.50409 -986.939
834 204.8832874509519 52.36888782004093 -1162.6699145580126 1714.95 50.54622 -987.8314
835 203.3998469791541 52.59584568300863 -1164.1725870616438 1716.881 50.58931 -988.7143
836 201.9180917830092 52.77472701474643 -1165.6848623210967 1718.815 50.63886 -989.5928
837 200.42280090820248 52.961573709529695 -1167.178927584721 1720.748 50.69222 -990.4667
838 198.94512772595948 53.15825228732657 -1168.6830669177336 1722.678 50.74708 -991.3366
839 197.47252953205583 53.34029753979169 -1170.1924731854317 1724.608 50.80392 -992.2037
840 196.02550650722193 53.5025322725814 -1171.7116132800502 1726.528 50.85882 -993.0631
841 194.60552896271147 53.68522776871809 -1173.246315267824 1728.444 50.91307 -993.9181
842 193.1516957578544 53.86176767574897 -1174.7616495198226 1730.369 50.96953 -994.7738
843 191.75386060060683 54.00186405477472 -1176.2839481021797 1732.261 51.02122 -995.6156
844 190.32153289017296 54.19655631378012 -1177.7755195301063 1734.159 51.0717 -996.4578
845 188.91017901604275 54.38785014459438 -1179.2595074212866 1736.038 51.12203 -997.293
846 187.52980615685578 54.55739769778865 -1180.7714033521381 1737.915 51.1702 -998.1264
847 186.08046040956106 54.72956129891114 -1182.192030401489 1739.776 51.21849 -998.9527
848 184.65984074394152 54.89784247024485 -1183.62881823173 1741.629 51.2688 -999.7741
849 183.30601180044633 55.060243817745906 -1185.1178006752077 1743.475 51.32253 -1000.59
850 181.91421576772944 55.21835053195995 -1186.5508007834542 1745.308 51.37573 -1001.398
851 180.56248087078615 55.40810714279893 -1188.0273606779144 1747.151 51.44766 -1002.199
852 179.18706624066357 55.57234252396419 -1189.4496827811029 1748.971 51.50814 -1002.99
853 177.7917379679343 55.78471628687012 -1190.840514788303 1750.784 51.55995 -1003.788
854 176.43359466837546 55.94865031707494 -1192.269217126652 1752.592 51.60635 -1004.589
855 175.11615266253798 56.11211503359916 -1193.7125795370694 1754.388 51.65386 -1005.375
856 173.77883395469655 56.283107477604574 -1195.1428022274747 1756.187 51.70578 -1006.165
857 172.43086026209818 56.45349916923346 -1196.549145283911 1757.974 51.76265 -1006.957
858 171.0479188994903 56.65090479988442 -1197.905730930369 1759.751 51.82311 -1007.751
859 169.7475141823346 56.798656325970285 -1199.328491400103 1761.513 51.88342 -1008.544
860 168.4394350226204 56.97244806325776 -1200.7230274766791 1763.261 51.95285 -1009.335
861 167.07670765550648 57.14422149165514 -1202.0477534001122 1764.998 52.01045 -1010.123
862 165.8137713280792 57.29983924812204 -1203.4504189210531 1766.72 52.07058 -1010.909
863 164.52534644226063 57.45711379100398 -1204.804013061357 1768.424 52.12901 -1011.69
864 163.24208357925605 57.587233635983424 -1206.1441698544136 1770.113 52.18615 -1012.467
865 161.98522517856898 57.70414639652257 -1207.4893153244077 1771.786 52.24293 -1013.242
866 160.67481559140552 57.82422853369005 -1208.7646975689927 1773.447 52.30027 -1014.014
867 159.45539083994416 57.96862576741647 -1210.110944793694 1775.097 52.35761 -1014.785
868 158.19918426241009 58.079790451142784 -1211.4036343170337 1776.731 52.4143 -1015.552
869 156.9557925064206 58.18661696289275 -1212.6884183057355 1778.35 52.47129 -1016.316
870 155.7142200464889 58.284893028140864 -1213.9567375817219 1779.954 52.52858 -1017.08
871 154.5235402277947 58.37037598237242 -1215.2482896069962 1781.539 52.58609 -1017.84
872 153.289840255051 58.46540531984162 -1216.4701325903097 1783.104 52.64253 -1018.596
873 152.0989336720158 58.563335786985476 -1217.7055477948818 1784.649 52.69797 -1019.347
874 150.7463993671889 58.640070886078746 -1218.7391285379465 1786.178 52.75441 -1020.097
875 149.50303035136685 58.77818573774832 -1219.8728467208923 1787.688 52.81142 -1020.85
876 148.2894605691776 58.86670369045285 -1221.0180399820522 1789.178 52.87006 -1021.604
877 147.14398359292898 58.91980466586904 -1222.2044984119154 1790.644 52.92871 -1022.359
878 145.98488478362026 59.00119723640911 -1223.3579842255344 1792.093 52.98756 -1023.119
879 144.76720073064772 59.07243283778201 -1224.4059961809687 1793.508 53.04491 -1023.881
880 143.5827561884531 59.16966721956111 -1225.4986533137715 1794.918 53.10413 -1024.665
881 142.38563231101233 59.25635649053754 -1226.561555292676 1796.305 53.16251 -1025.467
882 141.18959909687422 59.34084024819553 -1227.5641283101515 1797.645 53.22561 -1026.269
883 139.9562459083935 59.41656348517176 -1228.5510317137057 1798.986 53.2864 -1027.105
884 138.7919328156789 59.5366237217804 -1229.597135268866 1800.303 53.34948 -1027.957
885 137.57883293446008 59.601638621301795 -1230.5332379958286 1801.573 53.4186 -1028.814
886 136.33280296447703 59.687882986095225 -1231.4642427879992 1802.849 53.48746 -1029.705
887 135.11986635389204 59.776625867852566 -1232.3615232501404 1804.07 53.55687 -1030.593
888 133.91447490323725 59.794560465500616 -1233.3301232857566 1805.302 53.62778 -1031.525
889 132.64847869474866 59.86259021657765 -1234.2089586776024 1806.512 53.70201 -1032.479
890 131.40209763257783 59.93038036804252 -1235.033391811414 1807.659 53.78134 -1033.436
891 130.0661582930449 59.99796741037922 -1235.7939078173579 1808.823 53.86369 -1034.439
892 128.74790008702942 60.05194355070859 -1236.5860530259197 1809.965 53.94892 -1035.467
893 127.45877899329972 60.122313626187804 -1237.3050077398468 1811.032 54.03157 -1036.486
894 126.08448109319548 60.197843493751556 -1237.9809916823149 1812.12 54.11921 -1037.563
895 124.76965054838337 60.29169901048559 -1238.6328062698378 1813.127 54.2074 -1038.631
896 123.40065929422019 60.35721061493533 -1239.3304240606853 1814.163 54.29748 -1039.764
897 122.02646848587953 60.3946534718694 -1240.0160754770313 1815.169 54.39358 -1040.921
898 120.64734464449363 60.50561334702451 -1240.498911767948 1816.083 54.49432 -1042.062
899 119.2440233515621 60.53500096476238 -1241.113451586942 1817.025 54.5985 -1043.266
900 117.81438915050288 60.596183517564015 -1241.631168274807 1817.931 54.70465 -1044.484
901 116.4479049606746 60.629616101781465 -1242.1463077764586 1818.744 54.81008 -1045.693
902 115.00602983138886 60.63022791591993 -1242.6402074647872 1819.586 54.91601 -1046.959
903 113.59690552373142 60.71028738810805 -1242.9929280445413 1820.326 55.02254 -1048.207
904 112.09837447797037 60.77224286974889 -1243.2713071947744 1821.1 55.13095 -1049.517
905 110.59765886489187 60.821868466677465 -1243.5438516236143 1821.838 55.24358 -1050.848
906 109.16855318356085 60.883814112774026 -1243.7887515593375 1822.465 55.35588 -1052.152
907 107.66255367077585 60.95007784091206 -1243.9915765563785 1823.124 55.47132 -1053.518
908 106.16913727999196 60.955853147606106 -1244.2419412087763 1823.739 55.58596 -1054.897
909 104.71925049144654 60.98836061611641 -1244.4280732782665 1824.255 55.70364 -1056.26
910 103.20522622430963 61.04480976719192 -1244.493391116285 1824.795 55.82355 -1057.672
911 101.75126395605812 61.09617851966595 -1244.4982999114761 1825.228 55.9407 -1059.056
912 100.2427284173599 61.11491033422896 -1244.3951474902372 1825.688 56.06658 -1060.491
913 98.73922771625274 61.14148455848502 -1244.2940087737368 1826.105 56.19032 -1061.934
914 97.28413211806951 61.15989898196964 -1244.148649944437 1826.418 56.31631 -1063.357
915 95.77836257139553 61.20610259602827 -1244.0165341302531 1826.758 56.44401 -1064.825
916 94.28223802812221 61.26118188902858 -1243.8202649271225 1827.054 56.57325 -1066.3
917 92.8287968757754 61.253449746426064 -1243.6559668116877 1827.248 56.70276 -1067.744
918 91.34622936212406 61.297670811371695 -1243.386847653542 1827.464 56.83518 -1069.23
919 89.87391601560319 61.33180991522681 -1243.0433738763118 1827.64 56.9688 -1070.726
920 88.46226226892279 61.34410637312935 -1242.6449048051084 1827.717 57.09951 -1072.185
921 87.01392803008864 61.35889251731374 -1242.2151005797211 1827.812 57.23215 -1073.687
922 85.60380789342847 61.377736281126445 -1241.796419991144 1827.812 57.3658 -1075.152
923 84.13757587657254 61.39233412782514 -1241.4274617879312 1827.83 57.49929 -1076.658
924 82.70840630267413 61.374587724590455 -1240.930261275245 1827.812 57.63595 -1078.165
925 81.31142035341509 61.39851626791605 -1240.437236750513 1827.696 57.76981 -1079.636
926 79.9412722456587 61.39587200185134 -1239.7971292746402 1827.601 57.90771 -1081.139
927 78.56441708147825 61.423936951099314 -1239.1632907478893 1827.468 58.04396 -1082.643
928 77.23678315638337 61.43134803766963 -1238.482490073952 1827.234 58.17193 -1084.111
929 75.87165435743927 61.44462773422308 -1237.8044190239486 1827.023 58.3023 -1085.615
930 74.54402073977973 61.44152536869147 -1237.1117115409604 1826.704 58.43592 -1087.072
931 73.20191548849662 61.46049438092679 -1236.3749752946326 1826.41 58.56608 -1088.569
932 71.82252954729472 61.50397765828803 -1235.7139784605215 1826.076 58.70315 -1090.056
933 70.55581766020885 61.512022426994676 -1234.9002253327783 1825.633 58.83384 -1091.489
934 69.31349019231871 61.51870243754093 -1234.007587240333 1825.214 58.96963 -1092.954
935 68.08905660643838 61.50774929446751 -1233.0862925606427 1824.755 59.10201 -1094.41
936 66.90110056119131 61.502202515163454 -1232.1394517292988 1824.183 59.2354 -1095.811
937 65.70711337200098 61.488370629159 -1231.177391501985 1823.643 59.3685 -1097.24
938 64.57934162617785 61.51549561850604 -1230.1450310566097 1823.06 59.49507 -1098.648
939 63.430918691535545 61.4973847706597 -1229.1440778642586 1822.357 59.60684 -1099.995
940 62.36877513250832 61.48869442742973 -1228.0432661606271 1821.684 59.72051 -1101.364
941 61.28806619701723 61.480640422494936 -1226.9669358773708 1820.889 59.84234 -1102.66
942 60.27357148248994 61.447996652059345 -1225.8171374833698 1820.139 59.94356 -1103.994
943 59.2984093794601 61.42309595766753 -1224.6346378348992 1819.352 60.05208 -1105.305
944 58.33769290160591 61.41003855677804 -1223.4378968209946 1818.45 60.15961 -1106.542
945 57.3674615752963 61.37823672855885 -1222.2583216825783 1817.589 60.27091 -1107.799
946 56.49698811667205 61.33175731115517 -1221.0066404639015 1816.694 60.38345 -1109.029
947 55.658959800330045 61.32840579346417 -1219.7194673530737 1815.685 60.49128 -1110.182
948 54.79813702014718 61.30781323472191 -1218.4693138154062 1814.723 60.60227 -1111.351
949 54.01393255529541 61.2754682112774 -1217.1470256588893 1813.646 60.71216 -1112.443
950 53.316713776133064 61.25923994461543 -1215.7986529649563 1812.614 60.82078 -1113.551
951 52.64763260038958 61.210832782510124 -1214.439411062489 1811.551 60.93013 -1114.626
952 51.95651143103665 61.1619283890902 -1213.0613385961517 1810.378 61.03586 -1115.622
953 51.28543887103095 61.111772082298145 -1211.700598287167 1809.249 61.14424 -1116.631
954 50.67756225254949 61.05845030612525 -1210.308790123342 1808.088 61.24884 -1117.606
955 50.103535891509765 61.03285814759905 -1208.8654471977857 1806.825 61.34899 -1118.505
956 49.63415240997778 60.97501867083146 -1207.4155688917917 1805.603 61.44839 -1119.412
957 49.11313462177389 60.91612374495969 -1205.9424493261822 1804.284 61.54684 -1120.246
958 48.75206528962352 60.86370548688076 -1204.4551244443892 1803.008 61.64582 -1121.087
959 48.35183746074027 60.81456288982506 -1202.975203750655 1801.706 61.74346 -1121.892
960 48.01701298066015 60.75722386187343 -1201.4380029949266 1800.315 61.83906 -1122.623
961 47.5801173584509 60.73883792113658 -1199.9567576759543 1798.96 61.93421 -1123.358
962 47.29054240434369 60.68328012772174 -1198.4338513171638 1797.579 62.0292 -1124.058
963 47.02177043499144 60.649281402764835 -1196.8675322644826 1796.124 62.11734 -1124.692
964 46.753997765990235 60.57507039670619 -1195.3324410865014 1794.701 62.20732 -1125.325
965 46.59058270290018 60.52640763882751 -1193.7707151266893 1793.253 62.29534 -1125.928
966 46.395169812179255 60.44777400096574 -1192.1764501658888 1791.742 62.38523 -1126.471
967 46.30459588097055 60.38437941351426 -1190.600993132623 1790.258 62.47435 -1127.004
968 46.31870726994182 60.31561282232068 -1188.9849213745822 1788.716 62.5609 -1127.485
969 46.28483967109648 60.240242175144964 -1187.3919371255413 1787.194 62.64482 -1127.955
970 46.320307608299636 60.178759298471874 -1185.789719671103 1785.654 62.72812 -1128.395
971 46.383689489038304 60.12269808345484 -1184.1615367497259 1784.075 62.80871 -1128.793
972 46.50451763179107 60.06284475045379 -1182.5490602875884 1782.506 62.89076 -1129.18
973 46.64624178478969 59.98123981462609 -1180.9307204279157 1780.922 62.97071 -1129.541
974 46.81728155994343 59.9073946772439 -1179.2946580037092 1779.311 63.04728 -1129.873
975 46.96578531818578 59.839112468044824 -1177.6605835937467 1777.702 63.12234 -1130.193
976 47.126729368972136 59.76767858862428 -1176.0206823338267 1776.082 63.19501 -1130.494
977 47.34482325056961 59.69662223736756 -1174.3687739009358 1774.439 63.26738 -1130.771
978 47.600976644025174 59.6302452132024 -1172.7248176732387 1772.797 63.33921 -1131.038
979 47.83565197009538 59.55751629467322 -1171.0611904025307 1771.135 63.41172 -1131.284
980 48.06534810503371 59.50192610083094 -1169.4041018146625 1769.479 63.48361 -1131.517
981 48.34276245906284 59.423354973824 -1167.7294023674244 1767.796 63.55799 -1131.74
982 48.62486434433443 59.35523874373112 -1166.0568418159273 1766.113 63.63222 -1131.949
983 48.892402114428336 59.278645349984295 -1164.3810051349803 1764.428 63.70596 -1132.152
984 49.20770745409165 59.19322798232939 -1162.7077267858458 1762.736 63.77872 -1132.348
985 49.49778244007881 59.103791157365315 -1161.0332743458687 1761.046 63.85109 -1132.534
986 49.78515940260728 59.02287467957299 -1159.3556869922177 1759.353 63.9228 -1132.713
987 50.13387384494945 58.96493406736285 -1157.6844576947367 1757.655 63.99476 -1132.885
988 50.490845513368555 58.89552480186093 -1156.0180489137324 1755.959 64.06682 -1133.051
989 50.87280046365353 58.82965622642293 -1154.3557263747457 1754.261 64.13795 -1133.21
990 51.20393949999113 58.740032613270614 -1152.6859974786137 1752.565 64.20815 -1133.366
991 51.485882361935666 58.67036949626298 -1151.0005091204139 1750.863 64.27888 -1133.519
992 51.84018940134495 58.58955796759221 -1149.3316086405891 1749.163 64.34811 -1133.669
993 52.19871484646005 58.52289722223604 -1147.6579848297424 1747.458 64.41721 -1133.818
994 52.545493215460255 58.46113147304636 -1145.9839945684146 1745.755 64.48641 -1133.964
995 52.91747694962814 58.382877574615506 -1144.3152280594938 1744.051 64.55659 -1134.108
996 53.2592686309663 58.323942124621524 -1142.6341495899092 1742.342 64.62863 -1134.251
997 53.610062665536454 58.26139769337245 -1140.9572978785375 1740.635 64.70178 -1134.391
998 53.94866363798349 58.17602651050003 -1139.2800163153547 1738.929 64.77564 -1134.53
999 54.3570436233748 58.11908941669858 -1137.6142164310704 1737.22 64.8495 -1134.667
1000 54.74476120084806 58.05864685488995 -1135.9489492820098 1735.516 64.92197 -1134.802
1001 55.11175813046205 57.99086732363638 -1134.277462266895 1733.81 64.9947 -1134.934
1002 55.538136818381844 57.92695362729319 -1132.6315267953753 1732.115 65.06585 -1135.064
1003 55.93561322188897 57.87350288824453 -1130.984325178344 1730.426 65.13665 -1135.192
1004 56.27974962775482 57.81973511288674 -1129.3365451772243 1728.748 65.20511 -1135.319
1005 56.63498533505584 57.751432865986054 -1127.6972204293702 1727.075 65.27167 -1135.441
1006 57.02730174548332 57.687291947623365 -1126.0685395409512 1725.404 65.33481 -1135.561
1007 57.32129521765183 57.583714219035855 -1124.4288564946087 1723.74 65.39481 -1135.676
1008 57.70751263635647 57.49913895696141 -1122.8137596699464 1722.082 65.45266 -1135.788
1009 58.0529597500885 57.4263625670723 -1121.1973826234969 1720.432 65.5124 -1135.894
1010 58.399457671685965 57.352050539153765 -1119.58682268272 1718.787 65.5695 -1135.995
1011 58.77854700503892 57.29618926070902 -1118.0030373629847 1717.161 65.62471 -1136.086
1012 59.1557333374743 57.218589506021445 -1116.4205675853598 1715.535 65.67949 -1136.161
1013 59.479802088351654 57.13863837455106 -1114.849499314634 1713.931 65.73199 -1136.225
1014 59.89268270479816 57.079278240847415 -1113.3136757331345 1712.341 65.78231 -1136.271
1015 60.284474838754576 56.99888324138774 -1111.7686269572278 1710.746 65.8327 -1136.295
1016 60.65527114363113 56.93557737002733 -1110.2517996526735 1709.184 65.88013 -1136.308
1017 61.092059203061275 56.86898562115945 -1108.7433000397396 1707.613 65.92724 -1136.285
1018 61.51956579916734 56.82115685123389 -1107.2688038408114 1706.078 65.97128 -1136.253
1019 62.02238705882441 56.74604786846244 -1105.8419674584804 1704.565 66.0123 -1136.194
1020 62.5395605227866 56.67264162458165 -1104.3950950827566 1703.031 66.04779 -1136.085
1021 62.998591279615134 56.619575023646696 -1102.9805982616042 1701.548 66.08116 -1135.967
1022 63.50529494341725 56.545477266330884 -1101.5989005805068 1700.082 66.11041 -1135.821
1023 64.06850853907022 56.47604646889074 -1100.198925589145 1698.586 66.13649 -1135.613
1024 64.62505611158764 56.40923374509303 -1098.8650761617118 1697.155 66.16215 -1135.401
1025 65.3183514078824 56.37674787701088 -1097.5173084944524 1695.669 66.18653 -1135.102
1026 65.97865358790243 56.308722659682225 -1096.2150605108225 1694.241 66.21043 -1134.791
1027 66.72388210220169 56.22486063458095 -1094.9836970069696 1692.835 66.21801 -1134.472
1028 67.46867111140853 56.144610435071144 -1093.6622262576363 1691.371 66.2073 -1134.067
1029 68.24718982864317 56.067686825802824 -1092.4583420865665 1689.991 66.19591 -1133.671
1030 69.05055518724994 55.992511521281116 -1091.2670460122506 1688.621 66.17116 -1133.232
1031 69.91879410143433 55.917167883763796 -1090.018235634218 1687.197 66.14385 -1132.693
1032 70.78050589303363 55.836966326992346 -1088.8839146690102 1685.87 66.09641 -1132.171
1033 71.72968675145817 55.76599710077856 -1087.6858674266068 1684.476 66.06232 -1131.541
1034 72.59793202724201 55.67474932659046 -1086.5744621997048 1683.2 66.01776 -1130.935
1035 73.50380059086237 55.62327407641321 -1085.5082636526868 1681.961 65.98452 -1130.284
1036 74.55221694741358 55.5495695779385 -1084.4046405094352 1680.643 65.94241 -1129.52
1037 75.56843087355753 55.470016245353484 -1083.4450371265289 1679.457 65.90758 -1128.777
1038 76.57385759133625 55.414729606232086 -1082.4847455730871 1678.306 65.87101 -1127.996
1039 77.70182785226325 55.33729765361289 -1081.4706748572207 1677.079 65.82757 -1127.102
1040 78.8466845736481 55.26646048990145 -1080.685232360384 1675.989 65.78896 -1126.24
1041 80.08387634768957 55.21021848016766 -1079.809247301901 1674.826 65.74585 -1125.267
1042 81.2451934882279 55.16013883148173 -1079.060623353059 1673.811 65.70668 -1124.329
1043 82.39124175999532 55.108316003552815 -1078.2893553946399 1672.831 65.6632 -1123.355
1044 83.72816080936757 55.060671173829256 -1077.6027831620772 1671.787 65.61313 -1122.274
1045 84.9628718881358 54.9932570972871 -1076.9822196833334 1670.884 65.56276 -1121.227
1046 86.18663735678274 54.92707152226341 -1076.3491202315831 1670.025 65.50954 -1120.149
1047 87.56598133500502 54.864556951530055 -1075.7658869638524 1669.099 65.44746 -1118.972
1048 88.8291991217217 54.78849570088196 -1075.207128993464 1668.319 65.38886 -1117.831
1049 90.23519887308758 54.71928541118447 -1074.7142900836172 1667.481 65.32217 -1116.599
1050 91.57181767176559 54.69965010750392 -1074.36299575635 1666.783 65.25392 -1115.408
1051 92.91913739783298 54.63751696211631 -1074.000870953425 1666.116 65.18499 -1114.183
1052 94.36376574252614 54.5929674824474 -1073.6653465482473 1665.409 65.10462 -1112.881
1053 95.73324265832927 54.55287353076668 -1073.3545910518817 1664.817 65.03254 -1111.609
1054 97.11153205007759 54.4812009972102 -1073.1002162169873 1664.267 64.95835 -1110.32
1055 98.57549620160246 54.43328066789753 -1072.862414868824 1663.679 64.87654 -1108.96
1056 99.97321834946605 54.39671809865703 -1072.7110796885045 1663.209 64.79507 -1107.637
1057 101.37942191523892 54.36519779944957 -1072.6265880182323 1662.781 64.71287 -1106.297
1058 102.87937957587982 54.33639911238784 -1072.5933987803915 1662.301 64.62431 -1104.878
1059 104.29409709785045 54.299214713412624 -1072.5494548433621 1661.958 64.538 -1103.507
1060 105.79333183572702 54.25644146564713 -1072.5426011932122 1661.562 64.46915 -1102.062
1061 107.19268903530948 54.20151764174861 -1072.6146164974532 1661.319 64.3632 -1100.685
1062 108.60393721794176 54.14806304716694 -1072.7541716798532 1661.115 64.26554 -1099.284
1063 110.09863285619102 54.07926428017575 -1072.9266271484812 1660.875 64.14444 -1097.802
1064 111.51598139610729 54.013620245263624 -1073.1646193060783 1660.772 64.05174 -1096.37
1065 112.9310201171095 53.95914240661985 -1073.3978824966175 1660.724 63.95351 -1094.939
1066 114.39812351468177 53.93612275205229 -1073.7153024656425 1660.624 63.86049 -1093.444
1067 115.80111855333247 53.88826464170471 -1074.009890392068 1660.666 63.75655 -1092.014
1068 117.26226024002055 53.82466237839017 -1074.349964222174 1660.665 63.65347 -1090.516
1069 118.64176827874951 53.78474748025558 -1074.7837199626429 1660.808 63.53899 -1089.081
1070 120.00942676505574 53.74222902491539 -1075.2608796452337 1660.998 63.42386 -1087.649
1071 121.40942207205792 53.6846588374056 -1075.8003021496597 1661.14 63.30548 -1086.159
1072 122.7495187690344 53.632594083629165 -1076.36611701847 1661.423 63.18844 -1084.736
1073 124.07756199507955 53.597515558413484 -1076.9862085792292 1661.752 63.07257 -1083.312
1074 125.41563370345534 53.55034224052924 -1077.6737833593252 1662.049 62.95694 -1081.841
1075 126.69669528483593 53.53383893322744 -1078.4194505559074 1662.469 62.84239 -1080.424
1076 127.99465542721774 53.49603739897093 -1079.1990712981249 1662.869 62.72406 -1078.968
1077 129.27769724485964 53.45213609106379 -1079.9817384211385 1663.374 62.61487 -1077.556
1078 130.53620901924367 53.39641596978775 -1080.8180143589857 1663.914 62.50419 -1076.148
1079 131.780162615871 53.35106919434243 -1081.704619385474 1664.445 62.39675 -1074.719
1080 133.02013321739545 53.29162663536867 -1082.5914149138443 1665.055 62.28661 -1073.325
1081 134.2100930199605 53.27271980171526 -1083.5598686299923 1665.691 62.17659 -1071.933
1082 135.38061812243345 53.269284139498744 -1084.5666462206773 1666.334 62.06217 -1070.534
1083 136.59181589889013 53.21909009075233 -1085.5713009318476 1667.04 61.9526 -1069.131
1084 137.77499475691698 53.178773030604546 -1086.571040380394 1667.748 61.84362 -1067.757
1085 138.94888278367682 53.14104354528432 -1087.6160094692034 1668.471 61.73872 -1066.365
1086 140.11484547970437 53.12224379537136 -1088.6768660133578 1669.233 61.6328 -1064.989
1087 141.3171368945793 53.07522335081234 -1089.7102343548079 1670.011 61.52604 -1063.611
1088 142.4009267858515 53.09821395918216 -1090.8961411411967 1670.82 61.41849 -1062.227
1089 143.51510187211474 53.10626255242927 -1092.0650812635715 1671.64 61.31031 -1060.84
1090 144.6029561821866 53.08645111535715 -1093.241907588319 1672.455 61.20477 -1059.464
1091 145.75187183019617 53.04196724779993 -1094.3797575240246 1673.289 61.0989 -1058.082
1092 146.94146568221132 52.995007211490616 -1095.5051577457848 1674.135 60.99427 -1056.683
1093 148.0940099674177 52.95783859523002 -1096.6817130513712 1674.989 60.89092 -1055.278
1094 149.29422441689832 52.91049307192576 -1097.8326468127498 1675.853 60.79 -1053.86
1095 150.46082921222597 52.85709852748117 -1099.0056819811234 1676.716 60.69111 -1052.451
1096 151.62328414188812 52.82473826344732 -1100.203098905472 1677.591 60.59208 -1051.033
1097 152.76340209196195 52.83986787062631 -1101.4399890288887 1678.473 60.49193 -1049.604
1098 153.9254718827142 52.83673274778988 -1102.7105249727038 1679.381 60.38454 -1048.145
1099 155.0896346390568 52.84825007789496 -1103.8950315156792 1680.259 60.28089 -1046.739
1100 156.23064773682003 52.87984268784157 -1105.1714458979743 1681.167 60.17613 -1045.291
