0 0.0 0.0 0.0 1.110223e-16 2.220446e-16 -2.220446e-16
1 0.03642507552428513 0.005286049745024575 1.001669032555338 0.05154656 -0.02424883 1.000725
2 0.10138460108146914 -0.004250776975143017 1.9993073024998087 0.1464632 -0.05051622 1.995659
3 0.2591209829643655 -0.022124740618395804 2.988128514350824 0.2879204 -0.07903059 2.986691
4 1.247646582997207 -0.020329125793670758 3.0893443859876704 0.4657503 -0.1102928 3.963845
5 1.433028622337778 -0.05677772585496845 4.069867929779854 0.6971645 -0.143877 4.934639
6 1.6615008941535558 -0.10003417372820853 5.034637347937881 0.9715689 -0.1802237 5.887651
7 1.9981204929307386 -0.14546209789271336 5.96584318239351 1.288079 -0.2184877 6.826202
8 2.3321834987710344 -0.17336448050072556 6.894903931216445 1.651331 -0.254729 7.743952
9 2.7101781778643415 -0.20596154761799862 7.806441639658581 2.050498 -0.2919528 8.64624
10 3.1065671382013975 -0.2095336217533987 8.708006089672605 2.488685 -0.3309237 9.527392
11 3.557415896770042 -0.22105530029124373 9.57995002379499 2.966292 -0.3697385 10.38417
12 4.042116837177951 -0.23260474653728028 10.431287409834308 3.483068 -0.4086031 11.2156
13 4.528686316878754 -0.27548665598005473 11.276425138104909 4.03669 -0.4439735 12.01878
14 5.078340280319355 -0.3160131261421272 12.080207312273933 4.631439 -0.4790227 12.79006
15 5.696746905573997 -0.3606128457724373 12.822097281724844 5.252124 -0.5136186 13.53058
16 6.348485982746098 -0.3774170077061346 13.538235476988058 5.913461 -0.5462713 14.23731
17 7.001335700501468 -0.41021613973257354 14.248232854585753 6.602643 -0.5777429 14.91216
18 7.702037847231342 -0.43867689404720156 14.904793536665697 7.315983 -0.6091556 15.55483
19 8.407624788024869 -0.4829451900092699 15.548357330162665 8.059654 -0.636292 16.155
20 9.188149718557229 -0.5111279771152695 16.09397108765516 8.824947 -0.6652783 16.72174
21 9.966158056090235 -0.5295353480943487 16.642276440606054 9.617499 -0.6938755 17.24835
22 10.755317965956811 -0.5333387483576407 17.17618602219165 10.43572 -0.7209802 17.73582
23 11.550910316508569 -0.5584069042792233 17.699336215901173 11.27339 -0.7448949 18.18861
24 12.424892015107398 -0.5697735122558492 18.097742558290225 12.13844 -0.7707228 18.60541
25 13.307338804693542 -0.5877306514954385 18.484525780961857 13.02386 -0.7968987 18.98486
26 14.18208969160654 -0.575328626616854 18.89207710784473 13.92282 -0.8194983 19.33529
27 15.10796281212438 -0.576299640547611 19.204181047297702 14.84567 -0.8398217 19.65558
28 16.041124162679655 -0.6187023422269194 19.523513294893593 15.78819 -0.859011 19.94858
29 16.978955976092728 -0.6284757254130513 19.8497549014539 16.74609 -0.8779579 20.20959
30 17.936903674266496 -0.6893227202790999 20.103244881664878 17.71096 -0.8926428 20.4429
31 18.92832964439258 -0.6705570813038659 20.23707606061375 18.69074 -0.9066816 20.64544
32 19.908914853890362 -0.7018060671602335 20.49930756157824 19.69166 -0.9204752 20.81649
33 20.92728010069349 -0.7352369587831303 20.628328834978184 20.70872 -0.9323174 20.9589
34 21.93971527546866 -0.738209403822805 20.863295571305834 21.74157 -0.9423525 21.0745
35 22.97720469779522 -0.7707787079553291 21.03909275628067 22.79076 -0.948405 21.16118
36 24.0385200806156 -0.7634796813912886 21.117583294971908 23.85365 -0.951047 21.21468
37 25.110912361880146 -0.7979613695635634 21.21958673993956 24.93112 -0.9519265 21.24069
38 26.202687626799623 -0.8221029507194981 21.24595818946568 26.02348 -0.9509506 21.24027
39 27.303088412522577 -0.9011301001646961 21.28776152702276 27.12723 -0.9489508 21.21564
40 28.41218628429306 -0.8963418214249893 21.413484591751914 28.24249 -0.9456288 21.16969
41 29.53789470227857 -0.881723802305027 21.322720169924807 29.37022 -0.9414386 21.10741
42 30.67250064619731 -0.8738268158584691 21.281807823353518 30.50291 -0.9363594 21.0296
43 31.81474445438433 -0.8633310670000001 21.255252115773466 31.64196 -0.9296868 20.93984
44 32.94382964331023 -0.8305504523018827 21.042073942551117 32.78682 -0.9216773 20.83696
45 34.10490661186977 -0.8357639401882389 21.007964907503663 33.94232 -0.9117462 20.71859
46 35.277380907694685 -0.8458905355470695 20.875200121971076 35.11473 -0.9007201 20.58533
47 36.477386835920015 -0.8364149449571868 20.78243777554793 36.30912 -0.8891584 20.43698
48 37.69580908594336 -0.8292207989936755 20.629957059014767 37.5268 -0.8781568 20.2789
49 38.94152597431429 -0.8277030843263863 20.505592094047778 38.76733 -0.8670199 20.11085
50 40.208027449288544 -0.8152277896718279 20.421788391890175 40.02403 -0.8564479 19.93253
51 41.49481398704359 -0.7902467287536525 20.27880335860115 41.3055 -0.8460362 19.74648
52 42.80547167829674 -0.7598871087216167 20.164646394863908 42.60679 -0.837548 19.55065
53 44.13325055280856 -0.7406552037402622 19.97472369260463 43.93278 -0.8295496 19.34786
54 45.482656958215316 -0.7417975257368199 19.769417804515268 45.28137 -0.8187903 19.13753
55 46.85993340239592 -0.7125643339998344 19.636065279119833 46.6485 -0.8059921 18.92231
56 48.2473073423224 -0.7100665239398136 19.41445921664282 48.03559 -0.790753 18.69944
57 49.66188083616252 -0.6982954267156258 19.246368225227098 49.44201 -0.776593 18.47318
58 51.09682960076763 -0.6799332035055958 19.05156211514149 50.87125 -0.7612088 18.23994
59 52.54913270622095 -0.6333336809941208 18.872829584147258 52.31634 -0.7488661 18.00571
60 54.013086073669456 -0.6227562770230396 18.61268880170887 53.78414 -0.7385593 17.76822
61 55.520202177319916 -0.6240880217359999 18.509819086632564 55.27561 -0.7282464 17.52865
62 57.02754603338596 -0.5466469014280823 18.258419880149244 56.7869 -0.7193216 17.28947
63 58.57036380471048 -0.5074040394057328 18.095457842891523 58.3197 -0.7090229 17.04698
64 60.13048899745162 -0.49294939457329245 17.928845999496634 59.87004 -0.6982294 16.80555
65 61.706638492496076 -0.445589944701743 17.668162412644087 61.44932 -0.6898538 16.56009
66 63.31033371842116 -0.4041804999350367 17.481360507993166 63.04564 -0.682234 16.31483
67 64.93452727894272 -0.3822721125804984 17.29536823131463 64.66146 -0.6742945 16.06555
68 66.57418345055405 -0.36153215099101466 17.10737667619463 66.29273 -0.665932 15.81429
69 68.22595915830023 -0.33062244830966203 16.94720082490617 67.93358 -0.6566595 15.56429
70 69.88170958639674 -0.30994268206580267 16.680718581631222 69.59146 -0.6495479 15.31065
71 71.55839836032288 -0.3065167497810547 16.46402776483723 71.26348 -0.6455501 15.06048
72 73.25037732308276 -0.28820870971598406 16.254260259470893 72.94957 -0.6411509 14.80708
73 74.97397542471808 -0.2710737225754237 16.166551462161948 74.65679 -0.6351425 14.55382
74 76.70702657116139 -0.2092297913220461 16.046390245087338 76.37583 -0.6266393 14.29583
75 78.45229112687862 -0.13187851968286643 15.875191765862262 78.11207 -0.6192733 14.03765
76 80.21703070557994 -0.06847447124176943 15.733834158989144 79.86417 -0.6121849 13.77611
77 81.98667753251414 -0.024999349715234556 15.531755304408787 81.62656 -0.6069533 13.51471
78 83.77056181584479 -0.038203577609959016 15.321262306705433 83.40315 -0.6037449 13.2493
79 85.57674269405378 0.019263651680961107 15.206134643950383 85.19377 -0.601808 12.98
80 87.39600494280799 0.07036956064885691 14.996186524970325 87.00538 -0.5994816 12.70711
81 89.21666607483172 0.08486213743006879 14.708647437463235 88.82747 -0.5948763 12.42843
82 91.0649429149638 0.13373419007840143 14.503096998106166 90.66661 -0.5892579 12.14861
83 92.92836205962884 0.16202861370735708 14.329298298762565 92.51613 -0.5822604 11.86127
84 94.80207153839933 0.16127886818799353 14.076236657392421 94.38417 -0.576158 11.56935
85 96.69227784394805 0.17131140141084986 13.850243244981307 96.26377 -0.5690865 11.26751
86 98.59407994951351 0.178695810792534 13.62496881986827 98.15387 -0.5670654 10.95901
87 100.500052948372 0.18916459407464276 13.351912086742662 100.0527 -0.5652429 10.63988
88 102.41883705346876 0.201818564756484 13.13540436074432 101.9553 -0.5641477 10.30991
89 104.34085658959772 0.17859737590023136 12.83740957696958 103.8698 -0.5624452 9.966128
90 106.26950605057131 0.18058295814776856 12.5259649707691 105.791 -0.5643553 9.611618
91 108.20272372774312 0.1939612311150207 12.157875387185399 107.7248 -0.5687973 9.246382
92 110.16372352206011 0.19263653363866137 11.889264005289759 109.6683 -0.5717942 8.871585
93 112.13436121539706 0.20533352906526786 11.613411355287642 111.6206 -0.5733449 8.486629
94 114.10974912645334 0.23427349554853144 11.29419251701989 113.5815 -0.5728043 8.086921
95 116.09455922327255 0.23177713912685854 10.982410740982974 115.5478 -0.570538 7.674193
96 118.07749439403767 0.23331962001632506 10.617715575937549 117.5182 -0.5680584 7.246929
97 120.07221401930605 0.24715135258952992 10.262467262606577 119.4963 -0.5658779 6.808278
98 122.08495055725598 0.27585386119732885 9.921480581197876 121.4861 -0.5645652 6.351224
99 124.09579189356236 0.30491601526729745 9.525129457438734 123.4817 -0.5636678 5.883248
100 126.10643462925914 0.3415010784371968 9.104509034896546 125.4794 -0.5607338 5.403529
101 128.123491473331 0.35949446810889446 8.644267045278665 127.4889 -0.5591517 4.911013
102 130.16256041109838 0.3687076498344685 8.260772543232676 129.5004 -0.5556139 4.402279
103 132.20898545749026 0.36137703800992965 7.840157197602007 131.5233 -0.5494115 3.880107
104 134.27831270074932 0.3922610284040363 7.5211194448400365 133.5486 -0.5427542 3.348158
105 136.34109070202334 0.4444524587703951 7.100632262097557 135.5837 -0.5360354 2.806947
106 138.39749573266025 0.48726733293092356 6.613120968466948 137.625 -0.5295973 2.257989
107 140.47873549020014 0.5014293103305403 6.163430521745384 139.6797 -0.5224538 1.699296
108 142.54868892968935 0.526699876884889 5.67180382788199 141.7304 -0.5179993 1.132152
109 144.66619727613244 0.57917934088191 5.349982799598566 143.7927 -0.5127373 0.5515872
110 146.76704690294477 0.5999825460011564 4.882204690790957 145.8618 -0.5061993 -0.0413721
111 148.8691792212386 0.6101476112797056 4.408104890665881 147.9305 -0.5006247 -0.6449311
112 150.98160256204267 0.6787737329017998 3.935161529126213 150.0068 -0.4959689 -1.261108
113 153.10711125638147 0.7146929640129958 3.4376561553944915 152.0968 -0.4898301 -1.892338
114 155.21810347110784 0.740548072573437 2.891309623140549 154.1812 -0.4829921 -2.533182
115 157.33013362641964 0.7804232745887587 2.2985335529418522 156.2753 -0.4753909 -3.187653
116 159.45742980447056 0.8115720165426841 1.7360692238388706 158.3734 -0.467684 -3.851462
117 161.58857358948504 0.8166159578672008 1.1672226606283904 160.4737 -0.4608735 -4.525316
118 163.747830055413 0.8446781815759337 0.6413878803499665 162.5875 -0.4555311 -5.211974
119 165.90386957663137 0.8552383525793807 0.0801783753586558 164.7037 -0.4525483 -5.908582
120 168.06276374546957 0.8814383171253047 -0.5029053902230697 166.8257 -0.4495307 -6.614701
121 170.2373158078918 0.9503366943776284 -1.0585342756874019 168.9537 -0.4456125 -7.331463
122 172.42175843259196 0.997936144592072 -1.6176474209852882 171.0871 -0.4416744 -8.063072
123 174.59172100231854 1.0641054204028038 -2.255972473782623 173.2245 -0.4365523 -8.806086
124 176.778638909335 1.1142428151461814 -2.8627746456900893 175.3665 -0.4294089 -9.557829
125 178.96882353153146 1.170124275910988 -3.4972280312108084 177.5169 -0.420933 -10.31827
126 181.170559658622 1.1880543075654075 -4.115924262019812 179.6714 -0.4118277 -11.0856
127 183.42387407845092 1.211781091442443 -4.547318876488248 181.8303 -0.4043634 -11.86225
128 185.63007215665263 1.259079691580479 -5.214380642493724 183.9969 -0.3985802 -12.64986
129 187.8498585256978 1.3085038876670732 -5.869372641147807 186.1699 -0.3990509 -13.44797
130 190.07886572145912 1.3589828801990604 -6.507897942896359 188.344 -0.4000549 -14.25545
131 192.2985434016012 1.4110646365166537 -7.1968594599526154 190.5195 -0.4013833 -15.07493
132 194.52634713245772 1.4509205679862536 -7.920204013001347 192.7087 -0.4038655 -15.90879
133 196.77399774322998 1.5044056149069893 -8.601633509040106 194.901 -0.4035663 -16.75316
134 199.00871994474232 1.5501147915891842 -9.335449061086248 197.093 -0.4021162 -17.60738
135 201.25815866485803 1.5714900524445214 -10.073273798902385 199.2958 -0.4006638 -18.47484
136 203.4470104209981 1.687531012383272 -10.92429145531625 201.4804 -0.4011965 -19.34449
137 205.7111026908538 1.7107287132724254 -11.659145498637894 203.6882 -0.4030819 -20.23459
138 207.92960087671986 1.789961320192451 -12.47133346790035 205.877 -0.4061955 -21.12723
139 210.2069579450461 1.8230052214810943 -13.156845675368888 208.0748 -0.408323 -22.03665
140 212.4653801073512 1.8511297192776368 -13.91797454972694 210.2746 -0.4072563 -22.95396
141 214.7186042573079 1.8732063340462919 -14.703622634883496 212.4744 -0.4051777 -23.87896
142 216.9756568737953 1.9201728650263192 -15.467747917774966 214.6697 -0.4036944 -24.80688
143 219.20144115538818 1.936638540903158 -16.347761538046292 216.8716 -0.4053455 -25.7452
144 221.45400350150345 1.963294876524323 -17.2013087680811 219.0854 -0.4089666 -26.69513
145 223.6989844761934 1.982799372358703 -18.008815100825377 221.2752 -0.4145729 -27.6423
146 225.87573681308695 2.0352418733733844 -19.01499115525008 223.4748 -0.4227878 -28.5989
147 228.1000312702132 2.128580361253814 -19.919179731121606 225.6743 -0.432373 -29.5663
148 230.38478016622844 2.2230564764601715 -20.652830793698826 227.8686 -0.4418329 -30.54211
149 232.64409530187348 2.285537665682174 -21.479592920563057 230.0656 -0.4485622 -31.5245
150 234.8804522130876 2.3201626099624937 -22.362653394601107 232.2584 -0.4502008 -32.51137
151 237.14992917022303 2.3529563526666357 -23.1547180089315 234.4478 -0.4516442 -33.50409
152 239.40203299604423 2.3817333129701828 -24.01490156871186 236.6402 -0.4545615 -34.50713
153 241.68923146371657 2.4408649370883975 -24.7648520643532 238.8266 -0.456504 -35.51552
154 243.94339050094678 2.473742030295506 -25.613637605815722 241.0098 -0.4583595 -36.53355
155 246.1760016502008 2.506123674807855 -26.51019338800107 243.1866 -0.4598154 -37.55871
156 248.43545345838422 2.533444427898632 -27.32941083880165 245.3571 -0.4618584 -38.59114
157 250.7019510877614 2.5488760077097807 -28.131463022245896 247.5244 -0.461475 -39.63198
158 252.9672944621935 2.5987634050425976 -28.928432061760397 249.6839 -0.461446 -40.68364
159 255.2315148951931 2.643739942450518 -29.74063564570721 251.8424 -0.4628392 -41.74631
160 257.4719367151898 2.672799148371363 -30.594729609959618 253.9896 -0.4623208 -42.81371
161 259.6455764983082 2.674206712868036 -31.628818457679813 256.1425 -0.4599411 -43.89031
162 261.9049082446774 2.724152937202646 -32.47095418408731 258.2951 -0.4566041 -44.97777
163 264.1681093736655 2.776937334923984 -33.30606226363844 260.4446 -0.451586 -46.07408
164 266.3792892393911 2.8803500687185184 -34.27836049525741 262.5925 -0.4468931 -47.18398
165 268.60457524106516 2.9361632589038527 -35.21466858723178 264.734 -0.4443228 -48.30007
166 270.8503919400634 3.0014319769426003 -36.16123649866496 266.892 -0.442692 -49.43452
167 273.086430539545 3.0571436807127066 -37.07418684134719 269.0255 -0.4394885 -50.56793
168 275.3800458768714 3.1534752790966056 -37.89640573952764 271.1744 -0.4357941 -51.72041
169 277.62498547035136 3.2677745565748677 -38.87832547701461 273.3318 -0.4312748 -52.88771
170 279.82084252864945 3.3764798063846384 -39.969457005556684 275.487 -0.4244063 -54.06212
171 282.086569667577 3.4387058861488433 -40.96662530664098 277.658 -0.4182424 -55.25311
172 284.34394695425186 3.501985104925129 -41.99181380916071 279.8273 -0.4128268 -56.45514
173 286.6059340915663 3.558254262327999 -43.06890445482743 282.0168 -0.4105826 -57.67414
174 288.7760133925445 3.701012791951222 -44.28178665213576 284.1885 -0.4095589 -58.89251
175 291.10157751944377 3.8178411755868153 -45.218705583359096 286.3724 -0.4079618 -60.12956
176 293.4089019320777 3.8972410757169116 -46.25614967890916 288.5702 -0.4045488 -61.38495
177 295.7192213295728 3.9950242795986335 -47.3012970274321 290.7704 -0.3986685 -62.64929
178 297.9954716437096 4.115365988843788 -48.45104311734751 292.9827 -0.3908822 -63.92341
179 300.25572919645134 4.2466034842913265 -49.64072391263243 295.1953 -0.3821466 -65.20624
180 302.6221002879807 4.358466445622079 -50.65553616005432 297.4212 -0.3713999 -66.50521
181 304.9994800440939 4.459935871870208 -51.640628094693945 299.6423 -0.3587114 -67.80874
182 307.4194323530202 4.578639390602034 -52.565156938222586 301.8763 -0.3470056 -69.1256
183 309.7985085556209 4.726869184462317 -53.60650680303604 304.1141 -0.3372516 -70.4517
184 312.113463306993 4.900612952266003 -54.80954825192708 306.3593 -0.3307952 -71.79168
185 314.5194159016968 4.993904347917599 -55.86432870570295 308.6134 -0.3233356 -73.14403
186 316.90100000665433 5.040157732826701 -57.00326238031711 310.8714 -0.3126191 -74.51245
187 319.2957576330047 5.068302009197215 -58.13989585315597 313.1301 -0.2971879 -75.90012
188 321.46408253950364 5.132851851562128 -59.676124712791534 315.3852 -0.2796424 -77.30725
189 323.59595101677996 5.218970773643478 -61.27253673544621 317.6383 -0.2578412 -78.72988
190 325.9411930448538 5.228688597918816 -62.56729221169218 319.8954 -0.2381554 -80.17271
191 328.35569310792243 5.294507397705472 -63.756808668749436 322.1579 -0.2197853 -81.63211
192 330.72454465771983 5.356915011616556 -65.02995729578245 324.412 -0.2016825 -83.10009
193 333.1029602953962 5.414349813822645 -66.29277643543985 326.6626 -0.1825361 -84.57972
194 335.44578946119594 5.458737060868266 -67.61791947087848 328.9055 -0.1608324 -86.06826
195 337.83149915369313 5.525932166835697 -68.87831368949739 331.1477 -0.1383913 -87.57051
196 340.1455219018881 5.574544612743359 -70.27245291972841 333.384 -0.1125608 -89.08675
197 342.5311028654925 5.595660895630628 -71.54225896034721 335.6133 -0.08455148 -90.61426
198 344.8716167600049 5.616900612189514 -72.89839342306156 337.8389 -0.05242768 -92.15154
199 347.2689309152339 5.699303392848983 -74.14783980920369 340.056 -0.01599584 -93.70014
200 349.6004562900578 5.73655317445999 -75.53990558870746 342.2752 0.02333862 -95.26502
201 351.9847505835974 5.734632626730743 -76.83875771755875 344.4892 0.0633751 -96.83616
202 354.29266927496013 5.763033494750968 -78.27033272298337 346.701 0.1024766 -98.41195
203 356.67089054885855 5.798603539086743 -79.58987897654099 348.9103 0.1402984 -99.99813
204 359.068719422282 5.8619762493809136 -80.86290345764654 351.1094 0.1754218 -101.5909
205 361.4227075071286 5.876938655655997 -82.24332701032299 353.3107 0.2141195 -103.2033
206 363.7442263294001 5.8824740811375715 -83.66016106659617 355.4996 0.2539708 -104.817
207 366.04398691467867 5.9114807661340025 -85.11183305486955 357.6809 0.2903191 -106.4411
208 368.3653139564635 5.932111211483437 -86.55106039460166 359.867 0.3297903 -108.0781
209 370.660473587007 5.9385939484692205 -88.0124267225892 362.0386 0.3801369 -109.7167
210 372.96259906832614 5.960977282089346 -89.46395354844451 364.2051 0.433594 -111.3631
211 375.28137357956064 5.94518121379414 -90.88448557137383 366.3626 0.4855505 -113.0176
212 377.61253168605475 5.9348282660977185 -92.28780616203339 368.5148 0.5357534 -114.6817
213 379.9045190055763 5.929049486797904 -93.73968228721148 370.6543 0.5857535 -116.3494
214 382.17507155191015 5.970597037075432 -95.23260666239199 372.7925 0.6347512 -118.0262
215 384.6379231611376 5.923765146050214 -96.38700657987057 374.9322 0.6806409 -119.7055
216 386.8667226575388 5.826328649997743 -97.89267247258083 377.0444 0.7141844 -121.3733
217 389.1351811944996 5.785449970312344 -99.36644688822861 379.1489 0.732239 -123.0734
218 391.36724322870475 5.842303234086564 -100.89817974370192 381.246 0.7514499 -124.7861
219 393.71048007136187 5.900624060119081 -102.26841863125014 383.3531 0.7912642 -126.4979
220 395.97528671045205 5.8837505184283865 -103.76598097453866 385.4625 0.8581189 -128.2062
221 398.12236532721755 5.847229092706864 -105.41736681501771 387.5638 0.9375737 -129.914
222 400.15962181625827 5.77357022877268 -107.18746919349785 389.6489 1.01544 -131.6273
223 402.4570215940746 5.669945459291229 -108.58851520344004 391.7168 1.088896 -133.3507
224 404.81178972592573 5.586270095973097 -109.89634842028417 393.78 1.154913 -135.0831
225 407.06198115499706 5.551352923586554 -111.3824394199617 395.8385 1.214067 -136.8244
226 409.1581919452557 5.574801880122455 -113.0792713211592 397.8934 1.272858 -138.5702
227 411.35499030896807 5.540832500080378 -114.63832153468377 399.9429 1.334967 -140.3176
228 413.5480950237765 5.507425084224405 -116.1874133607828 401.9775 1.399861 -142.0688
229 415.9981100733998 5.458056455153813 -117.3186126734611 404.0132 1.46395 -143.8398
230 418.20422205251776 5.431377790365741 -118.85957910036254 406.0396 1.53057 -145.6094
231 420.32763990678114 5.391171032615309 -120.51738426728731 408.0639 1.596786 -147.3861
232 422.56685902148587 5.382901085521781 -122.01637464255722 410.0865 1.665192 -149.1653
233 424.84017034239037 5.275149076966048 -123.43978949770084 412.0999 1.73948 -150.9391
234 427.17479152337756 5.162155324609232 -124.78714469103701 414.1199 1.820766 -152.7256
235 424.96958289907104 5.468451501177629 -126.29048931784516 416.1297 1.902123 -154.5063
236 427.1135817220965 5.4495499847692495 -127.90433678461015 418.1369 1.980352 -156.2858
237 429.3297400649662 5.432660960185479 -129.417585533646 420.1401 2.051261 -158.0701
238 431.42235053102024 5.399448486958199 -131.09845934000947 422.1413 2.117805 -159.8579
239 433.58458293988787 5.323887423814945 -132.69313387521092 424.1424 2.186326 -161.6509
240 435.6851856816212 5.256058600962467 -134.35749324798732 426.1357 2.256082 -163.4423
241 437.802822917036 5.196024083010904 -136.0046371528724 428.1288 2.325413 -165.2378
242 439.9010103441931 5.1453814490989975 -137.66235576625382 430.1109 2.396912 -167.032
243 441.9647940083863 5.062690617716856 -139.37027525036834 432.0961 2.47181 -168.831
244 443.9845651248742 4.991274273097516 -141.1181913778422 434.0721 2.549279 -170.628
245 446.06345590911616 4.930793086270515 -142.79984866013334 436.0531 2.650572 -172.4221
246 448.09689722431136 4.855505289868776 -144.5311643584446 438.042 2.755615 -174.2029
247 450.1599853784887 4.745160483754307 -146.2092111572203 440.03 2.84391 -175.9705
248 452.2764616188067 4.633866223476833 -147.84859222268366 442.0339 2.921911 -177.7475
249 454.39174071908434 4.5193950858995775 -149.48648416053283 444.0392 3.006852 -179.52
250 456.4793632508449 4.391337246638325 -151.15632217260617 446.046 3.098726 -181.2884
251 458.525346751953 4.293853484237325 -152.86708147957066 448.0532 3.192574 -183.0447
252 460.52095466027157 4.22763932245136 -154.6321427180313 450.064 3.278015 -184.7916
253 462.6526975581609 4.135907143360043 -156.2444793052032 452.0924 3.358861 -186.5327
254 464.8287447944262 3.992722167950305 -157.78845061942116 454.1251 3.436998 -188.2652
255 466.9454509198231 3.85060162491057 -159.40759410412332 456.158 3.516788 -189.9924
256 469.06597662664046 3.7079052013034235 -161.01774696534247 458.1873 3.593514 -191.7203
257 471.2233133686533 3.5455536262465293 -162.57855714169278 460.2152 3.669483 -193.4519
258 473.2119895878108 3.4333880078668884 -164.35644190810362 462.2462 3.750848 -195.183
259 475.3206285799678 3.2892173290016204 -165.98160514543082 464.2791 3.835891 -196.9059
260 477.36492386961805 3.1469564082386223 -167.68153361357324 466.3135 3.921999 -198.6214
261 479.42289890545624 3.0009858279068387 -169.3687005219239 468.3509 4.004216 -200.3376
262 481.503541317247 2.843743144328994 -171.0153518036491 470.3839 4.079549 -202.0483
263 483.59816608954674 2.6838423735362515 -172.66199151356054 472.4259 4.154116 -203.7656
264 485.65308819898814 2.5630954115310276 -174.35746046406692 474.4683 4.23021 -205.4787
265 487.68464706361215 2.4067102034511256 -176.072583799068 476.5113 4.309712 -207.1855
266 489.7807177711534 2.261872482324864 -177.7054556097409 478.5558 4.389454 -208.8868
267 491.8486749728216 2.1476830478954665 -179.38375243842117 480.606 4.471449 -210.5886
268 493.9458532053689 1.9933762386574585 -181.01478322911072 482.6545 4.555624 -212.2853
269 496.0425849777972 1.8612561968391492 -182.65410819974448 484.7071 4.640076 -213.9826
270 498.1661229881286 1.7059138360172539 -184.250642983342 486.7577 4.720801 -215.677
271 500.2221590211454 1.5788400546346002 -185.93272922976064 488.8066 4.799764 -217.3707
272 502.32018266178926 1.4137626928779303 -187.56971026736946 490.8629 4.88093 -219.0659
273 504.36409993196327 1.2330897629752884 -189.26548914790007 492.9166 4.960767 -220.7576
274 506.4604805817681 1.10858936857795 -190.9005877140176 494.9713 5.038016 -222.4476
275 508.5597371136733 0.9477544300392755 -192.52859068062406 497.0247 5.116707 -224.1389
276 510.667398950012 0.7828322743956104 -194.13433202973482 499.0722 5.193552 -225.827
277 512.637098348305 0.6616985874280998 -195.93670335503668 501.1328 5.267707 -227.5274
278 514.6359183118043 0.5855571249191922 -197.69472501986465 503.1867 5.349108 -229.2205
279 516.7885384752523 0.425390784540001 -199.25307871385405 505.239 5.43277 -230.9143
280 518.8624667877318 0.2797475694853622 -200.91553448277816 507.2915 5.519275 -232.6072
281 520.9674663416378 0.11296077815209668 -202.52619776943004 509.3381 5.605249 -234.2975
282 523.0664588181694 -0.010212086785996582 -204.16948662773558 511.3939 5.689304 -235.9969
283 525.1610030239335 -0.19600293646705522 -205.80147088939364 513.4454 5.773309 -237.6908
284 527.1546092424609 -0.2871295916108889 -207.562999415865 515.4974 5.857608 -239.3843
285 529.2371801353528 -0.477361445818178 -209.2082146915506 517.5493 5.942483 -241.0762
286 531.3261734725536 -0.6594322195074691 -210.84632242385715 519.6014 6.026971 -242.768
287 533.4025991496904 -0.8274194049342715 -212.51103314486193 521.6574 6.115358 -244.4639
288 535.4889815019685 -0.9980890693678817 -214.15542689162703 523.7106 6.206642 -246.1557
289 537.5763655075209 -1.1571006728084774 -215.79638554053295 525.7627 6.29972 -247.8455
290 539.659567313072 -1.3009823579288788 -217.4468504420076 527.8159 6.392878 -249.5367
291 541.7698384831915 -1.4305323804065333 -219.05338316326754 529.8651 6.486799 -251.2228
292 543.934000688477 -1.6403154445018586 -220.60125608133075 531.9262 6.582378 -252.9158
293 546.0839638245794 -1.8103866976609375 -222.16018969835406 533.9814 6.677372 -254.6036
294 548.1178741139428 -1.976869171015044 -223.87047663945123 536.0377 6.771372 -256.2925
295 550.2322438628219 -2.1432852976828247 -225.48335588534493 538.0951 6.865967 -257.983
296 552.2867536276603 -2.261934113360657 -227.17853546888244 540.1536 6.964906 -259.6746
297 554.3813859011063 -2.4336817377437656 -228.82114817261953 542.2136 7.066817 -261.3661
298 556.5335623464825 -2.6032519400308995 -230.37719774176833 544.2679 7.168745 -263.0547
299 558.5009119572484 -2.6805431050755604 -232.1750738019977 546.3253 7.265256 -264.7478
300 560.3875290320955 -2.827505406051502 -234.04187280891387 548.376 7.35715 -266.4366
301 562.4308655079132 -2.93148811952102 -235.7596035778089 550.4365 7.450904 -268.1343
302 564.5171383190169 -3.073779361142401 -237.42064614310812 552.4956 7.551427 -269.8319
303 566.6155446828989 -3.22735404283883 -239.05446422097523 554.5493 7.654529 -271.5254
304 568.6640750624199 -3.34331082968371 -240.75699018753437 556.6051 7.757167 -273.22
305 570.7538605779569 -3.4974882555212985 -242.4025792872703 558.6591 7.857401 -274.9141
306 572.6516013948782 -3.6560514792531476 -244.2798449743524 560.7204 7.957556 -276.6146
307 574.765905656326 -3.7893701776364725 -245.90244495464498 562.7775 8.058037 -278.3114
308 576.8300240846467 -3.951679615727231 -247.59126646763497 564.8386 8.161795 -280.0085
309 578.9170934512722 -4.122382066749189 -249.242638033561 566.8959 8.267916 -281.7021
310 580.9551363047383 -4.278093605490505 -250.9509793271753 568.9502 8.373989 -283.3947
311 583.0402877868396 -4.4433408121386 -252.62025420505083 571.015 8.48345 -285.0936
312 585.2105221085558 -4.6520715479842485 -254.1628972602544 573.0773 8.593947 -286.7871
313 587.3757443572482 -4.802471352542076 -255.71341383061312 575.1384 8.705148 -288.4766
314 589.4509291172294 -4.9638383372808565 -257.3846280669341 577.2007 8.816896 -290.1677
315 591.5149187375024 -5.125400339349259 -259.0523962981382 579.254 8.924907 -291.8529
316 593.594834570447 -5.286986560353723 -260.7134205921859 581.3141 9.03162 -293.5428
317 595.6473304821978 -5.43681639809083 -262.39971142808395 583.3713 9.137328 -295.2267
318 597.6566775256906 -5.603063231781607 -264.1506318768353 585.4383 9.245509 -296.9139
319 599.7730908606047 -5.788246612747149 -265.79723338169697 587.519 9.353208 -298.6121
320 601.6810994318685 -5.824342897637202 -267.5902350183616 589.5489 9.456599 -300.263
321 603.7111524304302 -5.981336965028361 -269.2999925745257 591.6108 9.561344 -301.9383
322 605.777047588583 -6.138251534949372 -270.96042840872474 593.6716 9.666809 -303.6091
323 607.9196570350466 -6.3280585124518485 -272.5233943729158 595.737 9.775807 -305.28
324 609.9989879608642 -6.48661648206827 -274.1710853479999 597.8027 9.883665 -306.9488
325 612.1811208037944 -6.636355810938526 -275.67404509178647 599.867 9.992222 -308.6131
326 614.2125147391208 -6.758976173466277 -277.38494217307357 601.9345 10.09861 -310.2813
327 616.2910828857844 -6.89839897127859 -279.0403215513509 604.0024 10.20684 -311.9523
328 618.3802310425193 -7.06734841080692 -280.6803586469661 606.0701 10.31717 -313.6242
329 620.3862497721914 -7.261976244093982 -282.4075314358945 608.1333 10.43016 -315.2902
330 622.4441288327258 -7.435650960372519 -284.09146604485045 610.2041 10.54205 -316.9635
331 624.5102706456129 -7.608617801239397 -285.758931178339 612.2707 10.65103 -318.6358
332 626.6215947597306 -7.728565215624924 -287.3617115774665 614.3316 10.75646 -320.3039
333 628.8533934895692 -7.871247917009181 -288.8095195615293 616.4014 10.85851 -321.9781
334 630.9586294420322 -8.019962270603743 -290.42215623716083 618.4658 10.96062 -323.6462
335 633.0262358074862 -8.174869950510509 -292.0912752859828 620.535 11.06765 -325.3171
336 635.1395760836922 -8.349354381136639 -293.70460764803187 622.6067 11.17705 -326.9891
337 637.2469543034126 -8.490113238316344 -295.32109678909455 624.6751 11.28685 -328.6575
338 639.2393555964748 -8.59859504114983 -297.0834858123973 626.7459 11.39641 -330.327
339 641.3717853639943 -8.77501204832464 -298.6611891998171 628.8138 11.50486 -331.9942
340 643.4758420696925 -8.947217015896031 -300.2901827551296 630.8887 11.61229 -333.6656
341 645.3726736417382 -9.02328431235966 -302.1519403641108 632.9587 11.72232 -335.3308
342 647.5424184283858 -9.255655100139975 -303.68034424394824 635.0324 11.83193 -336.9998
343 649.6379831679135 -9.38859197212136 -305.2964550450431 637.0951 11.9409 -338.6594
344 651.6982611258819 -9.55506831090247 -306.9686183525687 639.1659 12.04805 -340.3234
345 653.7528073279002 -9.738726125626236 -308.6481089327635 641.2374 12.15564 -341.9886
346 655.733293640366 -9.82739415609144 -310.41296995984436 643.3047 12.26642 -343.6496
347 657.7519057699338 -9.97377629962556 -312.13323461913825 645.375 12.37656 -345.3101
348 659.7756074450532 -10.127642940897253 -313.84477081849906 647.4454 12.48249 -346.9686
349 661.8270132370382 -10.290127930798613 -315.51852093266405 649.5155 12.58629 -348.6239
350 663.874227426176 -10.408569140499704 -317.21096759865895 651.5913 12.69235 -350.282
351 665.986510607601 -10.58138507223347 -318.805701679974 653.6623 12.80042 -351.9355
352 668.0514791027443 -10.730360981175876 -320.4647958007279 655.7358 12.91009 -353.587
353 670.1291624668414 -10.910642464916485 -322.09583401756225 657.8057 13.02023 -355.2341
354 672.2013244326992 -11.095463010976822 -323.73565434183746 659.8779 13.13 -356.8806
355 674.2679822409851 -11.249214455692364 -325.40185241037506 661.9586 13.23887 -358.5328
356 676.285050400057 -11.41567419129789 -327.1196652018283 664.0361 13.34665 -360.1819
357 678.3898318421619 -11.608398435929466 -328.72150097396644 666.112 13.45227 -361.8289
358 680.4956552220431 -11.757593734795151 -330.3291406242432 668.1904 13.55813 -363.4752
359 682.5689508339074 -11.89987738898066 -331.98381609126875 670.2712 13.66357 -365.1232
360 684.6611376678468 -12.079833359756362 -333.60715179375677 672.3505 13.76872 -366.7695
361 686.793960708269 -12.228319262081706 -335.1871401396489 674.4325 13.87413 -368.4192
362 688.9461209108591 -12.359367003764655 -336.7333487710395 676.509 13.97893 -370.0675
363 691.0869242070953 -12.520612154582343 -338.2999270883483 678.5876 14.08324 -371.7203
364 693.1756388104542 -12.656822749397277 -339.9382229276813 680.6657 14.1885 -373.3743
365 695.272319790973 -12.811055230357443 -341.5662939165044 682.7432 14.29713 -375.0304
366 697.322336069084 -12.956178461236025 -343.25018349831765 684.8198 14.40571 -376.6842
367 699.3879006908087 -13.116361702794737 -344.9101619864322 686.8945 14.51349 -378.337
368 701.4465513606432 -13.291568840186791 -346.5729794890454 688.9656 14.61921 -379.9902
369 703.561646283186 -13.480911279102207 -348.17264365128676 691.0408 14.72406 -381.6488
370 705.5952291809297 -13.633987889684072 -349.8750501507447 693.1156 14.82707 -383.3046
371 707.6786051971752 -13.800553942209397 -351.519005429175 695.193 14.92975 -384.9613
372 709.7722867863422 -13.950269670633437 -353.1484842078786 697.271 15.03283 -386.6143
373 711.7590514303265 -14.088420419274867 -354.9014063332633 699.3457 15.13859 -388.2646
374 713.8513145711806 -14.173566979508397 -356.5427190183736 701.4274 15.24435 -389.9181
375 716.0007113237795 -14.331669688731985 -358.095901435913 703.5065 15.34668 -391.5686
376 718.0857863123819 -14.564156411377546 -359.719689065284 705.5829 15.44804 -393.2168
377 720.1032119854478 -14.76028645292476 -361.4352563174944 707.6613 15.54996 -394.8665
378 722.2089104321193 -14.92686518925977 -363.05204544375255 709.7441 15.65581 -396.5177
379 724.1659585366828 -15.052954355076842 -364.8388681906102 711.8243 15.76531 -398.1607
380 726.3207152424574 -15.176202051584134 -366.37939518379295 713.9054 15.87836 -399.8001
381 728.4121793049642 -15.325018907100963 -367.9935492652723 715.9839 15.99116 -401.4338
382 730.2094761807322 -15.359344765583444 -369.93584561874 718.0631 16.10183 -403.0674
383 732.1351918580456 -15.375129382268678 -371.75068010872127 720.1441 16.21513 -404.698
384 734.2432646065694 -15.504939415763781 -373.3517243225503 722.2296 16.32798 -406.3296
385 736.3363789018185 -15.634072234695159 -374.96991614004224 724.3156 16.44029 -407.9582
386 738.3685771412032 -15.687792556670065 -376.67080837144573 726.4057 16.54399 -409.585
387 740.4731123478665 -15.826906099039112 -378.27636379678734 728.4983 16.66273 -411.2077
388 742.6398697308996 -15.99025742989407 -379.78916402344635 730.5888 16.77343 -412.8287
389 744.8676326734422 -16.1507536289408 -381.2051075512839 732.6752 16.88104 -414.4501
390 746.9535783876158 -16.276186379921466 -382.83343549165767 734.7664 16.98171 -416.0734
391 749.0392803528181 -16.41079827217699 -384.4554011019018 736.8556 17.07951 -417.6935
392 751.1959019487324 -16.570079408599256 -385.9931546041629 738.9533 17.1754 -419.3157
393 753.2884702437966 -16.71947170442758 -387.6100951729035 741.0479 17.27242 -420.934
394 755.3862696092588 -16.876480626309515 -389.21735158751676 743.1419 17.37146 -422.5508
395 757.4754129094608 -17.03306668788496 -390.83663786058315 745.2354 17.4672 -424.1692
396 759.5824421082227 -17.182603670370735 -392.4369578243509 747.3289 17.555 -425.7917
397 761.6299655381135 -17.30843041880976 -394.1122921526345 749.4207 17.65191 -427.4134
398 763.5637440956231 -17.474331585532624 -395.9213354417229 751.5173 17.75413 -429.0362
399 765.4165823075145 -17.63151261883749 -397.8070606580319 753.6116 17.85404 -430.6541
400 767.6786007832623 -17.79188813156152 -399.1800443763238 755.7109 17.94006 -432.2706
401 769.7576153254331 -17.951185873280497 -400.8121315930574 757.8089 18.02205 -433.884
402 771.8376326648282 -18.0606807899731 -402.44967348966156 759.9091 18.09594 -435.4976
403 773.750466361992 -18.13410651429088 -404.29287979922185 762.0181 18.17308 -437.1125
404 775.8480987149775 -18.224964822393922 -405.91392161532576 764.1249 18.25478 -438.7221
405 778.29302932371 -18.672961048427855 -404.98476632069423 766.2346 18.33932 -440.3295
406 780.4745984899907 -18.744999308904827 -406.4957798487147 768.3468 18.42281 -441.9355
407 782.8364648605082 -18.89321713367052 -407.69024831005635 770.4571 18.50284 -443.5378
408 784.8883948050207 -19.022560535647603 -409.37100574635633 772.573 18.58489 -445.1404
409 786.8683579553255 -19.138187742877964 -411.1364075289496 774.6901 18.66585 -446.7409
410 788.8640401154548 -19.227371438763353 -412.88068143477085 776.805 18.74823 -448.3389
411 790.9488364817254 -19.357188910789937 -414.5069702306622 778.9176 18.82798 -449.9322
412 792.9066951572235 -19.440822212833215 -416.2995324962379 781.0382 18.91026 -451.529
413 794.9612309225109 -19.57837046855509 -417.96765836885737 783.1553 18.99428 -453.1207
414 797.0010521692819 -19.710389722286152 -419.650646158583 785.2706 19.07913 -454.711
415 799.0583778233092 -19.79097958033006 -421.31847193775235 787.3866 19.16217 -456.3036
416 801.1135053333182 -19.906605725636787 -422.97195261034136 789.4935 19.24372 -457.8927
417 803.1876415896243 -20.044883965207017 -424.61058347003427 791.6044 19.32538 -459.4876
418 805.2641764242838 -20.166970991511995 -426.2393699936011 793.7097 19.40541 -461.0817
419 807.3745447114463 -20.3145413033209 -427.8216029309752 795.8137 19.48576 -462.6772
420 809.4319829325374 -20.42057534177233 -429.46948122793253 797.914 19.56981 -464.2714
421 811.4704734001728 -20.544299932016227 -431.13507655979686 800.0123 19.65533 -465.8635
422 813.5356991168345 -20.656736845009064 -432.76384370949484 802.1083 19.73792 -467.4543
423 815.7260834395516 -20.80182369415758 -434.21433681509694 804.2028 19.8163 -469.0448
424 817.8004336356582 -20.9678068673301 -435.82793980113036 806.2987 19.88938 -470.6373
425 819.9247064387197 -21.08588482779259 -437.3823011251237 808.3959 19.96249 -472.2307
426 822.0563531298943 -21.283947467561088 -438.9097434879092 810.4902 20.03686 -473.8196
427 824.0904041713295 -21.38868481651307 -440.5855640640662 812.591 20.11443 -475.4125
428 826.1331504854337 -21.495401398496195 -442.2430324460704 814.6888 20.19413 -477.0013
429 828.1303828469723 -21.629516353563613 -443.95949207252545 816.7915 20.27321 -478.5905
430 830.1794365459871 -21.751721551121808 -445.6109270928467 818.8949 20.3538 -480.1748
431 832.2817465359717 -21.90926868817361 -447.1944701975701 821.0023 20.43563 -481.7573
432 834.3483587401848 -22.070042459100424 -448.8332196909275 823.1164 20.51693 -483.3404
433 836.3441074575286 -22.22443980412909 -450.5528371609389 825.2301 20.59912 -484.9182
434 838.4976354629906 -22.34231377125345 -452.07492936920517 827.3472 20.68385 -486.4927
435 840.0766753468317 -22.385585907564465 -454.1858720487581 829.4645 20.77068 -488.0614
436 842.1308455089128 -22.54217331525177 -455.8446463200408 831.5909 20.85797 -489.6319
437 844.2315506328345 -22.713804239535786 -457.45246677353 833.7229 20.94602 -491.2049
438 846.3307101626406 -22.842236736565685 -459.06351303128633 835.8541 21.03407 -492.7761
439 848.3963317010349 -22.98098989482811 -460.7148896496243 837.986 21.12295 -494.3446
440 850.4392459771346 -23.113011875470445 -462.3974644372742 840.1199 21.21212 -495.9132
441 852.5171760681146 -23.249327111850334 -464.05084946630717 842.2623 21.30359 -497.4854
442 854.5702317439385 -23.390152701159963 -465.7319754221662 844.4038 21.3978 -499.0558
443 856.7217052980292 -23.559301496764874 -467.2797602518803 846.5437 21.49439 -500.6257
444 858.6103682512835 -23.724953301530388 -469.1389418071574 848.6827 21.58726 -502.1964
445 856.5391006442703 -23.58169235494815 -467.4842061190724 850.8213 21.67907 -503.767
446 858.6863236777357 -23.796313045385602 -469.05351472039723 852.9722 21.77339 -505.3431
447 860.8903276598675 -23.94551627076612 -470.53173668017956 855.1147 21.86598 -506.9135
448 858.8093082923848 -23.802871691997677 -468.8749864971979 857.2619 21.95643 -508.4874
449 856.7602181053 -23.68614972503553 -467.17776981576856 859.4084 22.04762 -510.0613
450 858.8937632670805 -23.83451709312991 -468.76957874686786 861.557 22.1402 -511.637
451 860.8763050067789 -23.86366587300152 -470.55872642469814 863.7104 22.23641 -513.2137
452 858.5748031414028 -23.683146610998232 -469.230383175453 865.8589 22.33432 -514.7848
453 856.4768536988109 -23.5081554274138 -467.5935264213061 868.0116 22.43636 -516.3554
454 854.4485887601475 -23.324527282783215 -465.88462070024144 870.1571 22.53588 -517.9222
455 852.6692690180128 -22.723069864536004 -467.7514746958408 872.2938 22.63292 -519.4836
456 850.459396309533 -22.467364834315724 -466.29331594167985 874.4419 22.72987 -521.0493
457 848.2827321697359 -22.341781960996077 -464.7789995372089 876.5885 22.82659 -522.608
458 846.198674089707 -22.192688612859875 -463.14472391935624 878.7368 22.92504 -524.1609
459 844.3097625329438 -22.106103800635598 -461.2938035897315 880.8822 23.02388 -525.7065
460 842.2483630032442 -21.966209988102424 -459.63844441086155 883.0323 23.12541 -527.2479
461 840.0614357485274 -21.811001984491426 -458.1215369107839 885.2001 23.22957 -528.7963
462 837.9439702354967 -21.680694653162362 -456.6035019706631 887.3238 23.32974 -530.3079
463 835.8305739669668 -21.470295217638817 -455.0452659755088 889.4706 23.43087 -531.831
464 833.8862537605826 -21.318566256565074 -453.2919412009684 891.6091 23.53263 -533.3456
465 832.1227822311115 -21.223885460680755 -451.34371929006204 893.755 23.63418 -534.8619
466 829.9001930534841 -21.12768663933421 -449.95997292054005 895.8952 23.73415 -536.3697
467 827.8035709984399 -21.003629555067732 -448.39888752961957 898.0347 23.83529 -537.8732
468 825.6698949649785 -20.86003144453226 -446.8926263587123 900.1742 23.94138 -539.3743
469 823.561825137683 -20.698187129125287 -445.3695414649141 902.3079 24.04861 -540.8662
470 821.3994040375635 -20.536988890423565 -443.8972648804377 904.4565 24.15887 -542.3632
471 823.5307163167594 -20.728301632941914 -445.3783566747229 906.591 24.26707 -543.8481
472 825.6561394440337 -20.852176555243457 -446.8763651853036 908.7272 24.37286 -545.3321
473 827.3640653363971 -20.904821839315535 -448.8377957358609 910.8623 24.47974 -546.8143
474 829.3334972797688 -21.04187222660575 -450.5181538726492 912.9899 24.58493 -548.2919
475 827.0657161536159 -20.847484702572732 -449.2640031430858 915.123 24.68802 -549.7727
476 829.2656846962345 -20.99544629596213 -450.6525320550173 917.2617 24.78905 -551.2578
477 827.0534069873315 -20.84907613858807 -449.2955619295831 919.4006 24.89471 -552.7312
478 825.1469328674607 -20.72605295315011 -447.52774234192515 921.5445 25.01399 -554.2024
479 827.3922634905848 -20.88069250225953 -448.8009628848054 923.6762 25.1219 -555.6621
480 829.3737314801714 -20.97746310103328 -450.4601569330882 925.8066 25.21008 -557.1257
481 831.0704201683102 -20.89721121575325 -452.42355403221273 927.945 25.3008 -558.5951
482 833.0945424467105 -20.9540871498254 -454.0536176575681 930.0863 25.41005 -560.0649
483 830.9125855236776 -20.8314602433528 -452.6465779431899 932.2263 25.52985 -561.5352
484 832.930131868165 -20.97723016962654 -454.25388210710526 934.3539 25.65168 -562.9959
485 835.1417943164455 -21.149988093081188 -455.60666539900717 936.4928 25.77269 -564.4662
486 837.1388680111268 -21.211307023435918 -457.2653354456688 938.6325 25.89232 -565.9327
487 839.3474790636268 -21.40525676418153 -458.614471287954 940.7719 26.01411 -567.3969
488 841.4914402632309 -21.672951120452023 -460.05756635987865 942.9158 26.13759 -568.8595
489 843.7244336602279 -21.787176936804332 -461.37721761769114 945.0575 26.26007 -570.322
490 842.3540444919888 -21.38159874721667 -463.55150264272896 947.2049 26.38159 -571.7862
491 844.5268120629763 -21.552877082820824 -464.97147006905175 949.3532 26.50083 -573.2481
492 846.6028247971691 -21.747449549205054 -466.5355384001659 951.5077 26.62079 -574.7102
493 845.1578961086097 -21.33910113012598 -468.66014532233146 953.6604 26.74228 -576.1661
494 847.342954371216 -21.48262488224857 -470.06513040399335 955.8153 26.86169 -577.6191
495 849.2764648529798 -21.57140440939216 -471.8187516038167 957.9804 26.98219 -579.0749
496 851.4594132310635 -21.659677973236292 -473.2330452713932 960.1378 27.09965 -580.5258
497 853.5333045185556 -21.70785727012181 -474.8150668536152 962.3019 27.22009 -581.9778
498 855.7431482047068 -21.845424917955118 -476.186930724102 964.464 27.3483 -583.4246
499 857.9150532180912 -22.00525615143674 -477.6353557130258 966.6368 27.48447 -584.8741
500 860.1757504371005 -22.28580174743537 -478.89569608250105 968.8004 27.62785 -586.315
501 862.4047493728373 -22.523358490263405 -480.2205474492669 970.9633 27.76619 -587.7582
502 864.7224378247922 -22.690342093062917 -481.39642103982436 973.1252 27.89962 -589.2041
503 866.9148172823374 -22.798702437093123 -482.7973903538621 975.2876 28.02995 -590.6491
504 869.1024135708346 -22.843644044993376 -484.2165751811597 977.4553 28.16051 -592.0933
505 871.3181053749015 -22.96222907063128 -485.58529031861 979.6246 28.29193 -593.5333
506 873.5636815733571 -23.114015311463017 -486.90532828962563 981.7949 28.42396 -594.9757
507 875.7866770886844 -23.293560632871152 -488.25711884015305 983.9617 28.55465 -596.4211
508 878.016485025391 -23.413406180899816 -489.6038189986582 986.1268 28.68428 -597.8687
509 880.24490719783 -23.527090988297232 -490.95650923254374 988.2929 28.81455 -599.3177
510 882.4273978214142 -23.591594644531554 -492.38903176597876 990.4617 28.9454 -600.7664
511 884.6851971590285 -23.717702228513094 -493.6916004203041 992.6304 29.07443 -602.2122
512 886.9246102616207 -23.86881481502334 -495.020396367971 994.799 29.20365 -603.6558
513 889.1229730311306 -24.010729112959933 -496.41154018144744 996.9663 29.33236 -605.0961
514 891.4462011417257 -24.130745733552423 -497.5922751472302 999.1375 29.45851 -606.5369
515 893.6743631645046 -24.263735372337273 -498.92994207282175 1001.304 29.58125 -607.9732
516 895.9177020932486 -24.361051166079985 -500.24399762928414 1003.471 29.70297 -609.4078
517 898.1253299699139 -24.508785654723948 -501.6084695544755 1005.637 29.82681 -610.8397
518 900.3629259254836 -24.635205998567614 -502.9287790726872 1007.806 29.95555 -612.2697
519 902.5833568543652 -24.787848841387852 -504.26753399674965 1009.973 30.08734 -613.6954
520 904.7973040602237 -24.921369774781372 -505.61141888427426 1012.137 30.21781 -615.1186
521 907.0205807457177 -25.113798977526557 -506.9233125155454 1014.298 30.3449 -616.5381
522 909.217680436895 -25.285682217533374 -508.281337919186 1016.458 30.47099 -617.9592
523 911.3623815123201 -25.35507394752094 -509.72716592547823 1018.616 30.59832 -619.3811
524 913.6438717088079 -25.49324230273696 -510.9350209594318 1020.773 30.72311 -620.8006
525 915.8942563150085 -25.642877766102302 -512.186482541694 1022.925 30.84525 -622.2172
526 917.9325473015607 -25.737284127926966 -513.7576734488047 1025.074 30.96719 -623.6311
527 920.2065349959554 -25.903719344740946 -514.9440471802844 1027.219 31.08777 -625.042
528 922.4008920932182 -25.98918281473874 -516.2842836015876 1029.367 31.20927 -626.4527
529 924.4208563883683 -26.072536888191497 -517.8686637831278 1031.514 31.3327 -627.8572
530 926.6369655621517 -26.255397845263282 -519.1394859539494 1033.658 31.45684 -629.2527
531 928.9202299164101 -26.454265735515747 -520.2784448133029 1035.804 31.58219 -630.6416
532 931.0984916077645 -26.544979682128112 -521.5994846643171 1037.942 31.70698 -632.0242
533 933.3260990110194 -26.7206481068107 -522.8442973988409 1040.088 31.82813 -633.4108
534 935.5383039459288 -26.890351703961095 -524.113317236029 1042.231 31.94674 -634.7988
535 937.7119319131064 -26.99090475220994 -525.4490815517642 1044.372 32.06456 -636.1849
536 940.0077031539139 -27.210676056708436 -526.5425867168636 1046.514 32.18651 -637.5675
537 942.1796623721865 -27.31793512441869 -527.8750449025694 1048.656 32.31052 -638.9462
538 944.3397542316936 -27.435033181325796 -529.2147306739574 1050.796 32.43167 -640.3174
539 946.4114701372301 -27.47059185055992 -530.6936310594766 1052.94 32.54722 -641.685
540 948.5857619803413 -27.625755364859558 -532.0070498909658 1055.084 32.65961 -643.0515
541 950.3782929441015 -27.726388217378545 -533.808002670845 1057.226 32.77429 -644.4173
542 952.5626915116183 -27.89600196983982 -535.1106393913494 1059.374 32.89861 -645.784
543 954.3594432903578 -27.89397763654668 -536.9176899810594 1061.525 33.0293 -647.1441
544 956.6073578937428 -28.025038819247897 -538.0932349375697 1063.674 33.16135 -648.4919
545 958.8474024468977 -28.171856843911044 -539.275434669051 1065.821 33.29059 -649.8375
546 961.1867624856199 -28.445184423929838 -540.2170256181 1067.966 33.4162 -651.1855
547 963.3330242537876 -28.622291256615057 -541.5596986441261 1070.112 33.53835 -652.5347
548 965.5424692630245 -28.769714983750347 -542.7983712224271 1072.257 33.65737 -653.8847
549 967.6547657428126 -28.943671747505192 -544.1920961853301 1074.401 33.77429 -655.2353
550 969.8828820296201 -29.097441868957986 -545.4029235729504 1076.547 33.89027 -656.5901
551 972.1301747690309 -29.263754848455545 -546.5605853418367 1078.687 34.0047 -657.9412
552 974.2076698358743 -29.29149201470255 -548.0308069527681 1080.84 34.12492 -659.2934
553 976.4228812376612 -29.468633626883793 -549.2526161461481 1082.986 34.24794 -660.6391
554 978.6230507947836 -29.62005214883164 -550.49376737127 1085.128 34.36709 -661.9814
555 980.8312400957286 -29.767492442637376 -551.725700724603 1087.27 34.48078 -663.3284
556 982.9958747427448 -29.862971227037658 -553.0322252743405 1089.413 34.5871 -664.6693
557 985.2290376115783 -30.056101018519648 -554.2319869142111 1091.568 34.69434 -666.014
558 987.0469346834352 -30.23858272061711 -555.9855029285759 1093.718 34.80575 -667.3474
559 989.331334084134 -30.374857992276656 -557.0861998402279 1095.878 34.92102 -668.6777
560 991.6807556095376 -30.46888583817711 -558.0578193697586 1098.041 35.04702 -670.0112
561 993.8243339504999 -30.53926286341423 -559.4089520882494 1100.195 35.17977 -671.3409
562 996.1223497719054 -30.788161133449407 -560.4620903216468 1102.354 35.311 -672.6726
563 998.2250653948987 -30.92769596011297 -561.8622455499582 1104.507 35.43368 -673.9958
564 1000.4649557137823 -31.08382598506502 -563.040169005145 1106.668 35.54872 -675.3171
565 1002.103088053865 -31.09652892652731 -564.97487829973 1108.829 35.66545 -676.6374
566 1003.6251467928225 -31.112813433479477 -567.0057881717076 1110.993 35.78536 -677.9581
567 1005.7620469150464 -31.26903597930735 -568.3595711688731 1113.157 35.90472 -679.272
568 1007.8949982920394 -31.433032281325726 -569.7276842986647 1115.326 36.02658 -680.5868
569 1010.1576574106678 -31.605094740983837 -570.8587354963404 1117.494 36.14825 -681.8958
570 1012.6615950635104 -31.92526271079365 -571.0405245812316 1119.659 36.26861 -683.201
571 1014.7518684231518 -31.908825986610356 -572.4933518347517 1121.838 36.38796 -684.5117
572 1017.0107449202154 -32.04798430111554 -573.6644103010196 1124.019 36.51109 -685.8237
573 1018.9306867991219 -32.13754285336681 -575.3318779549608 1126.198 36.63445 -687.1319
574 1021.176728001859 -32.25578757031626 -576.5280289157181 1128.381 36.75667 -688.4392
575 1023.4531729391618 -32.43919998123464 -577.6521806432662 1130.564 36.87463 -689.7431
576 1025.7466496693444 -32.5804055570296 -578.758400124009 1132.753 36.99032 -691.0464
577 1028.0237217004353 -32.749441449661845 -579.9023647684911 1134.946 37.10266 -692.3504
578 1030.1623425013702 -32.77074514202404 -581.3038198837555 1137.143 37.21242 -693.654
579 1032.355351502279 -32.82823462084742 -582.6169341157082 1139.341 37.32204 -694.9554
580 1034.3060567082393 -32.77152312148396 -584.2701064661242 1141.541 37.43261 -696.2551
581 1036.7326658075915 -32.90961316463994 -585.0905500067306 1143.749 37.54673 -697.556
582 1039.0374344079019 -33.044072204992155 -586.1974427538343 1145.954 37.66114 -698.8522
583 1041.346813658283 -33.25758167763351 -587.2906357052848 1148.163 37.77645 -700.1487
584 1043.639054928991 -33.39391754589996 -588.4386806468646 1150.376 37.89135 -701.445
585 1045.8820927392615 -33.463149908103794 -589.6780748187568 1152.585 38.00681 -702.7408
586 1048.1823335511676 -33.633510249629225 -590.81383145804 1154.8 38.12449 -704.0408
587 1050.4533360222094 -33.8206514994743 -591.9956085960945 1157.012 38.24356 -705.3377
588 1052.7281971941206 -33.954805306861054 -593.1899367046537 1159.229 38.36214 -706.6378
589 1055.0103632345283 -34.10565968470514 -594.3704012152151 1161.448 38.48244 -707.9363
590 1057.359170653062 -34.31134674113286 -595.3963540219072 1163.663 38.60075 -709.2369
591 1059.6376367673342 -34.42308373739133 -596.5985453335459 1165.886 38.71705 -710.5384
592 1061.9653459035012 -34.57247208661652 -597.7044371420516 1168.11 38.83461 -711.8436
593 1064.2866603083057 -34.72904802012637 -598.830980487863 1170.337 38.95544 -713.1505
594 1066.6481376547504 -34.84366794237655 -599.8740189585106 1172.562 39.07728 -714.459
595 1068.9116527327174 -34.9650435862894 -601.1198780536257 1174.79 39.19328 -715.7678
596 1071.3653596952188 -35.197027212428324 -602.1218234991346 1177.083 39.30786 -717.1122
597 1073.64066680071 -35.33998855039944 -603.237702985659 1179.271 39.41873 -718.394
598 1076.0191299668904 -35.46992029443529 -604.2933119355619 1181.516 39.54154 -719.7105
599 1078.3634984605023 -35.63614299396817 -605.4070329550364 1183.758 39.67071 -721.0223
600 1080.7686983464994 -35.79641613646964 -606.4447360605013 1186.021 39.80234 -722.3448
601 1083.0921184042961 -35.94662120734414 -607.6239507660199 1188.272 39.93274 -723.6591
602 1085.434603369308 -36.08172952208188 -608.7693757003049 1190.524 40.06015 -724.9743
603 1087.77763163474 -36.21195466383908 -609.935750862867 1192.784 40.18605 -726.2948
604 1090.1408531634663 -36.349836339390244 -611.0849886362676 1195.054 40.30956 -727.6201
605 1092.4832561069804 -36.487938724607034 -612.2492660744297 1197.315 40.43252 -728.937
606 1094.8230072652264 -36.60298883873725 -613.4433844055533 1199.585 40.55332 -730.2584
607 1097.2050167883638 -36.73746807069626 -614.5752896727703 1201.867 40.67201 -731.5819
608 1099.5563979339372 -36.87088389262547 -615.7476158802315 1204.142 40.79001 -732.8978
609 1101.9266627203435 -37.01532117453075 -616.8784767927742 1206.417 40.90637 -734.2126
610 1104.3326700414218 -37.17409774588965 -617.9736888139397 1208.709 41.02557 -735.534
611 1106.6897884710168 -37.31840793467175 -619.1463066493308 1210.993 41.14443 -736.8459
612 1109.084651254081 -37.491761002817825 -620.2499388027937 1213.283 41.26512 -738.1592
613 1111.4362798267346 -37.65467795226059 -621.4570848570323 1215.578 41.3833 -739.4756
614 1113.7870960283506 -37.782692859990696 -622.6702493448568 1217.874 41.50237 -740.7904
615 1116.1099899307103 -37.95203234403349 -623.9362619078369 1220.173 41.61726 -742.1052
616 1118.4627860837873 -38.09207034598721 -625.1554961439766 1222.478 41.72981 -743.4152
617 1120.856308814759 -38.24460096919479 -626.2953847614326 1224.787 41.83738 -744.7223
618 1123.2826086878072 -38.450977014637296 -627.3635264506823 1227.101 41.9435 -746.0279
619 1125.715111872065 -38.60590814404898 -628.4218215304273 1229.416 42.04989 -747.3281
620 1128.1884680219327 -38.77970508422405 -629.4128986040685 1231.744 42.15831 -748.6314
621 1130.5972530416389 -38.928675220622694 -630.5537934129364 1234.074 42.26955 -749.9294
622 1133.0108307840674 -39.09731453988736 -631.6828526114515 1236.405 42.3792 -751.2267
623 1135.4185649261244 -39.24939284517973 -632.8192862427436 1238.735 42.48429 -752.5197
624 1137.8242260652803 -39.36179212950648 -634.0104668371703 1241.082 42.5865 -753.8235
625 1140.2364039633858 -39.46107315695461 -635.1695674823172 1243.423 42.68651 -755.1203
626 1142.6696012730868 -39.617659092589825 -636.294674868003 1245.771 42.78686 -756.4194
627 1144.9885923403447 -39.73294410686001 -637.6497002802603 1248.123 42.88754 -757.7175
628 1147.4241653962963 -39.84038261971228 -638.786919280048 1250.478 42.99082 -759.0137
629 1149.9053737390038 -40.079004732179456 -639.8200797911105 1252.841 43.09761 -760.312
630 1152.4048267847106 -40.23887406747814 -640.8376773206074 1255.209 43.2069 -761.6116
631 1154.8576009817411 -40.39375155929326 -641.968246457728 1257.579 43.32063 -762.911
632 1157.2801127031448 -40.54352573551355 -643.1612330958344 1259.949 43.4359 -764.2087
633 1159.7376472271021 -40.679495139691404 -644.273912434676 1262.318 43.54782 -765.5015
634 1162.2173896665224 -40.81872341026058 -645.4132462284837 1264.716 43.65179 -766.8074
635 1164.709644521166 -40.96011251208823 -646.4341392198353 1267.084 43.73951 -768.0952
636 1167.2004994861468 -41.0672437754386 -647.5214005024819 1269.473 43.81598 -769.3932
637 1169.6854776753687 -41.179798775845185 -648.6363712514141 1271.868 43.89318 -770.6928
638 1172.156373790384 -41.29997432184268 -649.7714165937009 1274.261 43.97657 -771.9869
639 1174.6520159499808 -41.441569248683344 -650.8909346823608 1276.67 44.06634 -773.287
640 1177.1644750526523 -41.61163537317358 -651.9509913179719 1279.074 44.15904 -774.5821
641 1179.6391402844138 -41.7712323086611 -653.0970580521953 1281.478 44.25252 -775.8763
642 1182.1438630921248 -41.93376478161232 -654.1824976082588 1283.885 44.34661 -777.1708
643 1184.6437170972674 -42.1345351378402 -655.2638716726011 1286.29 44.43881 -778.4617
644 1187.130214515525 -42.318907447014844 -656.3792427198799 1288.696 44.52846 -779.7516
645 1189.6334992724067 -42.46466240645631 -657.463255934865 1291.103 44.61411 -781.0407
646 1192.116899359486 -42.61610448258167 -658.5892296979573 1293.51 44.6961 -782.3282
647 1194.5778978364674 -42.771729730175046 -659.7656922654481 1295.919 44.77631 -783.6147
648 1197.0933365776557 -42.9159410842388 -660.8221386849071 1298.329 44.85866 -784.899
649 1199.5866052700449 -43.07851237687477 -661.9329646178338 1300.742 44.94119 -786.1825
650 1202.0917731775246 -43.23778154438829 -663.0125078220242 1303.154 45.0228 -787.464
651 1204.555633617162 -43.39484051335882 -664.1694251199568 1305.561 45.1037 -788.7421
652 1207.0564897536763 -43.54635397161302 -665.2366434318901 1307.966 45.18137 -790.0173
653 1209.5863789819416 -43.70233426620849 -666.2572686583597 1310.38 45.25492 -791.2954
654 1212.0736537052676 -43.85136967733051 -667.3759603527218 1312.794 45.32493 -792.5713
655 1214.5787370302658 -44.04200854317093 -668.4433282724416 1315.208 45.39321 -793.8437
656 1217.0677232772784 -44.19968069238691 -669.5581754070939 1317.624 45.46362 -795.1168
657 1219.563943224835 -44.34591818520291 -670.6346790091384 1320.032 45.53831 -796.3846
658 1222.0125669638585 -44.454600027280854 -671.8340665744789 1322.449 45.62651 -797.6481
659 1224.5141358631122 -44.627702046875285 -672.9065619663563 1324.867 45.70716 -798.907
660 1227.0069494441423 -44.74267942875835 -674.0195742503797 1327.287 45.80071 -800.1723
661 1229.493912342332 -44.882688448992724 -675.1348689299066 1329.709 45.86664 -801.4285
662 1232.0094502914624 -45.049292186891755 -676.1657252191642 1332.123 45.92005 -802.6887
663 1234.5223856831844 -45.18148658103225 -677.2205106334012 1334.542 45.96958 -803.95
664 1237.033900977722 -45.324711725575874 -678.2785247638243 1336.962 46.01545 -805.2106
665 1239.5250962961009 -45.46199117573699 -679.3773954416799 1339.38 46.06417 -806.4689
666 1242.0229145840087 -45.60481587215321 -680.4534808365654 1341.797 46.11465 -807.7231
667 1244.5172865153695 -45.743982706872515 -681.5300234756437 1344.212 46.16921 -808.9741
668 1247.0460417156976 -45.89283137267427 -682.5535163293082 1346.638 46.21961 -810.2296
669 1249.5576538066925 -46.06635485741141 -683.5971076252727 1349.058 46.27189 -811.4819
670 1252.0285002424475 -46.190257339480986 -684.739830907373 1351.478 46.32033 -812.7339
671 1254.5471220768009 -46.335467486151025 -685.7790941768202 1353.902 46.36595 -813.9856
672 1257.0471009157454 -46.483936159445896 -686.840840024695 1356.319 46.41171 -815.2327
673 1259.56496916296 -46.64929517665118 -687.8699265407845 1358.741 46.45846 -816.4808
674 1262.063244933872 -46.810342259078624 -688.9241301084671 1361.156 46.50728 -817.7234
675 1264.5544794279704 -46.97653163201382 -689.980891869054 1363.568 46.55681 -818.9605
676 1267.04589821364 -47.12557722863059 -691.0368394460871 1365.979 46.60484 -820.1971
677 1269.5086207509473 -47.28305712152249 -692.149853381342 1368.388 46.65299 -821.4312
678 1271.9879624377147 -47.44510651563059 -693.2225684884542 1370.797 46.70062 -822.6635
679 1274.4611388045842 -47.589838696461904 -694.3089842770863 1373.206 46.74966 -823.8932
680 1276.9428422036688 -47.756209528220936 -695.3617021658927 1375.612 46.79807 -825.1194
681 1279.3915226112754 -47.86747088875594 -696.4837491039276 1378.014 46.84358 -826.3424
682 1281.8556767633802 -48.00748442522328 -697.5840654098918 1380.423 46.88691 -827.566
683 1284.3115938012822 -48.14598437269042 -698.6933201671018 1382.83 46.92624 -828.785
684 1286.7721982629641 -48.27429079647946 -699.8006731825697 1385.241 46.96243 -830.0028
685 1289.2559202969683 -48.43959447876787 -700.8323190398403 1387.647 46.99431 -831.2155
686 1291.6734821875818 -48.59454211369674 -702.0219862413647 1390.058 47.02338 -832.428
687 1294.1633824972055 -48.7474074990956 -703.0605060548411 1392.473 47.05185 -833.6398
688 1296.6467977109041 -48.89291765645376 -704.0986011268723 1394.883 47.07894 -834.847
689 1299.1135042667815 -49.03254490700992 -705.1858672261292 1397.297 47.10779 -836.0545
690 1301.6020267643785 -49.20934707317852 -706.2148733721706 1399.712 47.13563 -837.2586
691 1304.0766835573522 -49.35418852375721 -707.2564060762096 1402.118 47.16495 -838.4586
692 1306.5105667569703 -49.44749912810605 -708.4111057186412 1404.531 47.1942 -839.6596
693 1308.9733874083674 -49.602113809261915 -709.4816079631619 1406.94 47.22089 -840.856
694 1311.3746069543276 -49.736196506586055 -710.6747847825717 1409.345 47.24749 -842.0488
695 1313.8707640285643 -49.935812652601996 -711.6321732812954 1411.748 47.27064 -843.2372
696 1316.316092458955 -50.06870276569187 -712.7034245020019 1414.145 47.29259 -844.4199
697 1318.7314212466822 -50.19103524110503 -713.848152287563 1416.545 47.31261 -845.6026
698 1321.1859093754788 -50.33525413492478 -714.8929206172237 1418.942 47.32869 -846.782
699 1323.6750016410465 -50.523007076648554 -715.8388515724021 1421.338 47.34203 -847.9587
700 1326.0931177098407 -50.64059975779533 -716.9700648670904 1423.739 47.3582 -849.1316
701 1328.5412950219277 -50.761054719014304 -718.0267742987694 1426.137 47.37431 -850.3038
702 1330.9971770454424 -50.87445616098431 -719.0751728428052 1428.54 47.39107 -851.4737
703 1333.454497573225 -51.01549218258553 -720.1066317994536 1430.939 47.40614 -852.6428
704 1335.8906054564573 -51.1379208367882 -721.1871801178469 1433.338 47.41639 -853.8098
705 1338.3314853672534 -51.27268294979427 -722.2485804402367 1435.735 47.42141 -854.9747
706 1340.780362397814 -51.42091108227567 -723.2933755407392 1438.134 47.42352 -856.1389
707 1343.2590051924913 -51.561501659244506 -724.2751002677691 1440.537 47.42646 -857.302
708 1345.6960437979978 -51.707144682937994 -725.3431353247868 1442.936 47.43237 -858.4621
709 1348.124651196455 -51.83031383545011 -726.4170929934255 1445.33 47.43887 -859.6177
710 1350.5744470382203 -51.96294441601131 -727.4313105005064 1447.721 47.4462 -860.7713
711 1353.0279501583811 -52.092110689614465 -728.4438267105121 1450.116 47.45202 -861.9226
712 1355.471890956088 -52.22130660839122 -729.4708776476498 1452.509 47.45636 -863.0706
713 1357.9012468066094 -52.34913058496732 -730.5191383601867 1454.899 47.45953 -864.2129
714 1360.3106653111272 -52.46785903749209 -731.609933266275 1457.288 47.46458 -865.3539
715 1362.7403498694948 -52.607788711299065 -732.6357973070318 1459.672 47.46995 -866.4905
716 1365.1623208715996 -52.733766453872896 -733.6861714181653 1462.058 47.47405 -867.6272
717 1367.5643837178582 -52.82427327775061 -734.7523543883234 1464.432 47.47977 -868.7581
718 1370.0052165577454 -52.941762009601554 -735.7231567853207 1466.807 47.47599 -869.8865
719 1372.416910646992 -53.07568856325751 -736.7610914644404 1469.182 47.46689 -871.0138
720 1374.7888737350813 -53.187649451453574 -737.8682558010479 1471.55 47.46029 -872.135
721 1377.19187547976 -53.30396368833741 -738.911616858865 1473.92 47.45073 -873.2573
722 1379.6003539914511 -53.43620021427152 -739.9172635264028 1476.283 47.43923 -874.3734
723 1381.9919334932356 -53.59833164106051 -740.9443818455328 1478.642 47.42685 -875.4851
724 1384.403346328386 -53.75493067887817 -741.9209979913265 1481.001 47.42477 -876.5934
725 1386.8354871198144 -53.87765673882252 -742.811067324233 1483.348 47.42592 -877.6953
726 1389.2407948023283 -54.010960103329666 -743.7715747117894 1485.696 47.43611 -878.7965
727 1391.6450983445561 -54.138372307749144 -744.7297235425542 1488.042 47.44804 -879.897
728 1393.9919304398006 -54.25693489156868 -745.8027621506895 1490.381 47.45675 -880.9934
729 1396.3549706991657 -54.403505518349 -746.8126318492571 1492.712 47.46804 -882.085
730 1398.7659849729675 -54.561873885127284 -747.6926236391771 1495.041 47.47876 -883.175
731 1401.143601194132 -54.707458880815686 -748.6399491779364 1497.363 47.49161 -884.2612
732 1403.523839452351 -54.859595613180154 -749.5811249544921 1499.686 47.51405 -885.3464
733 1405.9101356550061 -55.007997587166095 -750.4686436584141 1501.996 47.5321 -886.427
734 1408.2664291565018 -55.16249442510739 -751.4065276658876 1504.298 47.54396 -887.5023
735 1410.6408372494905 -55.28700154154316 -752.3245751569826 1506.608 47.55386 -888.5793
736 1413.0319089954178 -55.44738043660071 -753.1741392107468 1508.913 47.56552 -889.6524
737 1415.3745681417615 -55.59269555167651 -754.1441026349448 1511.216 47.58029 -890.7229
738 1417.7337254208555 -55.74119687283772 -755.0431115717812 1513.51 47.59751 -891.7874
739 1420.094144338924 -55.88499854095727 -755.9277280617752 1515.801 47.61124 -892.8485
740 1422.443527346301 -56.04997531525604 -756.8476752999852 1518.096 47.62399 -893.9096
741 1424.7947660491861 -56.21098636301379 -757.7510783961466 1520.388 47.63313 -894.9665
742 1427.1406261357172 -56.3356877154042 -758.6590791648867 1522.676 47.64596 -896.0191
743 1429.4722201366103 -56.47016555797933 -759.593268677168 1524.961 47.66736 -897.0705
744 1431.79493952147 -56.61421668069214 -760.5328086035369 1527.242 47.68706 -898.117
745 1434.120738287611 -56.739072022890426 -761.4660890035459 1529.523 47.70517 -899.1623
746 1436.4351257446347 -56.88668896158726 -762.3958105742763 1531.795 47.7202 -900.2017
747 1438.7401347376792 -57.0337115165415 -763.3474932432463 1534.067 47.73131 -901.2401
748 1441.0550472137566 -57.12447243623077 -764.272291972948 1536.337 47.73818 -902.2742
749 1443.400021646245 -57.2799830685774 -765.1002450898587 1538.605 47.75082 -903.306
750 1445.707373408982 -57.40206314126904 -766.0297741536571 1540.873 47.76928 -904.3349
751 1448.0276345870411 -57.55030000336812 -766.8984926470174 1543.134 47.79346 -905.3584
752 1450.286333505917 -57.647060056233336 -767.9129072885416 1545.392 47.81679 -906.3787
753 1452.5890138963152 -57.79947059423324 -768.7866023023657 1547.641 47.83343 -907.3939
754 1454.8795796188208 -57.94444655064577 -769.6750357681045 1549.884 47.84794 -908.4067
755 1457.2569564201765 -58.17527768794809 -770.2953866772096 1552.134 47.86034 -909.4203
756 1459.5287979022594 -58.29805612632444 -771.2180130942154 1554.374 47.87274 -910.4252
757 1461.8245213002756 -58.43729479428882 -772.0656347590781 1556.611 47.88768 -911.4271
758 1464.0723027663894 -58.57392272128543 -773.0171921878022 1558.842 47.90468 -912.4266
759 1466.3022088255268 -58.667990030385624 -774.01065701339 1561.071 47.92615 -913.4263
760 1468.5689606991452 -58.80983390427074 -774.8908414777428 1563.292 47.94997 -914.4261
761 1470.8487200673967 -58.95452324130323 -775.7200359474657 1565.507 47.97397 -915.4256
762 1473.1380863053873 -59.08763720350009 -776.5063563410813 1567.716 47.99707 -916.4241
763 1475.3613107793733 -59.18135687394114 -777.4565290096227 1569.92 48.01985 -917.4222
764 1477.6382393638785 -59.318353949315814 -778.2725174830714 1572.126 48.04377 -918.4232
765 1479.9412436887692 -59.481154510970285 -779.0063360772477 1574.331 48.06802 -919.4263
766 1482.1473308920597 -59.600131891883755 -779.9818686981318 1576.528 48.09301 -920.4289
767 1484.2985548275155 -59.747758123623996 -781.0652706796803 1578.723 48.11923 -921.4312
768 1486.5283322708383 -59.86653867478786 -781.9586488258285 1580.91 48.14314 -922.4315
769 1488.8109049436623 -59.9950596057464 -782.7400169208913 1583.106 48.16606 -923.4386
770 1491.010266716322 -60.131388985674135 -783.7108536603757 1585.294 48.1891 -924.4438
771 1493.2222800836385 -60.266605982320996 -784.6414113367881 1587.477 48.21155 -925.4494
772 1495.4013770774352 -60.43232035152068 -785.6357940926051 1589.656 48.23639 -926.4574
773 1497.6357722896926 -60.557029314049146 -786.4817599986594 1591.825 48.2626 -927.4666
774 1499.8928818162344 -60.729563718946075 -787.2776775489251 1593.998 48.29025 -928.484
775 1502.0752079752301 -60.89539721733636 -788.2290487573258 1596.156 48.31939 -929.5025
776 1504.2520321745785 -61.01029711743565 -789.1939594925691 1598.309 48.34906 -930.5255
777 1506.4277464585805 -61.183640734194626 -790.1431619296278 1600.456 48.37802 -931.5523
778 1508.5728520153866 -61.29515428405622 -791.1509799588162 1602.594 48.40548 -932.5808
779 1510.7462789142799 -61.47757572719124 -792.0820367501299 1604.728 48.43406 -933.6148
780 1512.9056313102053 -61.63637686719835 -793.0300637724471 1606.851 48.46143 -934.6535
781 1515.0563157435997 -61.77256693032065 -793.9954178862631 1608.968 48.49195 -935.6991
782 1517.1843065312876 -61.92089438789181 -794.9980371494657 1611.079 48.52624 -936.747
783 1519.3183370202923 -62.10366832144454 -795.9542078775322 1613.177 48.56114 -937.7953
784 1521.3288504983764 -62.264176724573844 -797.1579601966857 1615.276 48.59697 -938.8488
785 1522.932670120106 -62.19695407768816 -798.8610932317422 1617.365 48.63325 -939.9034
786 1525.0919511083546 -62.37264356116399 -799.7307074248089 1619.446 48.67009 -940.9606
787 1527.117051628091 -62.445173434426465 -800.8658593084119 1621.514 48.70767 -942.0174
788 1529.0934137679612 -62.6095043678442 -802.0798352809956 1623.582 48.74551 -943.0798
789 1531.1707969056963 -62.76442080573443 -803.0869432585354 1625.639 48.78112 -944.1387
790 1533.1966727756362 -62.864767147343144 -804.1901074945952 1627.692 48.81364 -945.1948
791 1535.2789847438153 -62.99113198097845 -805.1653363520425 1629.739 48.84336 -946.2493
792 1537.335426352817 -63.110172508669095 -806.1809855276601 1631.78 48.87178 -947.302
793 1539.438835774973 -63.23088636174367 -807.0937672255818 1633.819 48.89792 -948.3574
794 1541.534515977604 -63.27396749996909 -808.0049248814406 1635.848 48.92252 -949.4093
795 1543.5903434910138 -63.36632428052272 -808.9977835835194 1637.876 48.94713 -950.4616
796 1545.8175252902117 -63.60168187260457 -809.4107640295092 1639.898 48.97459 -951.509
797 1547.864281619829 -63.777235228684006 -810.3564697325377 1641.905 49.00261 -952.5509
798 1549.9219931446767 -63.93640538638513 -811.304170819277 1643.92 49.03083 -953.5981
799 1551.3878074246857 -63.809718353248556 -813.0191440966653 1645.927 49.06123 -954.6358
800 1553.524947910813 -63.94652707407539 -813.723603484112 1647.929 49.09362 -955.6718
801 1555.7187467542924 -64.17911687379804 -814.176229196829 1649.931 49.1307 -956.7025
802 1557.7467758558355 -64.33357983086053 -815.1182035970592 1651.926 49.17785 -957.7232
803 1559.1213151706866 -64.75905691662717 -813.4011220786052 1653.922 49.22771 -958.7392
804 1561.1974832209335 -64.8912916298097 -814.189681123105 1655.907 49.27404 -959.7429
805 1563.2521070604516 -65.0317583809559 -815.0189515448649 1657.888 49.31059 -960.7445
806 1565.2809858570579 -65.19404770606684 -815.8969092306542 1659.868 49.33671 -961.7407
807 1567.2829593417039 -65.25730360160377 -816.860247950604 1661.857 49.36368 -962.7322
808 1569.3542249442141 -65.33828373981345 -817.6481448880097 1663.845 49.39845 -963.7141
809 1571.3970712331234 -65.39756819326287 -818.5027567416421 1665.835 49.43882 -964.6864
810 1573.4629770245544 -65.51673522674758 -819.2927309239171 1667.828 49.48118 -965.652
811 1575.4490615177356 -65.64895033053791 -820.2402688562319 1669.813 49.52421 -966.61
812 1577.45469531221 -65.73679476825565 -821.1454951095646 1671.797 49.56456 -967.5649
813 1579.4487854729794 -65.84494154634915 -822.081572328608 1673.786 49.60599 -968.517
814 1581.4245050843929 -65.91177759826179 -823.0693479687916 1675.782 49.6513 -969.4644
815 1583.4926108822292 -66.14442403695263 -823.7474656624262 1677.761 49.69653 -970.3985
816 1585.5089956404918 -66.28136235823646 -824.586334146582 1679.74 49.74 -971.3312
817 1587.2641296897418 -66.24596378262699 -825.8988105244676 1681.723 49.78185 -972.2641
818 1589.264151748301 -66.39966499089071 -826.7749340397067 1683.703 49.82334 -973.1964
819 1591.2393319601438 -66.51240570298185 -827.7095721970071 1685.682 49.86559 -974.1288
820 1593.2219702102525 -66.63123835448503 -828.613019457085 1687.655 49.90905 -975.0597
821 1595.2095518504063 -66.74036166407822 -829.4858145716031 1689.621 49.95262 -975.9855
822 1597.240882521296 -66.84259492271403 -830.246098272817 1691.585 49.99582 -976.9105
823 1599.2376538842054 -66.9479027189554 -831.0837003537099 1693.546 50.03776 -977.8338
824 1600.988595154934 -66.9390244410709 -832.3607916449812 1695.506 50.07832 -978.7577
825 1600.788949747578 -66.67355224336127 -834.4957724613035 1697.46 50.12017 -979.6789
826 1602.7954590896904 -66.84496991328233 -835.2830562048507 1699.416 50.16515 -980.5994
827 1604.851437009747 -67.15985850065877 -835.8941526926324 1701.378 50.21139 -981.5203
828 1606.8420521040541 -67.30153527664301 -836.6843345086488 1703.321 50.25832 -982.4311
829 1608.7880945178251 -67.436705190986 -837.5599041906623 1705.258 50.30572 -983.3354
830 1610.7245563454935 -67.53832141391666 -838.488117368343 1707.206 50.35512 -984.2435
831 1612.6819813986833 -67.7040074166946 -839.3321248382322 1709.144 50.40598 -985.1451
832 1614.6537929561505 -67.85889356055321 -840.1316834859745 1711.078 50.45685 -986.0442
833 1616.5642172454593 -67.92491464571812 -841.0725915094985 1713.011 50.50409 -986.939
834 1618.534467447059 -68.02312985996281 -841.8888890114475 1714.95 50.54622 -987.8314
835 1620.4982204903465 -68.18169398335219 -842.6817708196963 1716.881 50.58931 -988.7143
836 1622.468411085825 -68.3364597512521 -843.4621361361181 1718.815 50.63886 -989.5928
837 1624.418195451166 -68.43527365245976 -844.2937696137992 1720.748 50.69222 -990.4667
838 1626.3596003819252 -68.56310848995123 -845.1299757957585 1722.678 50.74708 -991.3366
839 1628.3214546919723 -68.67385219730365 -845.916650247505 1724.608 50.80392 -992.2037
840 1630.2456326260556 -68.8036763995911 -846.7584740559635 1726.528 50.85882 -993.0631
841 1632.1491439450344 -68.91545007262253 -847.6355004905915 1728.444 50.91307 -993.9181
842 1634.1134745373524 -69.06651466111903 -848.3835780505984 1730.369 50.96953 -994.7738
843 1636.0286699586356 -69.26764874742786 -849.1468176418934 1732.261 51.02122 -995.6156
844 1637.921431443896 -69.43414836770145 -849.9858557261091 1734.159 51.0717 -996.4578
845 1639.8316062431463 -69.56466203942483 -850.7374750224963 1736.038 51.12203 -997.293
846 1641.7191362301223 -69.68484565778796 -851.5392177212738 1737.915 51.1702 -998.1264
847 1643.6135924493458 -69.81215041791849 -852.2762752126499 1739.776 51.21849 -998.9527
848 1645.4717585703568 -69.93203698691282 -853.0785743672058 1741.629 51.2688 -999.7741
849 1647.3122398038797 -70.02011193056201 -853.9039030025084 1743.475 51.32253 -1000.59
850 1649.1359660917274 -70.14086068729787 -854.7255022994653 1745.308 51.37573 -1001.398
851 1650.8829573056937 -70.22896583211347 -855.7173102983651 1747.151 51.44766 -1002.199
852 1652.3029850740259 -70.27722935055742 -857.1040080305162 1748.971 51.50814 -1002.99
853 1654.1346681576636 -70.40602571959904 -857.8488609371611 1750.784 51.55995 -1003.788
854 1655.9556126979312 -70.5277517477775 -858.6117250897686 1752.592 51.60635 -1004.589
855 1657.7845995256082 -70.67669067897789 -859.303312813095 1754.388 51.65386 -1005.375
856 1659.6351808984573 -70.80578452427346 -859.952835751851 1756.187 51.70578 -1006.165
857 1661.4437592784714 -70.94265142393841 -860.6837111803762 1757.974 51.76265 -1006.957
858 1663.2332036035789 -71.07367833101782 -861.4403758145185 1759.751 51.82311 -1007.751
859 1665.0067192642002 -71.19354280975882 -862.2002475170887 1761.513 51.88342 -1008.544
860 1666.7301790165718 -71.24432902900305 -863.0447075616083 1763.261 51.95285 -1009.335
861 1668.4920407867503 -71.44071833105434 -863.750898120044 1764.998 52.01045 -1010.123
862 1670.2984241390566 -71.57079902079474 -864.3047517248594 1766.72 52.07058 -1010.909
863 1672.009069290735 -71.67886952965966 -865.0656755022857 1768.424 52.12901 -1011.69
864 1673.3050776073862 -71.75214472340753 -866.3978572349153 1770.113 52.18615 -1012.467
865 1674.9828470250186 -71.83350309194975 -867.160253828248 1771.786 52.24293 -1013.242
866 1676.6327459845254 -71.91898117311221 -867.9531723591568 1773.447 52.30027 -1014.014
867 1678.3055522888958 -71.98564727424754 -868.6725495721811 1775.097 52.35761 -1014.785
868 1679.9879400323866 -72.0637789245448 -869.3244128108084 1776.731 52.4143 -1015.552
869 1680.78617911485 -72.1437760125853 -870.9258245920917 1778.35 52.47129 -1016.316
870 1682.4387564169963 -72.18770050887707 -871.5791645060386 1779.954 52.52858 -1017.08
871 1684.0118196166818 -72.25288158748036 -872.3629731541708 1781.539 52.58609 -1017.84
872 1685.635851936436 -72.24874879971432 -872.9846229093055 1783.104 52.64253 -1018.596
873 1687.2267783828086 -72.28987134423268 -873.633746604886 1784.649 52.69797 -1019.347
874 1688.8174056508888 -72.32023088899646 -874.2440823040565 1786.178 52.75441 -1020.097
875 1690.366113680059 -72.42665242793655 -874.9078119452004 1787.688 52.81142 -1020.85
876 1691.8927077929602 -72.50602891405961 -875.582544809011 1789.178 52.87006 -1021.604
877 1693.4167669613876 -72.54986042718235 -876.2133722593406 1790.644 52.92871 -1022.359
878 1694.8897707071005 -72.59188849712248 -876.9269252909737 1792.093 52.98756 -1023.119
879 1696.3026536475347 -72.6156029189783 -877.6946214843508 1793.508 53.04491 -1023.881
880 1697.716815100714 -72.655409039712 -878.4723269977 1794.918 53.10413 -1024.665
881 1699.1204872960773 -72.69969291700582 -879.2457121091268 1796.305 53.16251 -1025.467
882 1700.5366072151974 -72.72827674028872 -879.9064487811205 1797.645 53.22561 -1026.269
883 1701.8908668693282 -72.75510769585877 -880.722618685685 1798.986 53.2864 -1027.105
884 1703.2310492578786 -72.72559660518071 -881.5395717732894 1800.303 53.34948 -1027.957
885 1704.5343854355117 -72.75286647478558 -882.3474688810229 1801.573 53.4186 -1028.814
886 1705.9051633681797 -72.77976647206586 -883.0870923994806 1802.849 53.48746 -1029.705
887 1707.16841207178 -72.78635847194032 -883.9167682437055 1804.07 53.55687 -1030.593
888 1708.4069079209005 -72.7568565934889 -884.842367454476 1805.302 53.62778 -1031.525
889 1709.6587069587385 -72.7024722787109 -885.7422383385887 1806.512 53.70201 -1032.479
890 1710.8207582519947 -72.6972027004948 -886.6842363599706 1807.659 53.78134 -1033.436
891 1712.0568261555934 -72.71084322520139 -887.6005532245317 1808.823 53.86369 -1034.439
892 1713.254121902285 -72.71950258763837 -888.5673107242676 1809.965 53.94892 -1035.467
893 1714.4024608556367 -72.72067358800558 -889.4973630343412 1811.032 54.03157 -1036.486
894 1715.5747238738531 -72.76007589266767 -890.4850880183874 1812.12 54.11921 -1037.563
895 1716.6112229162818 -72.73425127552957 -891.5278983080825 1813.127 54.2074 -1038.631
896 1717.7228240082877 -72.71903452186541 -892.5905416485589 1814.163 54.29748 -1039.764
897 1718.7880117087884 -72.70511312141964 -893.6973847121014 1815.169 54.39358 -1040.921
898 1719.7996200083169 -72.70904949327971 -894.7576010583729 1816.083 54.49432 -1042.062
899 1720.801822714013 -72.70981735551209 -895.916662152312 1817.025 54.5985 -1043.266
900 1721.752105112514 -72.71207318488622 -897.1051848053703 1817.931 54.70465 -1044.484
901 1723.0128508517507 -72.80602644066444 -897.836935071257 1818.744 54.81008 -1045.693
902 1723.8038342983891 -72.80125769290525 -899.1397257724401 1819.586 54.91601 -1046.959
903 1724.7003068775502 -72.81886946626379 -900.2853606973405 1820.326 55.02254 -1048.207
904 1725.5145307358684 -72.8320528961055 -901.5752422554002 1821.1 55.13095 -1049.517
905 1726.3546536034955 -72.8263290129925 -902.8492325698656 1821.838 55.24358 -1050.848
906 1727.0857664395676 -72.83172632919127 -904.1028677559977 1822.465 55.35588 -1052.152
907 1727.7451664850985 -72.77676919271947 -905.4724423931406 1823.124 55.47132 -1053.518
908 1728.4000231121695 -72.7345827689886 -906.837137023171 1823.739 55.58596 -1054.897
909 1728.998480472764 -72.69735931131792 -908.1706799674174 1824.255 55.70364 -1056.26
910 1729.5696015731846 -72.7011791544893 -909.5755032678906 1824.795 55.82355 -1057.672
911 1730.098167800315 -72.68250851603474 -910.9308402272098 1825.228 55.9407 -1059.056
912 1730.6056964558595 -72.6551573887187 -912.3550373182178 1825.688 56.06658 -1060.491
913 1731.074165164277 -72.60334956322865 -913.7865758632984 1826.105 56.19032 -1061.934
914 1731.4108178160263 -72.54602545932029 -915.2085992172841 1826.418 56.31631 -1063.357
915 1731.7534503141526 -72.55516741141085 -916.6815047424078 1826.758 56.44401 -1064.825
916 1732.067324777364 -72.51275053515852 -918.1578609350498 1827.054 56.57325 -1066.3
917 1732.3455902091407 -72.48103141950946 -919.5935165648164 1827.248 56.70276 -1067.744
918 1732.6353082345697 -72.45885580555046 -921.0726915930964 1827.464 56.83518 -1069.23
919 1732.887764888427 -72.41408846023229 -922.5630297517424 1827.64 56.9688 -1070.726
920 1733.0808078671023 -72.38073063741176 -924.0167548867457 1827.717 57.09951 -1072.185
921 1733.1797969833547 -72.35444530870357 -925.5241143680765 1827.812 57.23215 -1073.687
922 1733.2979462882256 -72.3333996417923 -926.9902948290578 1827.812 57.3658 -1075.152
923 1733.3955883647338 -72.30485755901496 -928.4988805755453 1827.83 57.49929 -1076.658
924 1733.3608870376895 -72.30566125842111 -930.0117732113819 1827.812 57.63595 -1078.165
925 1733.3564174705975 -72.25069822170923 -931.4923726126938 1827.696 57.76981 -1079.636
926 1733.1646473165176 -72.18143812636114 -932.9908644068643 1827.601 57.90771 -1081.139
927 1733.0571095925482 -72.16044425407446 -934.5029040749121 1827.468 58.04396 -1082.643
928 1732.9255119568493 -72.1043207489499 -935.9880601392201 1827.234 58.17193 -1084.111
929 1732.722655106749 -72.0536756883029 -937.4979665976139 1827.023 58.3023 -1085.615
930 1732.4826862261616 -71.99216370912914 -938.9748198459656 1826.704 58.43592 -1087.072
931 1732.2666885856117 -71.9049666391032 -940.488136837166 1826.41 58.56608 -1088.569
932 1731.9380582078882 -71.87130340462787 -941.9822526447199 1826.076 58.70315 -1090.056
933 1731.6357628369697 -71.81481628587264 -943.4561062976434 1825.633 58.83384 -1091.489
934 1731.254565846742 -71.75996849630633 -944.9366148247113 1825.214 58.96963 -1092.954
935 1730.9340983199183 -71.7381356960825 -946.4349356706873 1824.755 59.10201 -1094.41
936 1730.5768163989012 -71.6616099600261 -947.9094767290288 1824.183 59.2354 -1095.811
937 1730.0318444604854 -71.58640334164537 -949.3408069358264 1823.643 59.3685 -1097.24
938 1729.440459079862 -71.4898328135671 -950.7476866142607 1823.06 59.49507 -1098.648
939 1728.8332634638364 -71.42758613708314 -952.1435911124431 1822.357 59.60684 -1099.995
940 1728.2451854022079 -71.36509459668129 -953.5543603599496 1821.684 59.72051 -1101.364
941 1727.5671035337857 -71.29341728648923 -954.9187469957023 1820.889 59.84234 -1102.66
942 1726.8471491864889 -71.22992087876565 -956.2714980564722 1820.139 59.94356 -1103.994
943 1726.1240144286724 -71.14168051851576 -957.6202590995264 1819.352 60.05208 -1105.305
944 1725.3381419729108 -71.0695027735558 -958.9365153653451 1818.45 60.15961 -1106.542
945 1724.4772989083456 -71.01090683596077 -960.1971792477054 1817.589 60.27091 -1107.799
946 1723.5885303271903 -70.95403833592289 -961.435503371049 1816.694 60.38345 -1109.029
947 1722.7494451085674 -70.86157498172422 -962.718665026071 1815.685 60.49128 -1110.182
948 1721.8220017559725 -70.80073541772596 -963.9188613247154 1814.723 60.60227 -1111.351
949 1720.7754338206794 -70.7319599558104 -965.0433320023029 1813.646 60.71216 -1112.443
950 1719.7514393752351 -70.67841256635276 -966.1627311077078 1812.614 60.82078 -1113.551
951 1718.597422892349 -70.5779626147843 -967.140333883357 1811.551 60.93013 -1114.626
952 1717.4964916131871 -70.47909317152339 -968.2161121991138 1810.378 61.03586 -1115.622
953 1716.3411013814073 -70.39777459338036 -969.1974016189876 1809.249 61.14424 -1116.631
954 1715.229114814264 -70.34063802508769 -970.2316687252306 1808.088 61.24884 -1117.606
955 1714.0296291685213 -70.26311470742496 -971.2158558737831 1806.825 61.34899 -1118.505
956 1712.8350422422102 -70.18906151009188 -972.1609969000067 1805.603 61.44839 -1119.412
957 1711.5331671627964 -70.08212911764078 -973.0204712414187 1804.284 61.54684 -1120.246
958 1710.3398710429615 -69.98429351994211 -973.9753150017323 1803.008 61.64582 -1121.087
959 1709.0463846856353 -69.91827168644353 -974.7970794025875 1801.706 61.74346 -1121.892
960 1707.7241147235045 -69.85934492846677 -975.6494356335381 1800.315 61.83906 -1122.623
961 1706.3681055226627 -69.78666811292852 -976.3851398201616 1798.96 61.93421 -1123.358
962 1704.9858856648082 -69.76343719353123 -977.0887822641889 1797.579 62.0292 -1124.058
963 1703.5401266685656 -69.71294333341902 -977.7475545727099 1796.124 62.11734 -1124.692
964 1702.1531685607522 -69.66342764203083 -978.4600219781937 1794.701 62.20732 -1125.325
965 1700.7168357530068 -69.59310424306018 -979.0925274764714 1793.253 62.29534 -1125.928
966 1699.2218196936335 -69.53087749804907 -979.6816836752175 1791.742 62.38523 -1126.471
967 1697.7777937393778 -69.49595084721517 -980.3203201499797 1790.258 62.47435 -1127.004
968 1696.2814910341385 -69.44885545685247 -980.9330812298474 1788.716 62.5609 -1127.485
969 1694.7624885818975 -69.41290160286408 -981.4186380616076 1787.194 62.64482 -1127.955
970 1693.2360095973022 -69.37219143389166 -981.9088864493979 1785.654 62.72812 -1128.395
971 1691.6722829746973 -69.34163549353134 -982.3692831613378 1784.075 62.80871 -1128.793
972 1690.110011141319 -69.2988080057978 -982.7884904220423 1782.506 62.89076 -1129.18
973 1688.537525186647 -69.2561510348209 -983.2022987202746 1780.922 62.97071 -1129.541
974 1686.9620622777477 -69.23371248081872 -983.6806512041996 1779.311 63.04728 -1129.873
975 1685.3861499798215 -69.19060614566442 -984.1406047635012 1777.702 63.12234 -1130.193
976 1683.8039913973482 -69.13520362360345 -984.6031917384092 1776.082 63.19501 -1130.494
977 1682.1696599838124 -69.05777008223538 -984.9262711315952 1774.439 63.26738 -1130.771
978 1680.5444447305954 -69.03035678885894 -985.2875694030514 1772.797 63.33921 -1131.038
979 1678.8993649432866 -68.99649070309238 -985.6348204386483 1771.135 63.41172 -1131.284
980 1677.258515456017 -68.9463877209939 -985.9617697059838 1769.479 63.48361 -1131.517
981 1675.5952049632144 -68.90510847292383 -986.3073773051649 1767.796 63.55799 -1131.74
982 1673.9406173569196 -68.88332358023474 -986.68625111588 1766.113 63.63222 -1131.949
983 1672.260340322575 -68.8701419211275 -986.9359848126796 1764.428 63.70596 -1132.152
984 1670.586172750519 -68.84122888712086 -987.2567666618229 1762.736 63.77872 -1132.348
985 1668.904246565542 -68.79289661536899 -987.5111712936524 1761.046 63.85109 -1132.534
986 1667.225375174297 -68.79060351282268 -987.8024064519683 1759.353 63.9228 -1132.713
987 1665.5381664397187 -68.80358562048889 -988.0690980199712 1757.655 63.99476 -1132.885
988 1663.861018465867 -68.81170676775301 -988.3793775139305 1755.959 64.06682 -1133.051
989 1662.1620879822467 -68.78648201593651 -988.5422989693063 1754.261 64.13795 -1133.21
990 1660.4774703704747 -68.76684221977503 -988.8018328216538 1752.565 64.20815 -1133.366
991 1658.803642999458 -68.79151993429122 -989.1524161574542 1750.863 64.27888 -1133.519
992 1657.117308678254 -68.77983122200506 -989.4234008877158 1749.163 64.34811 -1133.669
993 1655.4179441466015 -68.73363396461693 -989.6332265581445 1747.458 64.41721 -1133.818
994 1653.7200937877765 -68.72741980746103 -989.8419828353877 1745.755 64.48641 -1133.964
995 1652.038981856601 -68.70718191042893 -990.1624985678926 1744.051 64.55659 -1134.108
996 1650.341840696841 -68.6936156692886 -990.419106444914 1742.342 64.62863 -1134.251
997 1648.644864542887 -68.69724619701773 -990.6621263508486 1740.635 64.70178 -1134.391
998 1646.9434802061724 -68.65713034513817 -990.859342873507 1738.929 64.77564 -1134.53
999 1645.2537791293082 -68.63101347794863 -991.1578951799667 1737.22 64.8495 -1134.667
1000 1643.5556880061677 -68.60579829436675 -991.3651236358509 1735.516 64.92197 -1134.802
1001 1641.860833007193 -68.5897479233221 -991.6108034497148 1733.81 64.9947 -1134.934
1002 1640.1751386519156 -68.5571032986403 -991.8396182035334 1732.115 65.06585 -1135.064
1003 1638.494622904341 -68.55460793709157 -992.0631763286927 1730.426 65.13665 -1135.192
1004 1636.8475185970422 -68.54663220868174 -992.4145786056258 1728.748 65.20511 -1135.319
1005 1635.1885825598563 -68.53646366418556 -992.6716215180519 1727.075 65.27167 -1135.441
1006 1633.525761933785 -68.52153939159379 -992.8847705063181 1725.404 65.33481 -1135.561
1007 1631.8731725357688 -68.49517996038088 -993.1170945514591 1723.74 65.39481 -1135.676
1008 1630.2310582736689 -68.47693651663343 -993.3778291856514 1722.082 65.45266 -1135.788
1009 1628.592641198186 -68.45842430461272 -993.6070706574067 1720.432 65.5124 -1135.894
1010 1626.955846556409 -68.44496450053947 -993.8075913404405 1718.787 65.5695 -1135.995
1011 1625.3316056933836 -68.40991522297145 -993.9333622079766 1717.161 65.62471 -1136.086
1012 1623.707228610403 -68.43021081561162 -994.0495044897115 1715.535 65.67949 -1136.161
1013 1622.1104954632935 -68.40999368213309 -994.2218494183742 1713.931 65.73199 -1136.225
1014 1620.5333574775134 -68.38450707639991 -994.4333542862556 1712.341 65.78231 -1136.271
1015 1618.9421952280118 -68.35819220405358 -994.5543930211858 1710.746 65.8327 -1136.295
1016 1617.38672904222 -68.35900285106645 -994.7053463007452 1709.184 65.88013 -1136.308
1017 1615.81688755521 -68.3449202796115 -994.7840148392055 1707.613 65.92724 -1136.285
1018 1614.28686792762 -68.30304039535618 -994.912368008562 1706.078 65.97128 -1136.253
1019 1612.772614905447 -68.30390877091176 -994.9493770772265 1704.565 66.0123 -1136.194
1020 1611.234383857811 -68.29419662658856 -994.9424880684644 1703.031 66.04779 -1136.085
1021 1609.74670167924 -68.26080063673061 -994.9388824723884 1701.548 66.08116 -1135.967
1022 1608.2741863707195 -68.27131911105766 -994.8848862653916 1700.082 66.11041 -1135.821
1023 1606.7676706532081 -68.28003938311409 -994.7740056262048 1698.586 66.13649 -1135.613
1024 1605.3263832859247 -68.26924149221443 -994.6477615528343 1697.155 66.16215 -1135.401
1025 1603.81656679958 -68.24652728051218 -994.513115251186 1695.669 66.18653 -1135.102
1026 1602.3632127107276 -68.23998272553993 -994.3575669589528 1694.241 66.21043 -1134.791
1027 1600.9396585270097 -68.24270221253128 -994.1292239126174 1692.835 66.21801 -1134.472
1028 1599.453333292005 -68.21041910048946 -993.8174053747389 1691.371 66.2073 -1134.067
1029 1598.0530785262501 -68.21567458277057 -993.5002229304156 1689.991 66.19591 -1133.671
1030 1596.6558794611583 -68.21115815785747 -993.1566418818813 1688.621 66.17116 -1133.232
1031 1595.1963677106369 -68.2240147651963 -992.7222423033382 1687.197 66.14385 -1132.693
1032 1593.8360826817946 -68.24057546626713 -992.2921098387561 1685.87 66.09641 -1132.171
1033 1592.3715885348772 -68.24765693848543 -991.8488211354311 1684.476 66.06232 -1131.541
1034 1591.0705022344157 -68.2625404287443 -991.2971414148786 1683.2 66.01776 -1130.935
1035 1589.7985589053242 -68.26836552827633 -990.7122028425526 1681.961 65.98452 -1130.284
1036 1588.429986904634 -68.26684132559221 -990.0416794590433 1680.643 65.94241 -1129.52
1037 1587.179059072821 -68.26141431384731 -989.4131826523377 1679.457 65.90758 -1128.777
1038 1585.9724583189313 -68.27494212275805 -988.7203399688957 1678.306 65.87101 -1127.996
1039 1584.6901790360562 -68.30000492096825 -987.9068390589667 1677.079 65.82757 -1127.102
1040 1583.5392911624717 -68.33025497362472 -987.1276235760287 1675.989 65.78896 -1126.24
1041 1582.338232180368 -68.34758400194447 -986.201171473443 1674.826 65.74585 -1125.267
1042 1581.2212159229239 -68.38333845438089 -985.3871692691237 1673.811 65.70668 -1124.329
1043 1580.1703182852575 -68.39427985029431 -984.4891375595485 1672.831 65.6632 -1123.355
1044 1579.0510317078197 -68.426793747034 -983.4855717126871 1671.787 65.61313 -1122.274
1045 1578.0272404425853 -68.47237389772722 -982.5560938850913 1670.884 65.56276 -1121.227
1046 1577.0759858781025 -68.52186221625598 -981.5583649498186 1670.025 65.50954 -1120.149
1047 1576.074178084731 -68.57583984726456 -980.4447552844101 1669.099 65.44746 -1118.972
1048 1575.192616877332 -68.61867533195114 -979.3795182596776 1668.319 65.38886 -1117.831
1049 1574.1994383407389 -68.67406381828857 -978.2681928950199 1667.481 65.32217 -1116.599
1050 1573.356009297858 -68.73065757066126 -977.1746812767378 1666.783 65.25392 -1115.408
1051 1572.5960004896988 -68.79507497470478 -976.0048512230651 1666.116 65.18499 -1114.183
1052 1571.825231011679 -68.90112412039849 -974.7414509193806 1665.409 65.10462 -1112.881
1053 1571.1215405737887 -68.97773898676519 -973.5279463020537 1664.817 65.03254 -1111.609
1054 1570.453359054935 -69.03636159891921 -972.2952168088938 1664.267 64.95835 -1110.32
1055 1569.7883196024222 -69.13037194010917 -970.9719929206381 1663.679 64.87654 -1108.96
1056 1569.1473769250645 -69.20617492258208 -969.7224679096479 1663.209 64.79507 -1107.637
1057 1568.6128869422007 -69.29393798974797 -968.421637812264 1662.781 64.71287 -1106.297
1058 1568.0055301358946 -69.35368148129825 -967.05074310491 1662.301 64.62431 -1104.878
1059 1567.5052757939625 -69.44658957857216 -965.7294357618067 1661.958 64.538 -1103.507
1060 1567.0311248185492 -69.53658509169455 -964.309343165307 1661.562 64.46915 -1102.062
1061 1566.6321103593248 -69.60260627404894 -962.9666473444637 1661.319 64.3632 -1100.685
1062 1566.208126061906 -69.69710404487999 -961.6156247826797 1661.115 64.26554 -1099.284
1063 1565.914672727235 -69.81525646539907 -960.1430371432176 1660.875 64.14444 -1097.802
1064 1565.6436238051192 -69.92331927092745 -958.734250004619 1660.772 64.05174 -1096.37
1065 1565.4668556590088 -70.00768718185881 -957.312508392713 1660.724 63.95351 -1094.939
1066 1565.3022915601543 -70.09809535758983 -955.8230713381419 1660.624 63.86049 -1093.444
1067 1565.2679292001646 -70.19584932686267 -954.3924313018967 1660.666 63.75655 -1092.014
1068 1565.1663642607725 -70.2904593306122 -952.8973179293807 1660.665 63.65347 -1090.516
1069 1565.1860608148136 -70.39871681639818 -951.4548644525121 1660.808 63.53899 -1089.081
1070 1565.2297951711573 -70.4852280969336 -950.0089799407632 1660.998 63.42386 -1087.649
1071 1565.217562735467 -70.63339129035587 -948.514933134257 1661.14 63.30548 -1086.159
1072 1565.4651205965506 -70.76396380646608 -947.0865136282812 1661.423 63.18844 -1084.736
1073 1565.7384550017023 -70.84484573757167 -945.648393580065 1661.752 63.07257 -1083.312
1074 1565.9988798576708 -71.00864636416821 -944.1750407553756 1662.049 62.95694 -1081.841
1075 1566.2110374623467 -71.1598436097702 -942.7157466636311 1662.469 62.84239 -1080.424
1076 1566.565635513017 -71.31685105516146 -941.2516609853144 1662.869 62.72406 -1078.968
1077 1566.9050087611133 -71.44594607675377 -939.7926024772427 1663.374 62.61487 -1077.556
1078 1567.3672650775788 -71.5821780467259 -938.3593983708274 1663.914 62.50419 -1076.148
1079 1567.7720189872546 -71.71212773207472 -936.8914635270828 1664.445 62.39675 -1074.719
1080 1568.400539043072 -71.85978959873283 -935.5092098122495 1665.055 62.28661 -1073.325
1081 1569.005096601853 -71.98007185848103 -934.1041095537232 1665.691 62.17659 -1071.933
1082 1570.5483027703901 -72.01898651060009 -934.0768642304735 1666.334 62.06217 -1070.534
1083 1571.2392187245794 -72.14950435293471 -932.6681588595818 1667.04 61.9526 -1069.131
1084 1571.765415635441 -72.31023960168055 -931.2196086770855 1667.748 61.84362 -1067.757
1085 1572.3726992120353 -72.43111569699134 -929.774619875336 1668.471 61.73872 -1066.365
1086 1572.9958751313557 -72.58064135493899 -928.3342959889848 1669.233 61.6328 -1064.989
1087 1573.7490278736973 -72.68703544083291 -926.9425320209249 1670.011 61.52604 -1063.611
1088 1574.4602040431332 -72.80466849020786 -925.5066020350895 1670.82 61.41849 -1062.227
1089 1575.1952575683777 -72.92927048874924 -924.074106810181 1671.64 61.31031 -1060.84
1090 1575.8770999147644 -73.0811535660436 -922.6316220660312 1672.455 61.20477 -1059.464
1091 1576.5459012417205 -73.22167706527789 -921.165454821777 1673.289 61.0989 -1058.082
1092 1577.2313384608242 -73.37265383721876 -919.6851689473925 1674.135 60.99427 -1056.683
1093 1578.0108948122256 -73.4672163187901 -918.2369382839385 1674.989 60.89092 -1055.278
1094 1578.6437012716483 -73.60643126589888 -916.7047568228136 1675.853 60.79 -1053.86
1095 1579.3294410148387 -73.74769706958098 -915.2048787579636 1676.716 60.69111 -1052.451
1096 1580.0688855480312 -73.87495427116494 -913.713844443175 1677.591 60.59208 -1051.033
1097 1580.8513857265777 -73.97821823039446 -912.2282384901046 1678.473 60.49193 -1049.604
1098 1581.6234266704191 -74.08689973361025 -910.693045106849 1679.381 60.38454 -1048.145
1099 1582.3854194953708 -74.20607930137626 -909.2221180223717 1680.259 60.28089 -1046.739
1100 1583.1788264735112 -74.33690427737399 -907.7103201356509 1681.167 60.17613 -1045.291
