0 0.0 0.0 0.0 0.0 -1.110223e-16 2.220446e-16
1 0.04598215720486307 0.005405066505582418 1.1985176436414113 -0.01401751 -0.02820321 1.198998
2 0.061561493323319894 -0.0001380192963546566 2.3839941203869603 -0.02787365 -0.0560812 2.384181
3 0.017876605284370253 -0.025698514905835673 3.5747769231948165 -0.0418032 -0.08410629 3.575628
4 0.05498933919485287 -0.041341270299465396 4.766170408841673 -0.05573543 -0.1121362 4.767291
5 0.09369743017471524 -0.08303823375574346 5.960219898671277 -0.06970674 -0.1402442 5.962283
6 0.11231662326191658 -0.10307359198131241 7.150802381686022 -0.08362554 -0.1682458 7.152769
7 0.08539816587509214 -0.13612390605315758 8.343083020167498 -0.09756958 -0.1962977 8.3454
8 0.1198741648690843 -0.1476144772262364 9.53430173364278 -0.1114989 -0.2243193 9.536762
9 0.09270393423657998 -0.17147147468948715 10.725722161420256 -0.1254307 -0.2523452 10.72832
10 0.1231002419481783 -0.18527293831599914 11.917175526300927 -0.1393621 -0.2803697 11.91983
11 0.0922153845134977 -0.22070473267778584 13.1087399698583 -0.1533004 -0.3084073 13.11191
12 0.03474011145005259 -0.2325477874108564 14.299271224916009 -0.1671408 -0.3362948 14.30348
13 0.009056841376924453 -0.24987633142572982 15.492424760264297 -0.181814 -0.3654237 15.49659
14 -0.06486820284857747 -0.24665536218072218 16.681494907629553 -0.1950729 -0.3924445 16.68758
15 -0.0862778764714612 -0.2749438273415327 17.874798352932572 -0.2081761 -0.4191514 17.88104
16 -0.03826638446818996 -0.2917570827781162 19.069667813757484 -0.2220687 -0.4450814 19.07663
17 -0.08278389550151175 -0.3192562315906802 20.262470397207633 -0.2372951 -0.4715143 20.27019
18 -0.13813112546624623 -0.35022105933894937 21.455670198145075 -0.2531559 -0.4977817 21.46468
19 -0.08759122806433774 -0.3352181068633734 22.649090433570223 -0.2707637 -0.5247441 22.65883
20 -0.08534165852133167 -0.3677579574908047 23.843238978345298 -0.2887908 -0.5527301 23.85296
21 -0.16427690098005576 -0.38262243985988065 25.034895760677923 -0.3071147 -0.5812326 25.04684
22 -0.13152458924960897 -0.3842488711280582 26.231154626384498 -0.3273512 -0.6069839 26.2431
23 -0.12868001966630652 -0.39815609909147853 27.43009679078465 -0.3472488 -0.6329432 27.44168
24 -0.2118330830647861 -0.4229565380747652 28.62279438099131 -0.3677985 -0.6565642 28.63712
25 -0.2546792602967411 -0.4777300989486534 29.812416715560317 -0.3892136 -0.6824261 29.8283
26 -0.271289829895213 -0.5007157043353293 31.01221253924708 -0.4112762 -0.7087202 31.02794
27 -0.346306990558333 -0.5195741528154467 32.21426540307579 -0.4357161 -0.7356474 32.23193
28 -0.30781438254083066 -0.5555685011853116 33.40196842040466 -0.4596533 -0.7632533 33.42024
29 -0.3330410115455148 -0.6173884342681554 34.59526049374093 -0.4846981 -0.7915945 34.6148
30 -0.4116535048170724 -0.635020976309616 35.79086952108092 -0.509819 -0.8182722 35.81256
31 -0.4706384709348795 -0.6565826827328115 36.9865594253769 -0.5367057 -0.8457827 37.00928
32 -0.43970785826101294 -0.6669906903086817 38.184337756450404 -0.5627412 -0.8734675 38.2069
33 -0.4954368182605945 -0.6287958797141833 39.38163962405804 -0.5904619 -0.9001114 39.40549
34 -0.6132213792804496 -0.6774935487896909 40.572407352648625 -0.6181703 -0.9268582 40.60244
35 -0.6697587363588903 -0.7065521707136637 41.7676149657817 -0.6466319 -0.9531287 41.79871
36 -0.6701109460923933 -0.7005266834182139 42.965412453323154 -0.675668 -0.9776312 42.99592
37 -0.7041219028583587 -0.733950651721052 44.1648271169051 -0.708016 -1.000412 44.19563
38 -0.7105884503447788 -0.7487693008213392 45.365207087724144 -0.7358613 -1.020365 45.39563
39 -0.8017986164780588 -0.7434336393198606 46.56261647007996 -0.7617275 -1.037444 46.59612
40 -0.9008067866233703 -0.7418796883935818 47.76420600075599 -0.784447 -1.051207 47.80149
41 -0.942382484552998 -0.7563775676112503 48.966695029126896 -0.8050204 -1.064092 49.00454
42 -0.9651173186852725 -0.7486088428382256 50.16555427488302 -0.822002 -1.07385 50.20348
43 -0.9959724164947903 -0.7477946527023133 51.36644161040532 -0.8402902 -1.085315 51.40457
44 -1.0168210148945445 -0.7481686855454877 52.56774366515468 -0.859463 -1.098286 52.60583
45 -0.9497770977973764 -0.7681398849720474 53.77132284050993 -0.8753783 -1.112635 53.81125
46 -1.0142266020846784 -0.820991446923038 54.97260846113833 -0.892873 -1.127883 55.0152
47 -1.0643192170697446 -0.8074694349131254 56.176807467175124 -0.9118602 -1.143152 56.22027
48 -1.0762010566338318 -0.821979037588015 57.38447825276294 -0.9332309 -1.160687 57.42777
49 -1.1318273236107794 -0.8536031724978612 58.587940535051096 -0.956215 -1.175655 58.63262
50 -1.1314085290295264 -0.8746517087401378 59.79405915160717 -0.981436 -1.190278 59.83857
51 -1.1734377388330215 -0.898929911434685 60.996963260970105 -1.006715 -1.2056 61.04209
52 -1.2010905689427063 -0.9193956343061978 62.200361791007126 -1.031126 -1.22132 62.24563
53 -1.2379024555896998 -0.9415241838123064 63.401757983624805 -1.053863 -1.237483 63.44747
54 -1.250976540359268 -0.970173534747929 64.60176135571272 -1.078473 -1.251701 64.64755
55 -1.3060365430079792 -0.9865132003497183 65.8035923639399 -1.103193 -1.267101 65.8504
56 -1.34073685595494 -0.9947283307789024 67.00064313611267 -1.129538 -1.281112 67.04761
57 -1.4250915019462909 -1.0057519047986112 68.19146873811302 -1.15768 -1.293922 68.24107
58 -1.490329226755514 -1.011014638139856 69.38433320670302 -1.18693 -1.309417 69.43527
59 -1.5186662826587989 -1.0155193805275902 70.5753136321407 -1.215316 -1.324678 70.62616
60 -1.5976704210858133 -0.9941839621730696 71.76275614823109 -1.243226 -1.339456 71.816
61 -1.650874208516469 -0.9983459378847095 72.94812789739302 -1.268567 -1.355743 73.00219
62 -1.6299614939819025 -1.0068704554345418 74.13356558067348 -1.292838 -1.37147 74.18749
63 -1.6557609846786385 -1.022995761021571 75.3114991185781 -1.310252 -1.390125 75.36554
64 -1.6583549468034264 -1.0467671584455163 76.48667608381398 -1.320138 -1.407515 76.54079
65 -1.6598995428937295 -1.077339216560675 77.66199985197726 -1.33092 -1.427085 77.7163
66 -1.7255782035297949 -1.108769012361581 78.83826946533847 -1.33795 -1.448797 78.8946
67 -1.7452065566765083 -1.1303715639693162 80.01190630339777 -1.340942 -1.468534 80.06843
68 -1.7659774066878087 -1.1444525121923024 81.17787528289719 -1.34229 -1.485826 81.23454
69 -1.7744948106153418 -1.173619478930578 82.34226420383496 -1.335651 -1.506096 82.39913
70 -1.7527692099542513 -1.1966009791784757 83.50102562353025 -1.323865 -1.530312 83.55801
71 -1.7935929376066198 -1.2364153644228848 84.65942773402435 -1.309268 -1.555472 84.71745
72 -1.770463116027315 -1.263188967316442 85.8187841350037 -1.292993 -1.580587 85.87696
73 -1.7661072461323384 -1.2880560063418622 86.97311885193832 -1.273121 -1.605074 87.03114
74 -1.7398800719518477 -1.2992246412196364 88.12603360244266 -1.247131 -1.630673 88.18383
75 -1.7328661769351705 -1.323427232794639 89.2759735193243 -1.216671 -1.656163 89.33336
76 -1.6703794795330809 -1.3507174701965037 90.42484889788645 -1.182745 -1.683163 90.48344
77 -1.6033825116105827 -1.3824677715722018 91.57654337081611 -1.144128 -1.710419 91.63655
78 -1.5820962314030167 -1.4174348258325995 92.73162057895603 -1.10175 -1.736086 92.79129
79 -1.5488862855363565 -1.4483622818760207 93.88773552907094 -1.056015 -1.76065 93.94713
80 -1.5327284289373049 -1.477351896102184 95.04408394632853 -1.006119 -1.785071 95.10262
81 -1.4089527434649 -1.498560664074304 96.1914305372242 -0.953966 -1.809543 96.25538
82 -1.3469211186710637 -1.5225378454048748 97.34896251519773 -0.8975398 -1.834871 97.41317
83 -1.3484875573885862 -1.5304311940040143 98.50967780082532 -0.8410031 -1.861916 98.57222
84 -1.3553239132640647 -1.5789160566982714 99.67797786957381 -0.7820453 -1.891643 99.73968
85 -1.3757628287225643 -1.6260933866650389 100.85314284418914 -0.7233569 -1.922457 100.9141
86 -1.3085908804593407 -1.6319074264167783 102.03362955064426 -0.6655319 -1.953029 102.0947
87 -1.1501041527035383 -1.6434091482430013 103.20882687259662 -0.6077182 -1.983093 103.2788
88 -1.0782001128190883 -1.6784079632917472 104.39908526674402 -0.5505715 -2.012875 104.47
89 -1.0410988727765833 -1.6802618851074576 105.59790653301705 -0.4977483 -2.041118 105.6679
90 -0.9576294654214631 -1.6977224405526525 106.79553338801219 -0.4483272 -2.069739 106.8672
91 -0.9010254508151835 -1.7536867256398045 107.99870647957638 -0.4053771 -2.098282 108.0719
92 -0.8025638376012533 -1.7940810674522376 109.20172138140724 -0.3651076 -2.127 109.2786
93 -0.6098554306989273 -1.7795961343147664 110.40014208586518 -0.3290753 -2.156853 110.4916
94 -0.5502930093375656 -1.788967353925359 111.61507181171667 -0.2985283 -2.185665 111.7073
95 -0.6399679116004472 -1.8186155283485848 112.82839215582155 -0.2726718 -2.213402 112.9237
96 -0.5832804097002011 -1.85223955984207 114.04584914069542 -0.2537792 -2.240145 114.1425
97 -0.5697926971773465 -1.8648367387112952 115.26638426925996 -0.2415523 -2.267804 115.3628
98 -0.5131724697857883 -1.880672481922001 116.4885381413806 -0.2340717 -2.29683 116.586
99 -0.5370318376430481 -1.9001592836897598 117.71413753022986 -0.2325711 -2.327575 117.8116
100 -0.4956651950317486 -1.9368676618400427 118.94157804797916 -0.2372931 -2.358001 119.0399
101 -0.4579676584482075 -1.9327345784036472 120.17289711464574 -0.246444 -2.388148 120.2714
102 -0.4418816544666913 -1.9845933428568638 121.40198572179744 -0.2562318 -2.417424 121.5013
103 -0.4862173778603492 -1.9924320157706543 122.64264013453999 -0.2696789 -2.444635 122.7424
104 -0.5123296276952959 -1.9997371441887293 123.8832124918107 -0.2835717 -2.4715 123.9829
105 -0.6012084765357473 -2.028388452463249 125.12127130708662 -0.2970155 -2.498919 125.2241
106 -0.622590694797954 -2.068007376083251 126.36692193554127 -0.3168152 -2.521615 126.4702
107 -0.3873432631155902 -2.139154674096444 127.59286542875982 -0.336076 -2.543289 127.7202
108 -0.3882079617788402 -2.16781203416415 128.84248364753986 -0.3532043 -2.561295 128.9699
109 -0.4624883160732714 -2.169377399443916 130.09070655214828 -0.3704424 -2.578125 130.2201
110 -0.4346556746893645 -2.2027066101801442 131.345664425201 -0.384545 -2.59617 131.4756
111 -0.3724715005297681 -2.236981653325755 132.60176520084252 -0.3976226 -2.614808 132.7335
112 -0.40289312309629216 -2.2432404924273825 133.86398984783085 -0.4133731 -2.631357 133.9959
113 -0.48089162317600187 -2.2753533841029414 135.12476604993157 -0.4299121 -2.64614 135.2593
114 -0.47573885223226436 -2.3097010900879 136.38774250202653 -0.4438867 -2.660056 136.5226
115 -0.444975175064687 -2.3318766316356756 137.65424351961292 -0.4570556 -2.675992 137.7895
116 -0.49332982109674833 -2.349384711338536 138.9207055957112 -0.472057 -2.693213 139.0568
117 -0.5293251988737343 -2.3734858567929265 140.1940356741824 -0.490815 -2.711316 140.3306
118 -0.4948296695960941 -2.384463998132117 141.46917634204544 -0.5099508 -2.728134 141.606
119 -0.5145302565405847 -2.4040805492791124 142.74335839115724 -0.5316574 -2.744134 142.8802
120 -0.4656020177589685 -2.4422274818886254 144.014873045825 -0.5501461 -2.759529 144.153
121 -0.5050460230706287 -2.4752915859319575 145.28515615348834 -0.5681071 -2.775354 145.4241
122 -0.5091128629401617 -2.506024489606564 146.55495633307834 -0.586224 -2.79483 146.694
123 -0.6343221472410077 -2.5180726181032833 147.81611967968996 -0.6015689 -2.818864 147.9611
124 -0.5389822461642664 -2.560873484600158 149.07807218743454 -0.6184009 -2.844547 149.227
125 -0.624851657567061 -2.5861490992282503 150.34077284481384 -0.6344428 -2.875057 150.4924
126 -0.6367144204806008 -2.5890476654322465 151.60505023322608 -0.6492857 -2.908757 151.7562
127 -0.6726037746457671 -2.621794755063323 152.87321997467998 -0.6669047 -2.939717 153.0248
128 -0.6945527744843358 -2.6450491106994654 154.1367942032677 -0.6841745 -2.969914 154.2883
129 -0.6933713340182845 -2.6541106549498967 155.40221175053796 -0.703475 -2.997619 155.5533
130 -0.6714740092451386 -2.697058830552391 156.66531096460224 -0.7212308 -3.024885 156.8169
131 -0.6367247421624399 -2.737169510281691 157.92552093864722 -0.7401339 -3.051707 158.0778
132 -0.6604973833514519 -2.7308083103619505 159.19011162478094 -0.7581397 -3.079341 159.3422
133 -0.6093588048376473 -2.7819316703659847 160.45001325278622 -0.7785169 -3.10733 160.6037
134 -0.6021480188217885 -2.822009041295981 161.71023083386837 -0.7989665 -3.135262 161.8641
135 -0.6413005235011913 -2.86320488607644 162.97153401602523 -0.8210143 -3.16234 163.1262
136 -0.7186836096781444 -2.886730010160696 164.2335996209191 -0.8448485 -3.191224 164.3903
137 -0.7466362613440738 -2.903644103115265 165.4953534506304 -0.8676072 -3.221845 165.6519
138 -0.7027551129919378 -2.9343390093077 166.7572134046898 -0.8915914 -3.252329 166.9143
139 -0.6206497615671721 -2.968820219549953 168.01686956767193 -0.9159259 -3.282708 168.1765
140 -0.5920536968475124 -2.980887395867192 169.28203931961494 -0.9418036 -3.313952 169.4414
141 -0.6204477528533778 -3.008485448699287 170.5453674625848 -0.9682551 -3.3446 170.7047
142 -0.6881943509774398 -3.0075137637484652 171.81019075399394 -0.9957698 -3.373848 171.9707
143 -0.7312632436681296 -3.0198070634106142 173.07364311355778 -1.024319 -3.402447 173.2343
144 -0.7949179060446003 -3.051707444949722 174.33632103515276 -1.053647 -3.431925 174.4983
145 -0.8700088523461785 -3.072361123936953 175.59530073660065 -1.083166 -3.461238 175.759
146 -0.8827990667480465 -3.104287318394763 176.86293293584458 -1.111965 -3.491932 177.0264
147 -0.8633854877845071 -3.1345519381535825 178.1258488592412 -1.14094 -3.523533 178.2891
148 -0.7767695260577603 -3.1808194565506 179.3828027010093 -1.167498 -3.555449 179.5492
149 -0.7544860248871367 -3.2067158955584447 180.64450229480104 -1.193384 -3.587083 180.8107
150 -0.8267226299825128 -3.233648863993725 181.90430568693634 -1.220912 -3.617217 182.0722
151 -0.8615555663955328 -3.2579781813919304 183.16872061350466 -1.249819 -3.644685 183.3367
152 -0.913395595899692 -3.2674143946230845 184.4249224869473 -1.280267 -3.669131 184.5934
153 -0.9342121331171314 -3.2897601953308224 185.67490175963826 -1.311919 -3.694209 185.8431
154 -0.9129126547395118 -3.298823331561279 186.92458526308403 -1.342768 -3.722358 187.0923
155 -0.8885195292459223 -3.3183619452258077 188.1713923907063 -1.371475 -3.752664 188.3388
156 -0.8977750405556162 -3.342124888808478 189.41861993467762 -1.400872 -3.781861 189.5856
157 -0.9361336182942588 -3.340498320287263 190.6639086492309 -1.429913 -3.811043 190.8308
158 -1.032887165569765 -3.3718357763340556 191.8992561983389 -1.45692 -3.839753 192.0697
159 -1.0105481196660924 -3.4154114861162443 193.13268976871797 -1.482347 -3.868861 193.3035
160 -1.0184848712549828 -3.426439160107821 194.3640467688725 -1.504387 -3.897568 194.5344
161 -1.0085890822956218 -3.4596256679999864 195.5907489794272 -1.525428 -3.929306 195.761
162 -0.9847371173897612 -3.4748865500673807 196.81159290274115 -1.54334 -3.962116 196.9816
163 -0.9380003780382794 -3.5273356372618303 198.02722874242394 -1.561315 -3.994523 198.1987
164 -0.9288339051804941 -3.5416383937887845 199.24040805487164 -1.577337 -4.025379 199.4115
165 -0.8936526526951261 -3.5769222854598524 200.44756566675468 -1.593225 -4.055718 200.6192
166 -0.9470648979527264 -3.5915830373510853 201.64821319806413 -1.607052 -4.084508 201.8207
167 -0.9065500597252573 -3.6146503714142995 202.84249957070708 -1.619569 -4.112611 203.0155
168 -0.9381140400468123 -3.6519867394260306 204.02970547137932 -1.629855 -4.142166 204.2033
169 -0.9374782086175792 -3.6619367852420437 205.20880967042055 -1.639698 -4.168995 205.3821
170 -0.9543664026506162 -3.700733135574988 206.3787988982377 -1.649074 -4.196218 206.5525
171 -0.9279716576322594 -3.709718723529383 207.53570589390048 -1.655974 -4.223531 207.7094
172 -0.9100564995078749 -3.7374922472197936 208.67836245754341 -1.663162 -4.25023 208.8522
173 -0.9046810905340241 -3.776887768850299 209.80760490510187 -1.670517 -4.277047 209.9818
174 -0.8566436691290734 -3.8059463067169994 210.91841139677712 -1.680916 -4.301812 211.0937
175 -0.8912419783666491 -3.8061236201901156 212.01521404726205 -1.692609 -4.32686 212.1907
176 -0.8696630483720869 -3.8281323870707604 213.09933381265455 -1.705386 -4.351615 213.2749
177 -0.8568191885313624 -3.854408146967687 214.16970094182298 -1.717659 -4.376802 214.3453
178 -0.8440082432008652 -3.883003760378244 215.2289186818266 -1.730641 -4.402081 215.4046
179 -0.8391019173674067 -3.892088355075567 216.27284977414163 -1.744177 -4.426871 216.4482
180 -0.8216629496233536 -3.903788133300159 217.3101986163319 -1.758097 -4.450451 217.4854
181 -0.7505963253984014 -3.9268648693538695 218.33015934870465 -1.775959 -4.472509 218.5077
182 -0.6745021906051928 -3.929299915748916 219.33141530862855 -1.796549 -4.494237 219.5114
183 -0.7282328852040115 -3.9462279010648387 220.3138668885922 -1.82019 -4.513126 220.495
184 -0.6812998344860915 -3.951953245498022 221.2794096028345 -1.844527 -4.532452 221.4612
185 -0.7267647504934899 -3.961680997882157 222.22028144821942 -1.871601 -4.553298 222.4026
186 -0.7048310968510149 -3.981559261284412 223.14069999181305 -1.900504 -4.574348 223.3228
187 -0.7687361324684341 -4.001325835086232 224.0353435326129 -1.93108 -4.594192 224.2192
188 -0.7156872329691626 -4.024760005318226 224.9082315206918 -1.963226 -4.613875 225.0932
189 -0.7531922477448505 -4.043518106707068 225.76120983755862 -1.999321 -4.634336 225.9462
190 -0.7802103721135067 -4.093152332506082 226.58997008444666 -2.03611 -4.65549 226.7758
191 -0.8550266864785158 -4.096074643029716 227.40041408814528 -2.076063 -4.674144 227.5885
192 -0.9092611416292161 -4.1074721104579295 228.19309034224446 -2.113952 -4.692285 228.382
193 -0.893581869725201 -4.1142822522812255 228.97092687264072 -2.149429 -4.710568 229.159
194 -0.8888242683330874 -4.110017564471011 229.72945894184073 -2.182836 -4.728951 229.9166
195 -0.9203745023966665 -4.1187466595259785 230.47075053020194 -2.215172 -4.746558 230.6577
196 -0.9175292890298088 -4.143097604316913 231.201745521636 -2.24791 -4.762455 231.3882
197 -0.9238516519520071 -4.150042359715152 231.9299272864891 -2.278813 -4.778921 232.1156
198 -0.9162837981644618 -4.155116441616534 232.6533994870379 -2.30914 -4.795655 232.8383
199 -0.9254664843654693 -4.1846894081155765 233.37524724662754 -2.338553 -4.813178 233.56
200 -0.9597477581228101 -4.205203629145379 234.09242487638403 -2.3648 -4.830531 234.2776
201 -0.9528303635666245 -4.207431468381547 234.80693032163822 -2.389577 -4.847959 234.9915
202 -0.9649247107103149 -4.22759264127925 235.51778679601583 -2.414706 -4.864866 235.7021
203 -0.9292504162080618 -4.2187781800985515 236.2237854938757 -2.437161 -4.881579 236.4085
204 -0.9320858263308804 -4.228375959718921 236.92729836408975 -2.45827 -4.896919 237.1116
205 -0.912365907477951 -4.252622304663446 237.62677098659205 -2.475218 -4.912132 237.8114
206 -0.9092199411698787 -4.274361260541469 238.32298606581924 -2.489243 -4.929647 238.5076
207 -0.9045954974159259 -4.288823335600832 239.01546040003961 -2.501543 -4.947554 239.1999
208 -0.9183684559267304 -4.2943418172509915 239.7035147836999 -2.511949 -4.965562 239.8878
209 -0.9006676582285685 -4.315806418858934 240.39069274657317 -2.520293 -4.98174 240.5753
210 -0.8968982228941615 -4.328009298104019 241.0794166898882 -2.528203 -4.99821 241.2639
211 -0.8672521652825095 -4.360818975111919 241.771652566641 -2.534352 -5.01566 241.9573
212 -0.905341551953673 -4.374522514803062 242.466879331873 -2.538348 -5.032044 242.6535
213 -0.8612573142621819 -4.401280228260207 243.16758744846555 -2.543393 -5.04817 243.3559
214 -0.901098180663343 -4.417956596657595 243.86954803415003 -2.545596 -5.064282 244.059
215 -0.8861770742760557 -4.447288102037407 244.57336219789025 -2.546852 -5.080295 244.7634
216 -0.8587061229988112 -4.459670773173904 245.2809691387299 -2.546619 -5.094783 245.4715
217 -0.8463415884471387 -4.459638344993993 245.9958050990087 -2.545576 -5.109038 246.1863
218 -0.8491582178645274 -4.4736013740260745 246.71766956995043 -2.543734 -5.126143 246.9081
219 -0.8275265999889088 -4.484900889311445 247.44531156712378 -2.542056 -5.145191 247.6359
220 -0.8175752408384884 -4.507180279943187 248.17876211899497 -2.541896 -5.164585 248.3695
221 -0.8071743656816449 -4.5159565265273836 248.92082884063453 -2.542204 -5.185382 249.1114
222 -0.8110040432592034 -4.52929127826546 249.66688524063036 -2.540944 -5.205979 249.8573
223 -0.7859018119044644 -4.5435517204123235 250.41935589476432 -2.535403 -5.22737 250.61
224 -0.765366608600223 -4.558050822566196 251.18000101860525 -2.529259 -5.246305 251.3708
225 -0.7401642299187164 -4.5544779252354886 251.95398187150698 -2.529475 -5.263872 252.145
226 -0.7884067345929395 -4.588106996063453 252.73592146595337 -2.534412 -5.282956 252.9289
227 -0.7759704645014488 -4.592395336542623 253.52310547697124 -2.53173 -5.300222 253.716
228 -0.7622821051216399 -4.610777872013115 254.31768452362246 -2.522827 -5.316153 254.5107
229 -0.7247181795608709 -4.617394127773892 255.1117916286934 -2.516895 -5.328791 255.3056
230 -0.7146030037417742 -4.61232320634372 255.9182206709234 -2.508908 -5.345294 256.1119
231 -0.7083767896540177 -4.621369268398879 256.7361744634474 -2.495854 -5.364407 256.9296
232 -0.6350170323223518 -4.6348663677172635 257.5615138031297 -2.476437 -5.385775 257.7578
233 -0.5883737485830939 -4.6642199410289225 258.39532105127876 -2.451908 -5.406872 258.5928
234 -0.5590635067212532 -4.675888048548526 259.2320164320918 -2.426274 -5.425049 259.4295
235 -0.49815177173918246 -4.690654502943277 260.0692737340821 -2.401831 -5.445288 260.2685
236 -0.5012305746729706 -4.709922120951962 260.9039959725727 -2.377452 -5.467449 261.1028
237 -0.46385158009441774 -4.693770544467715 261.74079189649103 -2.347909 -5.488513 261.9398
238 -0.4465990571395971 -4.72596407890418 262.5797838636547 -2.315586 -5.509575 262.7787
239 -0.4628669211346435 -4.756336267549498 263.4225534807998 -2.282743 -5.533299 263.6212
240 -0.36216647696272986 -4.752907734936928 264.25942358379353 -2.249292 -5.557575 264.4631
241 -0.3007400491882857 -4.775789823017028 265.0975102633756 -2.211671 -5.580169 265.3026
242 -0.24651692078393422 -4.741998263883126 265.9394381440438 -2.169031 -5.601556 266.1456
243 -0.2210883990357832 -4.7323484499513215 266.7836561042281 -2.120601 -5.622751 266.9886
244 -0.15377980910142802 -4.742147950474796 267.628507128293 -2.070929 -5.642388 267.8345
245 -0.08589441393230543 -4.75972934082792 268.474960633921 -2.020152 -5.662313 268.6821
246 -0.0814282012024862 -4.773507990894052 269.32366112767494 -1.972336 -5.683949 269.5293
247 -0.044814248607418575 -4.790256498695193 270.1766735454309 -1.923826 -5.705921 270.3816
248 0.0425857877154138 -4.7995393034797535 271.0262571826239 -1.875688 -5.726987 271.2341
249 0.09381902957713334 -4.80895760924249 271.88123433321323 -1.829452 -5.750154 272.0891
250 0.18696932326898275 -4.804698349980367 272.73179013434367 -1.783337 -5.773108 272.9432
251 0.22831474891950265 -4.819079415732285 273.58415900006474 -1.741198 -5.793806 273.7954
252 0.25573183787239506 -4.827951542872605 274.44058524116105 -1.700845 -5.814912 274.6511
253 0.27400639477213723 -4.8622448336888855 275.2933045318324 -1.660663 -5.835884 275.5035
254 0.34506239309392 -4.896728744394733 276.14167706813765 -1.622669 -5.858238 276.3544
255 0.3608294743217951 -4.890743589444251 276.99189041725117 -1.585579 -5.879709 277.2037
256 0.3631589513598388 -4.897186649802131 277.8407534432565 -1.550632 -5.901149 278.0516
257 0.4359277103327615 -4.924753913413133 278.68315675585717 -1.517863 -5.921904 278.8967
258 0.49409382543144076 -4.939371614958593 279.52043618079 -1.489305 -5.941918 279.7354
259 0.5695876019736876 -4.973493020905025 280.3501420657592 -1.466242 -5.96075 280.5687
260 0.6154165529377892 -4.970694576561577 281.1702475448366 -1.447757 -5.978025 281.3897
261 0.6835659753249256 -4.962807016480542 281.9810700123924 -1.431895 -5.99441 282.2031
262 0.7617396195638245 -4.98356144884758 282.7777465158325 -1.419054 -6.010847 283.0036
263 0.770095310189327 -4.994417148263207 283.56211778305766 -1.412086 -6.026687 283.7879
264 0.7426962932142155 -5.006217607844399 284.32905669188125 -1.411252 -6.04017 284.5553
265 0.7712245887199692 -5.011574419330891 285.07852836064217 -1.414317 -6.053988 285.3052
266 0.7568409454083553 -5.018143085794264 285.80922312654036 -1.417779 -6.069167 286.0359
267 0.7288508700626938 -5.0433154626046095 286.5165243084536 -1.423417 -6.085125 286.744
268 0.705042121696316 -5.029405911477313 287.2053759520886 -1.435822 -6.10138 287.4331
269 0.6707865945605574 -5.030755662521052 287.8723486184474 -1.454441 -6.117454 288.1005
270 0.7010186870537668 -5.0310350288795735 288.5228364865917 -1.477649 -6.132605 288.7511
271 0.6859760935457365 -5.029109164844029 289.161423541961 -1.506373 -6.149396 289.389
272 0.5701863633095585 -5.067305281965195 289.7792794972011 -1.545617 -6.167037 290.0173
273 0.5149782525998843 -5.069129274878289 290.38995076901415 -1.597157 -6.182453 290.6281
274 0.39829311717647886 -5.083603065698242 290.9843226327834 -1.665044 -6.196964 291.23
275 0.35596516239491444 -5.0710625961310365 291.564161536486 -1.742378 -6.210196 291.8062
276 0.32290399422322114 -5.116495742513497 292.1417637448179 -1.834488 -6.224247 292.379
277 0.27287421361994246 -5.149617396533476 292.7075791837623 -1.942994 -6.237015 292.9374
278 0.10181452873988947 -5.188868936102713 293.22369095760894 -2.067997 -6.247853 293.4679
279 -0.028348332922588926 -5.1936407114657 293.7568673348555 -2.209538 -6.257666 293.9981
280 -0.1378324033765152 -5.182792774295114 294.2835081216855 -2.367902 -6.271075 294.5121
281 -0.27405424400779904 -5.156419370980515 294.77148964335066 -2.543375 -6.28527 294.9879
282 -0.4888554061877872 -5.176200312804002 295.24190868386313 -2.739392 -6.297631 295.4667
283 -0.6510194092961461 -5.194844956213636 295.6965830052108 -2.949047 -6.307941 295.9018
284 -0.763067213993999 -5.220303400311012 296.18615043435676 -3.178542 -6.314604 296.3492
285 -1.024601625359384 -5.196627256027444 296.61054721349115 -3.425572 -6.32098 296.7828
286 -1.2662210181156206 -5.189961701826417 297.00492866279285 -3.687333 -6.328231 297.1641
287 -1.6263785918416387 -5.152862667596141 297.3330808016141 -3.968958 -6.33276 297.5634
288 -1.9506056162140526 -5.156262948252135 297.6928365434488 -4.268559 -6.336992 297.9439
289 -2.2164641249778962 -5.181609705420854 298.05429516648456 -4.586321 -6.339444 298.2617
290 -2.5158826463082926 -5.187144670442544 298.42539454365397 -4.922654 -6.345184 298.5997
291 -2.858392595529911 -5.196716975478955 298.70146345918323 -5.270323 -6.347814 298.8694
292 -3.311761993878402 -5.188236350515812 298.82989065986266 -5.635576 -6.343982 299.1672
293 -3.725070055660162 -5.155709123144331 299.03643155014527 -6.014393 -6.339964 299.4337
294 -4.130752233547946 -5.137214573942907 299.1707341782434 -6.404391 -6.33231 299.6092
295 -4.5732197979285125 -5.118744043155296 299.24706569472613 -6.808874 -6.331276 299.805
296 -4.964426851657321 -5.1225357497114015 299.4519681147197 -7.216405 -6.326098 299.9751
297 -5.350997147566452 -5.103549421139383 299.5962216015721 -7.620091 -6.315633 300.0619
298 -5.746981519681956 -5.133922763113036 299.74577183111273 -8.027228 -6.304576 300.1811
299 -6.1570666451187 -5.123583090440637 299.72117478215233 -8.436151 -6.292308 300.22
300 -6.554501732967435 -5.096818076581046 299.8516110722857 -8.849753 -6.282888 300.2873
301 -6.973625760313642 -5.079771513393664 299.90432290497625 -9.270289 -6.271213 300.3291
302 -7.397608723779847 -5.057607164416134 299.96245687021013 -9.696194 -6.256955 300.284
303 -7.819778466862335 -5.058270850360768 299.8374887640245 -10.13605 -6.242546 300.2712
304 -8.2672493687733 -5.049160012667612 299.8411122855874 -10.58129 -6.224323 300.2293
305 -8.710471588651032 -5.051848725910533 299.68618311390964 -11.03111 -6.199526 300.097
306 -9.120153727739018 -5.048245194831962 299.45841066426516 -11.48794 -6.178297 299.9941
307 -9.585591037616991 -5.065848119803278 299.2867450564836 -11.94318 -6.15018 299.7982
308 -10.066973410448481 -5.062409562247999 299.1992247688351 -12.40289 -6.123531 299.6328
309 -10.502692183152865 -5.049126806604454 298.95598238432024 -12.8598 -6.094784 299.4338
310 -10.979271440434605 -5.0380304042014625 298.70733648448777 -13.3109 -6.063773 299.1429
311 -11.435905310948563 -5.024928177190783 298.4436624391746 -13.7634 -6.028358 298.8742
312 -11.879037432934341 -5.044277673120183 298.08232568102835 -14.21251 -5.989762 298.5219
313 -12.245827565555437 -5.071367984254635 297.6516425968813 -14.66311 -5.950116 298.1811
314 -12.711086601550651 -5.033276981131721 297.2873672083537 -15.11616 -5.913525 297.8016
315 -13.188891804944433 -5.008471757077128 296.87149200031837 -15.56917 -5.871992 297.3601
316 -13.620678200230616 -4.994687396898311 296.4049041156908 -16.02426 -5.830931 296.9179
317 -14.105203920588817 -4.987878317877518 295.92161099216924 -16.47064 -5.783464 296.4013
318 -14.488747143219443 -4.994564294815672 295.3577116208134 -16.90392 -5.737737 295.8766
319 -14.924026384856775 -4.9828916313459315 294.7759852125868 -17.32241 -5.692386 295.2843
320 -15.334951551472365 -4.989653991614764 294.1771237832106 -17.72918 -5.645499 294.6844
321 -15.714878363418551 -4.977692692035864 293.52902983438776 -18.12343 -5.596317 294.0467
322 -16.063846481238258 -4.970819894805793 292.8134529397219 -18.50534 -5.550791 293.3496
323 -16.431632873218735 -4.946917169073254 292.09981607958883 -18.87203 -5.509383 292.6362
324 -16.766941837501644 -4.915016821320281 291.3230898621005 -19.21381 -5.47294 291.8625
325 -17.102531935202872 -4.901218450739438 290.5438125920335 -19.53852 -5.435497 291.0794
326 -17.353899651394535 -4.871425636248679 289.68656792993437 -19.84548 -5.397191 290.2408
327 -17.622364699219585 -4.861838798435554 288.8307586823558 -20.12922 -5.364689 289.3905
328 -17.83402454125903 -4.848982933024229 287.9337277533036 -20.38184 -5.330467 288.5047
329 -18.073848491340303 -4.836236249634601 286.9984851786209 -20.61251 -5.29613 287.5677
330 -18.309491229395682 -4.82914239908135 286.0595349142218 -20.81155 -5.265003 286.6208
331 -18.504799210230104 -4.824256998310114 285.07578843070195 -20.97738 -5.231887 285.6322
332 -18.661943471617626 -4.810588463704365 284.07546988873656 -21.11659 -5.198232 284.6297
333 -18.79767552485494 -4.775752371038752 283.04208108331443 -21.22691 -5.169612 283.5931
334 -18.968314107504927 -4.736067232836022 281.9805311764622 -21.30702 -5.143301 282.5205
335 -18.996122247680027 -4.714499060755957 280.89028529984114 -21.35871 -5.118237 281.4312
336 -19.045547434728327 -4.692860318265471 279.7710032758768 -21.38358 -5.092068 280.3112
337 -19.035051857552215 -4.687442396968841 278.63290563202344 -21.37724 -5.068634 279.1733
338 -19.003901739502084 -4.682859159061882 277.46684529867025 -21.34556 -5.044246 278.0075
339 -18.98774871080065 -4.6761899553491855 276.2874351672734 -21.28976 -5.02153 276.8295
340 -19.027037632421017 -4.6630216241445375 275.0945647444381 -21.20924 -5.001358 275.6388
341 -18.941244469866195 -4.629299364674109 273.88652670309006 -21.11193 -4.983245 274.4313
342 -18.808547881205225 -4.6066106748282465 272.66505748935936 -21.0019 -4.965436 273.2075
343 -18.699921499530273 -4.614501598857638 271.4198047360735 -20.88617 -4.946924 271.963
344 -18.63963367388324 -4.588206806815065 270.15862771556 -20.77685 -4.927465 270.705
345 -18.5341368599217 -4.565337429845034 268.8810919642599 -20.66591 -4.906062 269.4279
346 -18.47377962802851 -4.534019252415226 267.5860448280827 -20.55522 -4.883412 268.136
347 -18.357546846278037 -4.5214280566288485 266.2812636287791 -20.44759 -4.861751 266.8306
348 -18.26385669607778 -4.514121407635736 264.95958498525 -20.34586 -4.838516 265.5097
349 -18.192525586903635 -4.5105820789124955 263.62756278833086 -20.24967 -4.817703 264.1794
350 -18.144668424683744 -4.517642686881732 262.293744350436 -20.15628 -4.799526 262.8481
351 -18.097229937727384 -4.522194596508033 260.96091801158383 -20.07085 -4.780284 261.5173
352 -18.102007452715142 -4.5304552282471615 259.6314392541143 -19.99327 -4.760491 260.1902
353 -18.07670249848823 -4.546715078179477 258.2893671060534 -19.9213 -4.738614 258.8499
354 -18.039941054432212 -4.558706983211493 256.9495401835293 -19.8553 -4.717988 257.5113
355 -18.032044431900697 -4.566654066407819 255.60703402841295 -19.79675 -4.696286 256.1702
356 -18.009881445864664 -4.595822884802386 254.2600827745706 -19.74591 -4.673674 254.8239
357 -18.029914368711655 -4.646055260296507 252.91096122217053 -19.70344 -4.648388 253.4746
358 -18.026720533612213 -4.689941067316102 251.5594899524886 -19.66817 -4.618642 252.1232
359 -18.040469444105227 -4.70136362334641 250.20882425931987 -19.63934 -4.586765 250.7731
360 -18.063884739543703 -4.696300230301839 248.85155374314027 -19.61368 -4.556415 249.4162
361 -18.066564538249317 -4.703390105515936 247.49929791361046 -19.59029 -4.529158 248.0644
362 -18.022031368327017 -4.738068662901102 246.14162412171845 -19.56928 -4.501374 246.706
363 -18.04350068582334 -4.754278477604624 244.77369405238395 -19.55134 -4.473848 245.3382
364 -18.080672922013616 -4.777721477447959 243.4056307496673 -19.538 -4.445003 243.9698
365 -18.100443349169208 -4.778700898904445 242.0312141058625 -19.52666 -4.411335 242.5957
366 -18.152708860930492 -4.7737746143795805 240.65845939269406 -19.51383 -4.37826 241.2224
367 -18.17519071843558 -4.775898764091012 239.27432883437953 -19.50318 -4.346093 239.8385
368 -18.248161935449488 -4.796020266947389 237.89526240852493 -19.49325 -4.316996 238.4577
369 -18.27362505425936 -4.81622888938669 236.51075271146263 -19.48099 -4.286446 237.0732
370 -18.35094063653533 -4.816793492655157 235.12319162619482 -19.46668 -4.255713 235.6839
371 -18.352345559695305 -4.830683095392233 233.72999778327429 -19.45014 -4.223798 234.2911
372 -18.338534710461634 -4.832497129851852 232.33113560902035 -19.4304 -4.186692 232.8928
373 -18.449693773089876 -4.8177366466071145 230.9344205812663 -19.4066 -4.152924 231.4922
374 -18.45859254325942 -4.843256526327315 229.5332921505889 -19.38129 -4.121142 230.0914
375 -18.498004175617627 -4.845534393414617 228.12959514772916 -19.35555 -4.091351 228.6877
376 -18.563311915810917 -4.853901911962879 226.726121551815 -19.33238 -4.061083 227.2832
377 -18.585973562944964 -4.875969472435363 225.31367206348455 -19.30936 -4.031202 225.8709
378 -18.601962307388998 -4.8812339027570895 223.89654171067804 -19.28821 -4.003413 224.4541
379 -18.679833700301497 -4.853173347590844 222.478288711593 -19.26526 -3.975161 223.0339
380 -18.791760791409285 -4.858465465037008 221.05888997629236 -19.24098 -3.945563 221.6106
381 -18.83306185662305 -4.853448892692316 219.63464693899917 -19.2149 -3.915755 220.1863
382 -18.896553628096314 -4.860906384357405 218.2057300898098 -19.19066 -3.884537 218.7565
383 -18.957745812726074 -4.839159333029617 216.77829895519255 -19.16474 -3.851913 217.3282
384 -18.987728247014896 -4.823953575426389 215.34135624919804 -19.14051 -3.816692 215.8915
385 -19.081057683015388 -4.8259980307629355 213.90458293415938 -19.11492 -3.783819 214.4523
386 -19.095482592439293 -4.828594064979186 212.4623897425604 -19.08395 -3.744539 213.0109
387 -19.076519869187795 -4.82184503698466 211.02110463069945 -19.0532 -3.706671 211.5703
388 -19.139150163735827 -4.815124600538766 209.57488168162564 -19.02208 -3.670204 210.1235
389 -19.243356085848493 -4.781251034211122 208.1269285138257 -18.99038 -3.634175 208.6722
390 -19.293722946099663 -4.79918090333512 206.6735167541149 -18.96021 -3.596747 207.2186
391 -19.264645392569978 -4.791762284553141 205.21258299404494 -18.92786 -3.559153 205.7582
392 -19.304435931676828 -4.794444043518192 203.74897915666565 -18.89614 -3.524788 204.2948
393 -19.325037721774567 -4.795023115567494 202.28531624051269 -18.86476 -3.487637 202.8318
394 -19.31808489042283 -4.789021520363966 200.8212751925242 -18.83712 -3.453039 201.3684
395 -19.366351588650257 -4.805639653618028 199.362204878484 -18.80904 -3.419171 199.9091
396 -19.41790308318863 -4.808540108021584 197.8937386077719 -18.78081 -3.384783 198.4404
397 -19.42277321411576 -4.821902814934124 196.42892500679403 -18.75193 -3.350644 196.9762
398 -19.453950038054924 -4.828704509297604 194.96763507227595 -18.72357 -3.313855 195.5153
399 -19.46334319746045 -4.8421620685372595 193.50730929823897 -18.69718 -3.276436 194.0556
400 -19.55439200592118 -4.852283595462092 192.05404368672825 -18.67123 -3.241513 192.6001
401 -19.523169520922647 -4.8705233451701355 190.59785125295238 -18.64803 -3.205048 191.1441
402 -19.557480796694765 -4.898649488774682 189.14538941955473 -18.62849 -3.170622 189.6915
403 -19.613917111649535 -4.901723214533808 187.69741769421847 -18.61037 -3.138275 188.2429
404 -19.654807884898624 -4.923204978171906 186.24934032291608 -18.59411 -3.107703 186.7945
405 -19.68577385434391 -4.922538914821434 184.80721774071583 -18.57686 -3.075839 185.3525
406 -19.68607412808848 -4.925113538389237 183.36278128906483 -18.56047 -3.044236 183.9085
407 -19.730576849317988 -4.9499809520670315 181.9234305738237 -18.546 -3.011131 182.4687
408 -19.73394699619551 -4.968700695954708 180.4860022612478 -18.5334 -2.977267 181.0316
409 -19.7635002671099 -4.97298841168099 179.05524685921253 -18.52315 -2.942176 179.601
410 -19.818563850435222 -4.988150533685936 177.63026633348008 -18.51524 -2.908289 178.1753
411 -19.873310735630103 -5.007046157624521 176.20641287249245 -18.51072 -2.873542 176.7507
412 -19.933112069385004 -5.01033998747502 174.7938513784728 -18.51025 -2.838653 175.3373
413 -20.009795768313605 -5.0302700236419 173.3879329072672 -18.51326 -2.803213 173.9296
414 -20.059276340877858 -5.065786781997869 171.99674959560926 -18.51829 -2.769552 172.5375
415 -20.152734357683944 -5.089343301625012 170.6183826866889 -18.52671 -2.736025 171.1562
416 -20.190284449102364 -5.107009020454692 169.254233963113 -18.5371 -2.701364 169.7919
417 -20.217712010129166 -5.133404246183542 167.90945321799103 -18.55169 -2.66695 168.4471
418 -20.267805799259705 -5.166152623674263 166.58968471514999 -18.5681 -2.633527 167.1265
419 -20.339232179831622 -5.186359455708389 165.28650914225219 -18.58704 -2.599237 165.8218
420 -20.350843668580044 -5.2040110233721135 164.00332327684217 -18.60503 -2.565877 164.539
421 -20.41751092199001 -5.257563851642092 162.74584902600003 -18.62542 -2.533595 163.2792
422 -20.39820090980153 -5.3084648043049985 161.51442039529167 -18.64444 -2.502804 162.0471
423 -20.424838110475616 -5.3529377230140005 160.30505565864445 -18.66211 -2.473852 160.8371
424 -20.499787163339754 -5.3413364581896365 159.1231269110098 -18.68207 -2.447586 159.6532
425 -20.58867959596378 -5.376103371469217 157.96633558889323 -18.70043 -2.422217 158.4929
426 -20.604478708920322 -5.421198245301684 156.83383607967312 -18.71715 -2.396857 157.3598
427 -20.65475857678223 -5.439925454093078 155.72520813842337 -18.73344 -2.370798 156.2503
428 -20.66724091267686 -5.456496350226482 154.64364264446706 -18.74892 -2.347373 155.1689
429 -20.757486537525285 -5.484775842038973 153.5959264497299 -18.76231 -2.322647 154.1173
430 -20.78101682576036 -5.5005447474955345 152.56668915752937 -18.7779 -2.297427 153.0881
431 -20.833357811377184 -5.525012934969592 151.5671893995092 -18.79239 -2.274461 152.0873
432 -20.90154426336207 -5.532922012751987 150.59308102149865 -18.80437 -2.252345 151.1111
433 -20.84783765781073 -5.540775652381867 149.64529959153197 -18.81642 -2.23022 150.1621
434 -20.892263628677398 -5.559377540455267 148.7238694292317 -18.82738 -2.209938 149.2397
435 -20.959365557141517 -5.575410285962955 147.82578352304407 -18.83766 -2.187753 148.3393
436 -20.966133474722067 -5.577905991926219 146.94735766649873 -18.84754 -2.164801 147.4612
437 -20.970459528935788 -5.609186799055884 146.08535953379467 -18.85476 -2.144196 146.5989
438 -21.044604933633227 -5.635163987644112 145.2436267942863 -18.86279 -2.123511 145.7538
439 -21.054608841178965 -5.633276729614722 144.41180867428653 -18.87376 -2.100874 144.9223
440 -21.09023591533957 -5.637425412947327 143.59363896511712 -18.88239 -2.078341 144.1037
441 -21.076521472455482 -5.6600840858149155 142.79254374603187 -18.88627 -2.059412 143.3024
442 -21.15745961624929 -5.64805623607576 142.01402038381923 -18.89195 -2.042113 142.5198
443 -21.162137469031876 -5.666880622109803 141.24637079877874 -18.90126 -2.02299 141.7522
444 -21.28983273524272 -5.613690070907892 140.4995266871924 -18.90872 -2.005121 140.9929
445 -21.051700691609877 -5.708841072284706 139.7937932957079 -18.91348 -1.989403 140.2422
446 -21.144763689625403 -5.703392920049613 139.05669267013593 -18.91945 -1.974562 139.4994
447 -21.052504346921495 -5.747580233209872 138.3296836865439 -18.92677 -1.960534 138.7654
448 -21.077596850061735 -5.7542024202150674 137.60852130945713 -18.93511 -1.944374 138.044
449 -21.12505276030158 -5.725200095935147 136.89624514579188 -18.94438 -1.928158 137.3298
450 -21.159262330011245 -5.759012643318122 136.1892829017726 -18.95464 -1.914991 136.6214
451 -21.15885533664147 -5.752977820734494 135.48477618375725 -18.96431 -1.905325 135.917
452 -21.26034227854938 -5.747796915477992 134.79114520150236 -18.97372 -1.895274 135.2161
453 -21.139581193325288 -5.743692379747139 134.10230300875358 -18.97911 -1.881347 134.5169
454 -21.28148660708769 -5.715368170915532 133.4201412119136 -18.98311 -1.86792 133.8197
455 -21.397236190809235 -5.678101266305828 132.73477828705543 -18.99097 -1.854861 133.1238
456 -21.439725417252 -5.635597278230314 132.04187931872386 -19.00389 -1.83902 132.4286
457 -21.43279325866912 -5.660094541439982 131.35386479287894 -19.0082 -1.829069 131.7402
458 -21.51303004903314 -5.628484474595006 130.67902998589642 -19.00738 -1.823556 131.0599
459 -21.54995578643726 -5.6108820519972396 129.99766895421288 -19.01169 -1.813487 130.3774
460 -21.50119373228713 -5.604754333177836 129.3143397142874 -19.02656 -1.799997 129.6926
461 -21.397337916135093 -5.595648851893725 128.62470209427022 -19.02976 -1.790406 128.9952
462 -21.632191007227753 -5.538583997465714 127.95866058408234 -19.02968 -1.783236 128.2867
463 -21.61281296224578 -5.514500787476057 127.23645031443073 -19.03291 -1.773597 127.5639
464 -21.673410937614772 -5.480491867064053 126.50745753214986 -19.03689 -1.762349 126.8317
465 -21.649471624427374 -5.455625525874248 125.76687458986119 -19.04093 -1.751742 126.0904
466 -21.64907368542669 -5.466951711727362 125.01505800497657 -19.0431 -1.739549 125.3386
467 -21.830508075536862 -5.438118732125385 124.27408378212625 -19.0406 -1.721883 124.5754
468 -21.84423170079172 -5.447660881525395 123.49145139942304 -19.03398 -1.704964 123.7928
469 -21.741728545924634 -5.436483875043057 122.69621270942527 -19.02609 -1.689113 122.9911
470 -21.756175027657573 -5.436205792152074 121.87740664248362 -19.01737 -1.671608 122.1724
471 -21.9384677143783 -5.383402973925613 121.0637483640396 -19.00788 -1.651373 121.3372
472 -21.901263371961573 -5.391711272991554 120.2159571491335 -18.99551 -1.630463 120.4889
473 -21.93687821425883 -5.376493335307269 119.34978067929332 -18.9811 -1.606831 119.6223
474 -22.00266399674557 -5.373052072452627 118.4698450480358 -18.96236 -1.583863 118.7404
475 -21.986385119340216 -5.376308859260274 117.5700850292535 -18.94089 -1.56236 117.841
476 -22.030761603109163 -5.368107324930692 116.65036807972668 -18.91249 -1.539442 116.9209
477 -22.0594787474047 -5.385134327621672 115.71362269684674 -18.88164 -1.51858 115.9843
478 -22.03249301080961 -5.370875087212213 114.75646045350271 -18.84566 -1.49574 115.0276
479 -22.04503893303411 -5.368229730934217 113.7852167628016 -18.80738 -1.472691 114.0573
480 -22.09063163961329 -5.366992016370049 112.7997848589516 -18.76261 -1.449607 113.0721
481 -22.10987592672923 -5.334064076484181 111.7972971734251 -18.71096 -1.425819 112.0705
482 -22.24640307168777 -5.321246168253533 110.7843255027363 -18.65467 -1.402779 111.0501
483 -22.366753938111245 -5.265028856259664 109.75108012409514 -18.59273 -1.382089 110.0104
484 -22.341604318444272 -5.267553686742063 108.69343629592677 -18.52665 -1.362588 108.9547
485 -22.341460826263408 -5.2469294422221875 107.6212907300114 -18.45845 -1.343346 107.8847
486 -22.3414342647037 -5.230827532377385 106.5309060266017 -18.38974 -1.32609 106.7965
487 -22.380911395970994 -5.201355926872746 105.4262787013463 -18.32377 -1.307555 105.6929
488 -22.444053084467665 -5.165891211020539 104.29574555620668 -18.25676 -1.288139 104.5622
489 -22.444749849695203 -5.10235344775691 103.14414251935645 -18.18725 -1.269054 103.4111
490 -22.413797809525573 -5.057586615607012 101.97836431803442 -18.11737 -1.244731 102.2464
491 -22.467690283997914 -5.038344760808033 100.80486887656728 -18.04504 -1.219976 101.074
492 -22.55907931414461 -5.010169010121926 99.61392992770755 -17.972 -1.195663 99.88171
493 -22.576591634579025 -4.998241638829245 98.40165340670417 -17.89756 -1.172886 98.67175
494 -22.5296705183831 -4.963058739117788 97.1767680632051 -17.82503 -1.151222 97.4478
495 -22.531695573477332 -4.956264693579082 95.9352491366373 -17.75374 -1.126795 96.20855
496 -22.52175993844701 -4.910791876668511 94.67815303852913 -17.68421 -1.102525 94.95275
497 -22.486465382925036 -4.881027975689288 93.40147892062042 -17.6127 -1.077492 93.67749
498 -22.513536358014296 -4.878870547666108 92.11535679290002 -17.54366 -1.049972 92.39323
499 -22.47737465873913 -4.862250259766351 90.81102052512561 -17.4771 -1.022258 91.09028
500 -22.45645679734581 -4.831459278496179 89.49412062579654 -17.40999 -0.9990056 89.77477
501 -22.509861171378887 -4.789866059622801 88.17367022210772 -17.35065 -0.9753403 88.45413
502 -22.517552268719612 -4.742119423220214 86.82882289337276 -17.29334 -0.9584784 87.10974
503 -22.51907919480987 -4.680821220751626 85.45684064231297 -17.23975 -0.9440549 85.73751
504 -22.54329599328499 -4.620291907893404 84.07144237509988 -17.18834 -0.9218292 84.35171
505 -22.58467576803074 -4.58725408077063 82.67596958083357 -17.13847 -0.8925921 82.95643
506 -22.57759581366397 -4.559148195676815 81.27192091712718 -17.09087 -0.8621183 81.55322
507 -22.607203004953607 -4.526202209094414 79.84491696291764 -17.04828 -0.8330614 80.12646
508 -22.67145414055876 -4.4906075744136995 78.40335016347878 -17.00912 -0.8053784 78.68382
509 -22.70190599145145 -4.4664511136219796 76.9471221998239 -16.97362 -0.7771295 77.22778
510 -22.75141224731945 -4.447567298945431 75.47711567939764 -16.9389 -0.7478602 75.75752
511 -22.856444697710753 -4.394010283219469 74.00800025435026 -16.90538 -0.7187593 74.28435
512 -22.88913902271049 -4.382224124988523 72.5321203463792 -16.87364 -0.688618 72.80871
513 -22.891131605584146 -4.3491035217822915 71.05772344175107 -16.84487 -0.6588975 71.33452
514 -22.960963925677152 -4.350482286173442 69.58618664139543 -16.82112 -0.6266962 69.86187
515 -23.030275649910752 -4.350867565753883 68.11941674913432 -16.79851 -0.5936207 68.39401
516 -23.130792507549657 -4.333110877203306 66.65310299465153 -16.77917 -0.561778 66.92462
517 -23.157064657020126 -4.3355384784384725 65.18518443603291 -16.76019 -0.5300473 65.45693
518 -23.121893159838024 -4.308779673492341 63.715684725002035 -16.74127 -0.4983233 63.98723
519 -23.158544736828073 -4.289148519693386 62.25112855804309 -16.72374 -0.4662392 62.52254
520 -23.203727787993657 -4.280212223809368 60.7881517166635 -16.70738 -0.4342216 61.05928
521 -23.278250642293383 -4.268247418339425 59.31890143224049 -16.69261 -0.4028967 59.5885
522 -23.297410173080767 -4.239031335562551 57.848891086881125 -16.67728 -0.3696661 58.11853
523 -23.382074640028286 -4.23203831895857 56.383240587616555 -16.66067 -0.331875 56.651
524 -23.41790539737629 -4.2420213217633185 54.92063351935856 -16.64289 -0.2928006 55.18855
525 -23.381743355766304 -4.235023603353866 53.467119713399306 -16.62286 -0.2553499 53.73519
526 -23.442978721470542 -4.2172401753401845 52.00985891716465 -16.60088 -0.2238776 52.27704
527 -23.435847858138743 -4.206738238268259 50.553146359797914 -16.57777 -0.1950878 50.82074
528 -23.443437882048098 -4.204163791076313 49.09879556676979 -16.55446 -0.1667537 49.36683
529 -23.373473477864103 -4.1786826677027396 47.64474803853357 -16.53154 -0.1361189 47.91138
530 -23.386256102590796 -4.169001211579194 46.19393564172953 -16.5059 -0.1018661 46.46111
531 -23.375410313510532 -4.192015198301168 44.74618112652529 -16.47825 -0.06682977 45.01382
532 -23.399507932140935 -4.218829413731768 43.30792128633615 -16.45171 -0.03390796 43.57573
533 -23.347360648458643 -4.236537650390549 41.869658969145824 -16.42535 -0.004286154 42.13696
534 -23.386221873480284 -4.215580941418335 40.430821570638344 -16.40183 0.02267275 40.69789
535 -23.51003596258054 -4.139044301263615 39.001642332612995 -16.38003 0.0513988 39.26177
536 -23.50179677424114 -4.122928341204661 37.564331619753716 -16.35679 0.08060552 37.82483
537 -23.53604956752684 -4.109933295997042 36.13626284285275 -16.33245 0.1118254 36.39684
538 -23.547190824675337 -4.0872751315774725 34.70915283096499 -16.30758 0.1414094 34.97003
539 -23.506320756444232 -4.081080712942437 33.283648632663564 -16.28474 0.1706823 33.54441
540 -23.485870425493665 -4.066223502495571 31.863722126613776 -16.264 0.1998713 32.12471
541 -23.492575016682338 -4.045983315896665 30.44661006316936 -16.24608 0.2279988 30.70783
542 -23.520988713205693 -4.019457354242888 29.02365736028529 -16.22987 0.257281 29.28474
543 -23.499488608936826 -4.011844580252984 27.606306478110977 -16.21276 0.2860073 27.8676
544 -23.502970235838344 -4.00137064021046 26.195694621255253 -16.19488 0.3156601 26.45737
545 -23.49286623602566 -3.9769925614036987 24.78828204188354 -16.17482 0.3455316 25.05017
546 -23.444578810813752 -3.948310291959621 23.38487966590046 -16.15363 0.3743586 23.6461
547 -23.446911090962725 -3.92866547842946 21.98685560734078 -16.13407 0.4041376 22.24839
548 -23.439079350083553 -3.8981798501950373 20.59501093044655 -16.11623 0.4323654 20.85659
549 -23.424312840330714 -3.8727833419134634 19.210884776703836 -16.10044 0.4615578 19.47255
550 -23.35698487524416 -3.8419166311403745 17.82832810938222 -16.08658 0.4926781 18.08843
551 -23.361242759196596 -3.836647313734117 16.447915996448128 -16.07258 0.5236603 16.70842
552 -23.365841246427728 -3.8301104662940064 15.072091246936134 -16.0573 0.5539333 15.33299
553 -23.419047484158284 -3.813401271209765 13.702139232841313 -16.04039 0.5822458 13.9623
554 -23.472551426292966 -3.79427637623873 12.335678634887454 -16.01956 0.6052059 12.59501
555 -23.48399091728842 -3.7848535161461303 10.961941952462976 -15.99987 0.6277813 11.22152
556 -23.490067065767096 -3.7653565589956473 9.5932093416227 -15.98184 0.653636 9.852998
557 -23.546756133632886 -3.721523207894746 8.229100626209465 -15.96753 0.6821976 8.487382
558 -23.65565223576274 -3.6782937358454713 6.86917734705201 -15.95764 0.7126679 7.122797
559 -23.624667666148728 -3.663112872922356 5.510214582564066 -15.94956 0.7443265 5.763789
560 -23.61951932395879 -3.6563905240511194 4.1462934342543845 -15.93877 0.7787213 4.400318
561 -23.59420945861968 -3.627337806101742 2.7849563317209074 -15.9259 0.8125999 3.038918
562 -23.635864715599098 -3.6248935045830515 1.422294349258596 -15.90918 0.8446651 1.676097
563 -23.615335924272884 -3.5938812453499724 0.05516145944837114 -15.88963 0.8754178 0.3089439
564 -23.6634256321525 -3.540199851566824 -1.3154927722185268 -15.87121 0.9045038 -1.063172
565 -23.665879471874252 -3.5141971334650624 -2.6890045647139367 -15.85397 0.9332548 -2.436523
566 -23.615740041751952 -3.5143725230896705 -4.065513454617283 -15.83843 0.9601236 -3.813595
567 -23.593404635085253 -3.4802700230300596 -5.44398971835712 -15.8232 0.9870965 -5.192326
568 -23.60585819443249 -3.4448024552562746 -6.827967180891846 -15.80825 1.014088 -6.57647
569 -23.58493495821882 -3.4030865834083253 -8.21713110935469 -15.79123 1.041956 -7.966034
570 -23.5646344524557 -3.3669266628582224 -9.608023432612528 -15.7739 1.070725 -9.357139
571 -23.512493297637533 -3.351229720371757 -11.00547924527954 -15.75586 1.10059 -10.75522
572 -23.559403081106343 -3.313022104490552 -12.399287702193401 -15.73852 1.129671 -12.14993
573 -23.53030691604912 -3.2883866552404775 -13.796718862508722 -15.72233 1.159922 -13.54746
574 -23.513432810685114 -3.2595691677171463 -15.200284762451087 -15.70577 1.188722 -14.95103
575 -23.57151516538853 -3.248593064877664 -16.60746940261725 -15.6909 1.214563 -16.35914
576 -23.554729014226535 -3.2312093920550478 -18.012770247820647 -15.67519 1.238904 -17.76435
577 -23.52426188507108 -3.2078365851476227 -19.421629263696367 -15.65947 1.258378 -19.17351
578 -23.51519679293473 -3.1784909600618882 -20.832177360461912 -15.64353 1.279114 -20.58415
579 -23.563895692947444 -3.1425370914078075 -22.25086067897608 -15.62986 1.298206 -22.00393
580 -23.58499083878526 -3.094027986113236 -23.670555812414808 -15.61782 1.320134 -23.42439
581 -23.569267702252734 -3.0661384874628315 -25.09106979605722 -15.60601 1.342475 -24.84504
582 -23.602149249073616 -3.0488659387645973 -26.51360340827492 -15.59027 1.362532 -26.26783
583 -23.640241860005055 -3.024840183428181 -27.933269413597635 -15.57331 1.381668 -27.68798
584 -23.72261909915431 -2.9711739814848577 -29.357525231819608 -15.55401 1.401278 -29.11536
585 -23.707839528435297 -2.9262932428538546 -30.789497428248477 -15.53676 1.423844 -30.54783
586 -23.749566711854065 -2.8823297226404465 -32.21380207184071 -15.5214 1.450596 -31.97309
587 -23.68177405335489 -2.874035607373015 -33.63546874409077 -15.50772 1.474487 -33.39613
588 -23.59720231532915 -2.838487323751136 -35.05662076901381 -15.49326 1.496909 -34.81999
589 -23.54687440842443 -2.815890401870214 -36.48032073799749 -15.47662 1.519635 -36.24448
590 -23.537526599810306 -2.767685375425244 -37.900847569276486 -15.46088 1.542757 -37.66558
591 -23.45490930892309 -2.7464347549681625 -39.315171441429065 -15.4441 1.566849 -39.08217
592 -23.358933662721537 -2.736493018098334 -40.72908464728727 -15.42668 1.593713 -40.49901
593 -23.327654435838394 -2.7153849085775694 -42.1438245004642 -15.40927 1.621146 -41.91388
594 -23.268326158752057 -2.696390290841872 -43.55150074852128 -15.39245 1.647343 -43.32259
595 -23.203297243918126 -2.6702761698235684 -44.95210055641894 -15.37523 1.670185 -44.72465
596 -23.18991812696017 -2.6425577147040964 -46.357778515874884 -15.35699 1.68978 -46.13041
597 -23.183747685138968 -2.5986387555355854 -47.764899091874796 -15.33783 1.710257 -47.53795
598 -23.045446813765274 -2.547186036232107 -49.163513479350335 -15.3171 1.733637 -48.94398
599 -22.952415032202282 -2.5309790609986456 -50.56330134769111 -15.29715 1.757778 -50.3466
600 -22.886972122672162 -2.4823750351729363 -51.96320722751653 -15.27696 1.78328 -51.7485
601 -22.81493321927457 -2.454220238967212 -53.365671336196996 -15.25676 1.808697 -53.15272
602 -22.754771097033302 -2.4450104640911228 -54.75992578374026 -15.23749 1.833987 -54.54794
603 -22.73748395456812 -2.374308304762198 -56.15996943320146 -15.21771 1.859642 -55.9495
604 -22.664521708336352 -2.3557884965609666 -57.5608821346108 -15.19945 1.883021 -57.35212
605 -22.592420808866883 -2.336906998751878 -58.958457168598315 -15.1841 1.905888 -58.75141
606 -22.537584289998275 -2.31064988137351 -60.35665779708815 -15.17008 1.927806 -60.15069
607 -22.542668539810656 -2.2752328143851397 -61.755095153723694 -15.15697 1.949198 -61.54936
608 -22.528815099793835 -2.245825564634781 -63.15707374448813 -15.14226 1.969588 -62.95149
609 -22.566099575956564 -2.188726638433118 -64.55490198390379 -15.12801 1.98995 -64.35076
610 -22.524163479500867 -2.1624020538676114 -65.95423058714948 -15.11338 2.0103 -65.75074
611 -22.511208007546582 -2.168461213633141 -67.3501621328674 -15.10121 2.031551 -67.14653
612 -22.45528743804975 -2.1343519904225543 -68.74106176199062 -15.09141 2.052437 -68.53878
613 -22.38760584532497 -2.0906502936705555 -70.13472679381005 -15.08303 2.071234 -69.93462
614 -22.41011641448795 -2.053164179862874 -71.52279790618995 -15.07453 2.08736 -71.32326
615 -22.443373821179538 -1.9953547310971287 -72.90644485730665 -15.06438 2.102811 -72.70839
616 -22.389488162581422 -1.9636116329616553 -74.2920276882187 -15.05383 2.117081 -74.09527
617 -22.33928324986164 -1.9342539808193588 -75.67188119093683 -15.04316 2.130723 -75.47624
618 -22.360030264399114 -1.8959638728699566 -77.05151979012939 -15.03084 2.146554 -76.85642
619 -22.327966086230344 -1.8837176496916084 -78.42130627587534 -15.01678 2.16346 -78.22646
620 -22.297057849112907 -1.8701931854404037 -79.78790234791492 -14.99833 2.179823 -79.59325
621 -22.193965767647946 -1.8226273282718064 -81.1436873880345 -14.9793 2.191194 -80.9536
622 -22.125367278068584 -1.7782799175112944 -82.50509639600024 -14.95957 2.200916 -82.31728
623 -22.055431643174742 -1.7230381677496702 -83.86561983140307 -14.94128 2.214391 -83.68053
624 -22.026887524935713 -1.704337379813854 -85.2198329624384 -14.92467 2.232509 -85.03495
625 -21.94917030934052 -1.6991076585820655 -86.56686848065313 -14.90817 2.250863 -86.38401
626 -21.92949633717307 -1.6990066844905156 -87.90966099680125 -14.89187 2.268643 -87.72673
627 -21.86937464749169 -1.6941403668155417 -89.2521657884747 -14.87398 2.282365 -89.0704
628 -21.844831844849864 -1.6714943904467838 -90.58955219829679 -14.85657 2.296993 -90.40801
629 -21.818931075713653 -1.6439370480301605 -91.92231420136338 -14.83919 2.311152 -91.74112
630 -21.819566009885456 -1.6113370866364203 -93.25769278247839 -14.82426 2.326927 -93.07672
631 -21.77322908557774 -1.6100150023427247 -94.58069999752442 -14.81076 2.341502 -94.40039
632 -21.875968664328234 -1.584978312568652 -95.90060403116753 -14.79798 2.357904 -95.72436
633 -21.836754360820944 -1.5484501607611134 -97.22081253327883 -14.78703 2.374193 -97.04551
634 -21.87942157665919 -1.527012245220499 -98.53798601287478 -14.77603 2.389834 -98.36341
635 -21.942952833184524 -1.5007607605005227 -99.84953011780428 -14.76703 2.407843 -99.6766
636 -21.843904274142957 -1.5024337925229851 -101.15313768259388 -14.75854 2.426874 -100.9838
637 -21.824203698031532 -1.4891885395737379 -102.45955703114326 -14.75176 2.444391 -102.2903
638 -21.788944658612657 -1.460070806191975 -103.76120483628334 -14.7441 2.462669 -103.5926
639 -21.82713346067738 -1.4308146918471218 -105.05984234644785 -14.7396 2.480363 -104.892
640 -21.755047781509777 -1.3910173934277197 -106.35115521148965 -14.73425 2.498308 -106.1858
641 -21.699031670734684 -1.362295166061096 -107.63672747315749 -14.73066 2.514949 -107.4728
642 -21.67393779771547 -1.3333959183825301 -108.92635762448636 -14.72824 2.530663 -108.7629
643 -21.672910413111904 -1.329213515644282 -110.20945973001702 -14.72729 2.547386 -110.0459
644 -21.61965707307062 -1.3026694400410133 -111.49138429169793 -14.72555 2.56369 -111.3291
645 -21.613085806918342 -1.279125101849928 -112.76758397535615 -14.72479 2.582153 -112.6054
646 -21.559383602449643 -1.2607849647389098 -114.03815205107935 -14.72153 2.600374 -113.8771
647 -21.552053086277237 -1.2401098735935712 -115.30867615000027 -14.7196 2.617244 -115.1477
648 -21.56897978645239 -1.2009776933602243 -116.57147167305828 -14.7178 2.634202 -116.4111
649 -21.56499863569639 -1.1720542135982723 -117.82924535182808 -14.71582 2.650909 -117.6691
650 -21.517056472766818 -1.1545179084740396 -119.08302366830681 -14.71284 2.667793 -118.9238
651 -21.5171701544518 -1.1438257058201649 -120.33270923134853 -14.70983 2.685657 -120.1734
652 -21.486465473532224 -1.118704508520146 -121.57291616385288 -14.70566 2.703911 -121.4141
653 -21.468791927541645 -1.0821720639003354 -122.80315436256167 -14.70294 2.719941 -122.6449
654 -21.456511722477313 -1.0803220051551417 -124.02539798747047 -14.70054 2.735913 -123.8671
655 -21.377846557395 -1.0442364582885544 -125.23681163528444 -14.69881 2.751503 -125.0815
656 -21.42171262066014 -1.023512894764281 -126.44154544294175 -14.6983 2.767801 -126.2871
657 -21.412450816654935 -1.01919435255162 -127.63972277037695 -14.69852 2.784821 -127.4852
658 -21.433608046759595 -0.9909891566166465 -128.82451712030127 -14.70118 2.801395 -128.6704
659 -21.403887379180976 -0.9705949558468767 -129.9989853727669 -14.70614 2.817529 -129.8453
660 -21.420089697258554 -0.9447909189452122 -131.16230803485058 -14.71233 2.833172 -131.0089
661 -21.366486578486143 -0.9367861806030701 -132.31435736803166 -14.71896 2.848691 -132.1621
662 -21.373441366258835 -0.9385613444742764 -133.451953127071 -14.72488 2.863999 -133.2996
663 -21.364744445001563 -0.9301251301527518 -134.56983784978283 -14.73334 2.880267 -134.4174
664 -21.373679956934094 -0.9270873159943237 -135.66654284724007 -14.74314 2.895211 -135.514
665 -21.377293107206892 -0.9162814397274162 -136.74683628085344 -14.74619 2.913166 -136.5942
666 -21.390424655406225 -0.910539435230968 -137.8068745844799 -14.75233 2.928943 -137.6542
667 -21.397573254964176 -0.8913614624424838 -138.8395428730935 -14.75847 2.946711 -138.6869
668 -21.365193251272323 -0.8812481840421924 -139.8479528627653 -14.76466 2.964758 -139.6957
669 -21.400652786312076 -0.8824799963582991 -140.8280625681321 -14.77357 2.979529 -140.6763
670 -21.39920499083766 -0.8703760355047555 -141.7829502885207 -14.78487 2.993256 -141.6311
671 -21.473895918712874 -0.8397609348501014 -142.70470662904083 -14.79743 3.006784 -142.5562
672 -21.48556387666558 -0.8501183818277801 -143.60073610249043 -14.80845 3.020005 -143.4522
673 -21.55887863550947 -0.8129094586941189 -144.4658858153401 -14.81802 3.032842 -144.3211
674 -21.49583537844648 -0.822367462604168 -145.2974469739604 -14.8233 3.044707 -145.155
675 -21.49199824440884 -0.8152150940646995 -146.1057931380774 -14.81877 3.055661 -145.9633
676 -21.464781907412803 -0.8002695938370307 -146.88672684045707 -14.79757 3.065594 -146.7445
677 -21.401942180895816 -0.8028014701388596 -147.64005764303633 -14.75456 3.071965 -147.4992
678 -21.326363961653495 -0.8090344184659339 -148.3644671453293 -14.68816 3.079106 -148.2245
679 -21.155624027016543 -0.8333130626377592 -149.05025623173 -14.59929 3.086043 -148.926
680 -21.008699781664646 -0.8652226998176735 -149.71061170528333 -14.49202 3.08883 -149.5947
681 -20.91379394103742 -0.9091516692538176 -150.34518264890124 -14.3642 3.087775 -150.225
682 -20.620180513415285 -0.8989687285948617 -150.89906647901773 -14.21312 3.08933 -150.8335
683 -20.380476098324134 -0.8954187819737788 -151.45877378428435 -14.03648 3.090778 -151.4162
684 -20.144454460920645 -0.9196124083506187 -151.97870561358616 -13.83342 3.086577 -151.9504
685 -19.800923962502047 -0.9304255996436177 -152.4366799509014 -13.60854 3.07671 -152.4769
686 -19.600673156810444 -0.9577707164329193 -152.93163900860986 -13.36041 3.06086 -152.9502
687 -19.450305364204432 -0.9702610419187871 -153.46002489895523 -13.08243 3.04676 -153.424
688 -19.18944910928646 -0.9682878365493855 -153.93759937979223 -12.77723 3.032264 -153.8743
689 -18.850279748629763 -0.9653679512779377 -154.32357671837926 -12.44653 3.015235 -154.2672
690 -18.41793003707057 -0.9923466149942726 -154.63498605809593 -12.0933 2.992923 -154.6664
691 -18.013733870011407 -1.0105524744649412 -154.9712083874267 -11.71655 2.969218 -155.0328
692 -17.541450001849757 -1.062552821503632 -154.82162493600876 -11.31815 2.947184 -155.331
693 -17.170441212410836 -1.0281732852360443 -155.17520295720084 -10.90107 2.926439 -155.6301
694 -16.792274713439074 -0.9978463091791692 -155.4871044021393 -10.46589 2.901563 -155.8564
695 -16.381116325791186 -0.9754071709752067 -155.77149103498877 -10.02043 2.872763 -156.0826
696 -15.904553839830083 -1.012768823029311 -155.89749311238577 -9.567123 2.844586 -156.2778
697 -15.450186501068474 -1.0053921356262892 -156.04948486469704 -9.106293 2.815747 -156.4059
698 -15.01025226757993 -0.9851328091446073 -155.8492732677793 -8.642035 2.787238 -156.5389
699 -14.573545663590266 -1.003068911205244 -156.04397304078296 -8.174402 2.7555 -156.6351
700 -14.10612043713005 -1.0189841497009844 -155.9505034953618 -7.699412 2.722687 -156.6631
701 -13.627623326804704 -1.049097073314573 -155.9315370066584 -7.221458 2.690343 -156.6903
702 -13.139601343781685 -1.0538369252348974 -155.96962633318245 -6.734167 2.665011 -156.651
703 -12.64738527797861 -1.071096843458191 -155.95458775218984 -6.24316 2.64127 -156.6171
704 -12.174076293337182 -1.0932440836971284 -155.80148213577587 -5.751237 2.615199 -156.5444
705 -11.662981992838558 -1.0933128959143472 -155.83938429042047 -5.261917 2.593307 -156.3936
706 -11.159228980241485 -1.1382746923077314 -155.85920602721257 -4.779011 2.569364 -156.2439
707 -10.654566462400634 -1.1585625520168157 -155.72641349247152 -4.305429 2.552946 -156.0244
708 -10.201676023643435 -1.2248534856264586 -155.49040874104375 -3.838336 2.542408 -155.8078
709 -9.76302710081282 -1.2558184429675228 -155.19815721135504 -3.375344 2.534833 -155.5541
710 -9.284893226431802 -1.2430538633697368 -154.90251162320246 -2.922418 2.530704 -155.2209
711 -8.77564573665747 -1.2306217462561397 -154.69060642291797 -2.480572 2.522617 -154.8906
712 -8.190431035318927 -1.2035390659999456 -154.7213205279575 -2.057963 2.510377 -154.4839
713 -7.86929948741103 -1.262294039138677 -154.25189835446145 -1.653879 2.499815 -154.0795
714 -7.523957671460796 -1.2937159318760392 -153.7813707423482 -1.268487 2.493093 -153.6401
715 -7.10877301807641 -1.318708249072534 -153.3196027978472 -0.8983582 2.487045 -153.1409
716 -6.725684354059404 -1.3248181445603613 -152.8375781099732 -0.5510777 2.478814 -152.6325
717 -6.38425081571753 -1.3249093073470517 -152.27524811921788 -0.2261366 2.467171 -152.0606
718 -5.99168383103006 -1.3260911811951586 -151.7632676650515 0.06230717 2.456904 -151.4836
719 -5.715065791029455 -1.3115231541162924 -151.16636766732344 0.323482 2.446327 -150.8797
720 -5.517837368997637 -1.3398623414382573 -150.49364497052457 0.5523554 2.433161 -150.2166
721 -5.310371834421811 -1.3553602499678394 -149.83027513096954 0.7484821 2.422189 -149.5497
722 -5.064062073326488 -1.3716520672006485 -149.14270399705356 0.9129124 2.410623 -148.838
723 -4.895655982902613 -1.3771243861217437 -148.42413935788983 1.04825 2.40293 -148.1125
724 -4.7030161861416975 -1.3739612399676098 -147.67567956693486 1.163229 2.393425 -147.3483
725 -4.527208440685673 -1.3868827742089476 -146.90747730714614 1.265054 2.383452 -146.5668
726 -4.435705564122217 -1.3936510922891543 -146.10189810020495 1.348496 2.371923 -145.7604
727 -4.428210527167916 -1.4144752657035522 -145.26630101859047 1.40767 2.359471 -144.9267
728 -4.310065296743155 -1.4215033348066453 -144.42074467747028 1.44478 2.346915 -144.0738
729 -4.249421549262995 -1.4423483858712784 -143.54667903034604 1.463451 2.332663 -143.1977
730 -4.204685905156487 -1.4671889644532505 -142.65353212884435 1.469675 2.319985 -142.3032
731 -4.193024250992009 -1.5018853120889697 -141.73765479519486 1.468738 2.305914 -141.3867
732 -4.1408151525507035 -1.5548615277252844 -140.80469208688663 1.471319 2.290968 -140.4509
733 -4.080533577306132 -1.5889492010209936 -139.84841931041575 1.479967 2.274698 -139.4923
734 -4.109527458350515 -1.6051262856914843 -138.87193032347653 1.489345 2.260154 -138.5154
735 -4.114325746681954 -1.6348055431933504 -137.87494295264366 1.499366 2.246738 -137.5181
736 -4.156080887243404 -1.675604595034414 -136.86293074124373 1.504842 2.234017 -136.5045
737 -4.156952748181011 -1.6851215711807885 -135.83188184972232 1.505414 2.220167 -135.4735
738 -4.097134279287763 -1.6933587838665287 -134.7819166435767 1.504501 2.205688 -134.4219
739 -4.073296106645464 -1.704808649590336 -133.71203074223956 1.503329 2.190202 -133.3518
740 -4.056659924304524 -1.7186506372857893 -132.62515389849796 1.501627 2.17614 -132.2648
741 -4.014148818899341 -1.7515057227379995 -131.52183362818332 1.49856 2.159629 -131.1603
742 -3.905001530697127 -1.7495970412175095 -130.40573579696556 1.49165 2.144473 -130.039
743 -3.897592685297919 -1.7602856596109444 -129.2662552906616 1.48238 2.128143 -128.8996
744 -3.823063322985294 -1.7849778296385104 -128.11323435168887 1.470024 2.111152 -127.7441
745 -3.6844350343825276 -1.8055440365528668 -126.95376929340802 1.458443 2.092643 -126.5764
746 -3.6814486655825442 -1.8296272424970677 -125.76571858566156 1.447721 2.073753 -125.3883
747 -3.62546163442734 -1.8335518401005184 -124.56350957342406 1.436723 2.053638 -124.185
748 -3.6374081461351535 -1.869127078195175 -123.34426329923392 1.426398 2.032685 -122.9654
749 -3.584136094334592 -1.8940449529053909 -122.11442906282443 1.41804 2.009877 -121.7344
750 -3.5479365397797036 -1.9118390629082793 -120.87211308925038 1.413177 1.9844 -120.4917
751 -3.4730595991409885 -1.9482446162740599 -119.61435919968783 1.410381 1.956743 -119.2315
752 -3.3667789377631734 -1.9854979035577627 -118.33837754841197 1.407398 1.927293 -117.9509
753 -3.161679158165579 -2.046010159560388 -117.06211318514764 1.405768 1.897027 -116.6572
754 -3.1448960069807863 -2.067506384925826 -115.75308387937623 1.402662 1.864276 -115.3483
755 -3.1857515349247394 -2.1444146000957067 -114.43635388215745 1.396732 1.832056 -114.0291
756 -3.1800194169242313 -2.1572253916787036 -113.10189622357166 1.385028 1.800206 -112.695
757 -3.216770301461093 -2.2339794163409223 -111.74959000910324 1.369687 1.767521 -111.3405
758 -3.167629515742198 -2.259892454671607 -110.38229676431871 1.351798 1.734254 -109.9726
759 -3.099429365589359 -2.3094924588721786 -109.00449520178786 1.330549 1.700357 -108.5928
760 -3.07023457899731 -2.3239538176525945 -107.61183328347492 1.30829 1.668467 -107.2003
761 -3.1069533986442575 -2.339143393422257 -106.20262246205583 1.284827 1.635925 -105.7911
762 -3.0976505440420548 -2.384898492743953 -104.77955240024147 1.259616 1.601652 -104.3679
763 -3.054539366985153 -2.4255830980287856 -103.34421646707789 1.230259 1.565326 -102.9321
764 -3.0347415282418866 -2.4934280626566174 -101.89183638307586 1.202212 1.530047 -101.4787
765 -2.935839823502656 -2.5587415627785304 -100.42476789023493 1.170075 1.495851 -100.0076
766 -2.876733623919567 -2.6073539819456797 -98.94763640396313 1.142136 1.46328 -98.52911
767 -2.8253272824214943 -2.6260618692636726 -97.44505201106405 1.115543 1.436157 -97.02601
768 -2.7841295832523216 -2.6532442885558627 -95.93511522644205 1.089274 1.41068 -95.51571
769 -2.771917578691908 -2.6715201628349177 -94.42149449944438 1.062982 1.390693 -94.00229
770 -2.7654810765620392 -2.7030061897269153 -92.91066046456598 1.036568 1.374673 -92.49143
771 -2.7140116045976526 -2.7181295966189 -91.4021367964319 1.009148 1.361424 -90.98226
772 -2.6953802830872293 -2.7230882046349474 -89.89583664285516 0.984734 1.348472 -89.47609
773 -2.6818456624743714 -2.736685045706686 -88.39284620852156 0.9616474 1.333401 -87.97323
774 -2.6365614759310545 -2.742301768799261 -86.88695673565655 0.9399983 1.316473 -86.4669
775 -2.7285422696998203 -2.765302952686563 -85.39004138048017 0.9191412 1.298308 -84.96724
776 -2.6921008007419998 -2.783577179492299 -83.87750478737296 0.8995469 1.282847 -83.45436
777 -2.671803861106795 -2.781757358433327 -82.37262573711841 0.8834484 1.268237 -81.9495
778 -2.6569237854055703 -2.809051753553499 -80.86882705817392 0.8679533 1.25271 -80.44554
779 -2.6289242724057185 -2.838245914130565 -79.3660408923932 0.8520469 1.234831 -78.9424
780 -2.611251680586438 -2.8578242485686354 -77.86333227388559 0.8381739 1.219714 -77.4396
781 -2.5340180319022356 -2.8613462265840166 -76.36006043786048 0.8255732 1.207956 -75.93444
782 -2.4521528606966156 -2.8623302692258727 -74.85977788782445 0.8134235 1.199179 -74.432
783 -2.400869340343955 -2.8637804921615855 -73.36492840952982 0.8003155 1.189369 -72.93636
784 -2.4439543238044994 -2.8787453176452997 -71.8724943144039 0.7849788 1.176896 -71.44336
785 -2.4046699989052334 -2.903730001568661 -70.38562516117706 0.763954 1.1606 -69.956
786 -2.3434350159500754 -2.967697335705761 -68.89464379872092 0.7450432 1.144297 -68.4626
787 -2.3538354240378316 -2.9705469469116332 -67.40318570906771 0.7252411 1.128317 -66.97132
788 -2.2567511445864263 -2.996173907852208 -65.92421862009074 0.710763 1.111896 -65.48911
789 -2.2435648129255887 -3.034217108266912 -64.44063316780098 0.6946295 1.096104 -64.00515
790 -2.282617869513334 -3.0439680624796495 -62.961363338535605 0.6777408 1.080622 -62.52551
791 -2.2793507335176186 -3.1031581276353237 -61.48222094907619 0.6587746 1.067484 -61.04536
792 -2.2546185069521707 -3.1512813319052637 -60.01315289769749 0.6370383 1.049226 -59.57557
793 -2.2191409556859205 -3.2182763841493647 -58.54269457879468 0.6135026 1.030981 -58.10346
794 -2.184444522645777 -3.2360757383662078 -57.0670277909164 0.5856644 1.015669 -56.62762
795 -2.1947849701632114 -3.2557425792005854 -55.59986487772863 0.5571177 1.005763 -55.1606
796 -2.2266113034223127 -3.270135668306687 -54.13732342046953 0.5253982 0.9957028 -53.69802
797 -2.228158000625531 -3.303260252750427 -52.67590642915319 0.4907091 0.9846881 -52.23668
798 -2.239155685750088 -3.3217950240026326 -51.21745105629101 0.4561315 0.9709516 -50.77854
799 -2.2720710721779174 -3.3361114139739025 -49.761780583997634 0.4235407 0.9558653 -49.32287
800 -2.3258658823101994 -3.356861803803213 -48.309034747256014 0.3928533 0.9391869 -47.8694
801 -2.3269241970301606 -3.35789231457014 -46.85719095428628 0.3621644 0.9230089 -46.41797
802 -2.3383927705194436 -3.383284381667071 -45.407537883940435 0.3335672 0.9069681 -44.96842
803 -2.3246488461360237 -3.4131678977339823 -43.96475170682955 0.3070324 0.8911135 -43.52559
804 -2.4180989074863777 -3.4076417496929143 -42.5209878986727 0.2806278 0.8754699 -42.07912
805 -2.373332977265932 -3.403303447681882 -41.07880104230985 0.254373 0.8594365 -40.63656
806 -2.393805089544122 -3.4097272545369735 -39.63924450626689 0.2281179 0.8436096 -39.19717
807 -2.425485035355069 -3.4430445289413583 -38.20499430893447 0.202969 0.8253285 -37.76252
808 -2.4159269494824733 -3.473523529325455 -36.77044340675272 0.1777994 0.806336 -36.32796
809 -2.4532199734542144 -3.481955378150569 -35.33773417950124 0.1537249 0.7865138 -34.89508
810 -2.42973863503976 -3.5165134446489716 -33.906803091133156 0.132669 0.7682861 -33.46381
811 -2.400484369370802 -3.5092897016721847 -32.47913043107145 0.1133742 0.7522313 -32.03604
812 -2.4089694706922113 -3.5334977386939475 -31.057091772524178 0.09746084 0.735284 -30.61396
813 -2.487978090792133 -3.5185532910637356 -29.63922478546541 0.0848288 0.7168959 -29.19399
814 -2.5752630046940808 -3.512773330240902 -28.225287491876603 0.07224084 0.6980984 -27.77753
815 -2.729745460252641 -3.5139580580358922 -26.81195449509764 0.06062565 0.6785993 -26.35596
816 -2.6442529674267057 -3.571010647436404 -25.407266005342674 0.05256871 0.6586934 -24.94768
817 -2.688254488846221 -3.6265160497932105 -24.00453011602355 0.04390241 0.6329309 -23.54342
818 -2.669541073424551 -3.6581021519028276 -22.601127339018106 0.03720921 0.6021743 -22.13989
819 -2.64709359517842 -3.6989119603930565 -21.19995969246829 0.03232865 0.5653751 -20.73844
820 -2.6022025150865766 -3.746058036261845 -19.80320375410523 0.02925888 0.5295576 -19.34063
821 -2.59303067884494 -3.769117919778416 -18.406017938493516 0.02669736 0.4947389 -17.94366
822 -2.5693650060819255 -3.7936080337402496 -17.012659726467813 0.02516131 0.4624741 -16.55026
823 -2.606785294571011 -3.8295231595980415 -15.629159199161478 0.02416042 0.4312538 -15.16614
824 -2.545518654919696 -3.880599223032184 -14.247527996226804 0.02354535 0.3987551 -13.78259
825 -2.4618979177241873 -3.9437529005870267 -12.872377953512336 0.02158789 0.3670075 -12.40382
826 -2.52337234355614 -3.9597304974551686 -11.49699284616081 0.01528089 0.3343854 -11.02737
827 -2.4327183833732957 -4.022491250301053 -10.128390103105632 0.008955879 0.3016035 -9.654739
828 -2.432878695947086 -4.0284563971529845 -8.758440041790875 -0.0005365659 0.2716196 -8.285137
829 -2.4149273180634094 -4.062096356529056 -7.3875991398863 -0.009785478 0.2414501 -6.914129
830 -2.37956084591768 -4.128274105419671 -6.023179178541083 -0.0204447 0.2108318 -5.548032
831 -2.395907121043915 -4.122848265449106 -4.658180156386851 -0.0311414 0.1812868 -4.183286
832 -2.4583743635784776 -4.163379180162211 -3.294954975627644 -0.04437224 0.1473329 -2.818515
833 -2.396397291372234 -4.199733917679944 -1.934142669250945 -0.05789727 0.1134699 -1.456295
834 -2.4843414049304258 -4.23755821651708 -0.571367871293277 -0.07289734 0.07816926 -0.09070031
835 -2.4532087712628865 -4.280339678230027 0.7881960406736257 -0.08864261 0.04590358 1.269419
836 -2.4081567267558635 -4.316840532456714 2.1470514989938416 -0.1031707 0.0117715 2.629005
837 -2.413548561388873 -4.3317254473970985 3.5064416694323457 -0.1175645 -0.02016324 3.988036
838 -2.3919214597246072 -4.369690367238515 4.862285194641462 -0.1318827 -0.0534628 5.344099
839 -2.3861145810043904 -4.4193075792476835 6.222197396514257 -0.1458828 -0.08812058 6.704415
840 -2.356795418263102 -4.482211196042473 7.576343153886679 -0.1601769 -0.1221722 8.059835
841 -2.333520033628677 -4.5354183550024745 8.931630027847746 -0.175095 -0.1546373 9.415895
842 -2.360438899130564 -4.545216641313463 10.287002838598413 -0.1926087 -0.1870422 10.77107
843 -2.3291718194178332 -4.600245219946205 11.638130607001994 -0.2081545 -0.2207459 12.12317
844 -2.316354729950963 -4.668053602619231 12.991009038709251 -0.223104 -0.2534493 13.47733
845 -2.3330939087023497 -4.709728891991334 14.343783081222018 -0.235533 -0.2892015 14.83032
846 -2.2712910740119625 -4.759896645973129 15.692546518050124 -0.2482197 -0.3237106 16.18093
847 -2.203176391847595 -4.795522187999071 17.04347478930325 -0.2588532 -0.3582793 17.53356
848 -2.192785178192279 -4.8258903186520214 18.393099333769445 -0.2709142 -0.3936047 18.88305
849 -2.183329471982352 -4.8940795323422925 19.74210179312871 -0.2833573 -0.4284891 20.2333
850 -2.164359194218747 -4.9346597896393805 21.088711153579805 -0.2952092 -0.463001 21.58016
851 -2.115440896224638 -5.009782144348347 22.43258944459521 -0.3094675 -0.4966128 22.92653
852 -2.1135008810448834 -5.041884725940375 23.77927922350036 -0.3233764 -0.5315032 24.27308
853 -2.084810200646061 -5.105375745043312 25.11842305341138 -0.3380715 -0.5652421 25.61353
854 -2.0018538445799483 -5.144233050717847 26.457169654448805 -0.3534582 -0.5991642 26.95489
855 -2.059590882974416 -5.191369892641416 27.793710122904873 -0.3674572 -0.630802 28.29306
856 -2.003478073350525 -5.228077615414118 29.123244891546847 -0.3836725 -0.6611411 29.62384
857 -1.9551179260865388 -5.26118418602693 30.44945662406382 -0.3976799 -0.6925713 30.9509
858 -1.8817988900013844 -5.307167598418543 31.778693786394147 -0.4139985 -0.7240355 32.28248
859 -1.841844013921107 -5.339241515965934 33.10219809372998 -0.4270073 -0.7566562 33.60651
860 -1.8203928630581394 -5.387980721176931 34.421974925220944 -0.4397568 -0.7887161 34.92691
861 -1.805819653812076 -5.455133231638922 35.73707051011194 -0.4515375 -0.8206355 36.24336
862 -1.728043879544636 -5.500595799241319 37.04598988544204 -0.4615286 -0.8517037 37.55497
863 -1.6655015347337463 -5.586971957483739 38.353599697664826 -0.4718552 -0.882457 38.86652
864 -1.6004453290719798 -5.615507139112596 39.6592974558254 -0.4839122 -0.9115305 40.17377
865 -1.6009973376120716 -5.671477136158546 40.96487677049738 -0.4974895 -0.9403596 41.48016
866 -1.4967171154970405 -5.735367575415085 42.25778892170888 -0.5125043 -0.9685698 42.77845
867 -1.45015333684258 -5.773335076004038 43.55443879822497 -0.5346231 -0.9956525 44.07602
868 -1.4477893257370478 -5.8034380397469105 44.85161589413079 -0.5552041 -1.019285 45.37317
869 -1.4442311570324604 -5.83370493373039 46.14853557595604 -0.5782583 -1.038533 46.6701
870 -1.4405329156236302 -5.856948588152534 47.43960220506721 -0.5999916 -1.053627 47.96111
871 -1.3841264908896405 -5.91843675703959 48.72549935169464 -0.6230983 -1.066505 49.24944
872 -1.3409941864998505 -5.948369834445022 50.00286339867492 -0.6456359 -1.075808 50.52765
873 -1.359536553621737 -5.96841121589983 51.285697829269104 -0.6740058 -1.087279 51.81041
874 -1.320135917008638 -6.028394856403881 52.56086907141411 -0.7020633 -1.100738 53.08722
875 -1.360910468821598 -6.062924474736598 53.83384902956122 -0.7311397 -1.115793 54.3609
876 -1.4185577147695712 -6.081769809920416 55.10145036906993 -0.7624769 -1.130431 55.62948
877 -1.5225673260485473 -6.1196133070253 56.36919653135596 -0.7942812 -1.144783 56.90157
878 -1.5252386102197324 -6.172563589032171 57.63787872818326 -0.8268987 -1.159941 58.17085
879 -1.4949129605288591 -6.195523949798094 58.90104997168105 -0.8597866 -1.174664 59.43408
880 -1.525308156502358 -6.234950048938895 60.16119006659919 -0.8950914 -1.188757 60.69463
881 -1.4709589457371193 -6.265081575166 61.41486085643575 -0.9282884 -1.203865 61.94931
882 -1.468071273803764 -6.309514675830766 62.67270813582096 -0.9621792 -1.218811 63.2074
883 -1.3879779795793905 -6.352465485364019 63.920989116432054 -0.9961734 -1.23409 64.45843
884 -1.4275103637377846 -6.3878497401360255 65.17222023113554 -1.031828 -1.250518 65.71017
885 -1.39011962820159 -6.451431753930812 66.41422717728152 -1.068654 -1.267809 66.9537
886 -1.4341896149451936 -6.485855751539662 67.65141466831149 -1.107414 -1.284607 68.19143
887 -1.4038928866557003 -6.539376844307437 68.89235020800761 -1.148265 -1.303043 69.43308
888 -1.406317777178938 -6.556295512428112 70.12867913882457 -1.188155 -1.321203 70.66875
889 -1.3353661303869369 -6.612785941234801 71.35759769684813 -1.227083 -1.338073 71.90028
890 -1.2959512800758695 -6.641142921835391 72.58413854581289 -1.261385 -1.354666 73.12719
891 -1.250295741083388 -6.681868834527514 73.79702528949373 -1.293464 -1.370635 74.34109
892 -1.2414861264050097 -6.7275526276159905 74.99900189691306 -1.318225 -1.387753 75.54359
893 -1.2292955410954738 -6.773734569813663 76.17750080345039 -1.337076 -1.406295 76.72276
894 -1.246338961136082 -6.818705868016827 77.34103989088804 -1.359396 -1.424263 77.88694
895 -1.2390544817744793 -6.858930847964461 78.4910610375952 -1.377966 -1.443308 79.03738
896 -1.2443142979700614 -6.903924534572268 79.6128790026965 -1.3923 -1.459771 80.1599
897 -1.2241538919213029 -6.939435687267343 80.72007068688865 -1.402951 -1.475612 81.26768
898 -1.1999477353671544 -6.983087340953893 81.81826468425174 -1.407266 -1.495464 82.36682
899 -1.1573195717905969 -7.024167021217412 82.91198703934171 -1.406566 -1.518542 83.4619
900 -1.080622672006483 -7.067596007410804 84.00430923757203 -1.402636 -1.542197 84.55751
901 -1.0481895477374608 -7.115725783906497 85.10077848640333 -1.397294 -1.566145 85.65524
902 -1.0079483008279226 -7.167623931910348 86.19490654883704 -1.394094 -1.587213 86.75113
903 -0.9713106889158687 -7.198657934482103 87.27944918740491 -1.391329 -1.608126 87.83653
904 -0.9732608002333726 -7.225932447819614 88.36198098551203 -1.385563 -1.630039 88.91917
905 -0.9509543118786175 -7.270527169915807 89.44006364975975 -1.3802 -1.654701 89.99811
906 -0.9311185924731714 -7.305982949390769 90.51721709031987 -1.372397 -1.681009 91.07568
907 -0.8882758786530727 -7.342717889961501 91.5899815073019 -1.363832 -1.705257 92.14962
908 -0.9376893861977955 -7.372561549631008 92.65767454881086 -1.356111 -1.726171 93.21864
909 -0.8460570681040235 -7.412820509705517 93.71669801494346 -1.348852 -1.747689 94.28214
910 -0.7987203233468285 -7.4361394939641015 94.77815803521881 -1.343107 -1.769082 95.34468
911 -0.7294090902002455 -7.465651765063258 95.82951483011733 -1.341283 -1.790649 96.39851
912 -0.6934052270100245 -7.507064425897214 96.88187301276241 -1.346362 -1.812458 97.45206
913 -0.7068767749518945 -7.530932408330417 97.9377728622778 -1.357998 -1.835038 98.50801
914 -0.6585319287317234 -7.567115172807651 98.9985920755129 -1.375059 -1.861895 99.57007
915 -0.6880704727784045 -7.606504609586212 100.06433158674952 -1.397412 -1.887691 100.6364
916 -0.6313225908385933 -7.628834391720395 101.1372029179385 -1.426691 -1.913252 101.7103
917 -0.5693189030661558 -7.650480738291733 102.21322876029348 -1.463118 -1.9392 102.7874
918 -0.5481604448579982 -7.698267170322937 103.29398340896309 -1.507808 -1.964419 103.8682
919 -0.6670321161642287 -7.736802266519453 104.3767945592506 -1.561792 -1.988222 104.9566
920 -0.9193898243113303 -7.754025768623741 105.44272582078814 -1.62272 -2.010967 106.0502
921 -0.9088410337412073 -7.765275059413265 106.54200474434268 -1.686244 -2.034406 107.1475
922 -0.8629125851152011 -7.770363049490815 107.64693253246904 -1.748773 -2.056669 108.2514
923 -0.8446444498147133 -7.819856855421299 108.75759567880105 -1.806035 -2.079756 109.3616
924 -0.7184243904747128 -7.833128641057228 109.8722157295207 -1.855701 -2.102084 110.4821
925 -0.7276478849563573 -7.886972322451082 110.99814515126458 -1.897032 -2.123092 111.6084
926 -0.7900822482219644 -7.955722353911531 112.13018127730376 -1.928092 -2.145152 112.7436
927 -0.7917714043907743 -8.019888949154895 113.26626224639458 -1.949092 -2.166434 113.8811
928 -0.8498921116663347 -8.069009404597846 114.40917342720387 -1.958712 -2.18791 115.0263
929 -0.8148989218082363 -8.126573435803733 115.559923408579 -1.956136 -2.210288 116.1788
930 -0.7404004872824792 -8.186270327286845 116.7189882279064 -1.940135 -2.235787 117.3414
931 -0.5013282782976212 -8.178713297227308 117.86099431306741 -1.913209 -2.261146 118.5076
932 -0.37554266865722963 -8.193179083340064 119.03132809473165 -1.87627 -2.286958 119.6839
933 -0.17176359948845973 -8.249694989502549 120.19533090643931 -1.83308 -2.31212 120.8659
934 0.046466217554276296 -8.290894948300744 121.3659570772507 -1.781388 -2.338144 122.056
935 0.18665591529636125 -8.327540581772872 122.56087279399704 -1.725066 -2.362701 123.2581
936 0.2570313806286144 -8.35962750496639 123.76789930864916 -1.665951 -2.387598 124.4659
937 0.3344924746109065 -8.424504198782971 124.98330276666773 -1.602097 -2.410925 125.6836
938 0.4550594551429712 -8.464157361135404 126.20508796105415 -1.529042 -2.432251 126.9096
939 0.621590282888945 -8.489754341721605 127.42924109962918 -1.45419 -2.455779 128.1428
940 0.7631525990940146 -8.519516277218377 128.66718812646482 -1.374919 -2.480551 129.3864
941 0.8550350007701245 -8.560271393160466 129.92078776056007 -1.29261 -2.504395 130.6411
942 0.9828117488147659 -8.580745355474491 131.18636475963612 -1.212752 -2.530425 131.9105
943 1.1265293810767347 -8.6182985886087 132.4585567808574 -1.135332 -2.552624 133.1888
944 1.250062662111179 -8.64339160162827 133.74664387944333 -1.063477 -2.571936 134.4809
945 1.4585771279749045 -8.677526308415606 135.03109947870502 -0.9982536 -2.593743 135.7808
946 1.6424340062985021 -8.703605964142993 136.3271276215212 -0.9419915 -2.613858 137.0887
947 1.8204439677308302 -8.721848503418999 137.64125351507298 -0.8957984 -2.63369 138.414
948 1.8862061029380328 -8.752216209391559 138.97502115628248 -0.86007 -2.654048 139.7491
949 1.9426582172803324 -8.761959547281368 140.31633992702317 -0.8326782 -2.674907 141.0912
950 2.1014817790578215 -8.812295874838437 141.66641790100826 -0.8166247 -2.693332 142.4513
951 2.1337614927161157 -8.833333592419292 143.0322232667147 -0.8082126 -2.711653 143.8175
952 2.2286605381575915 -8.856681172252719 144.40225242287178 -0.8063071 -2.728963 145.1909
953 2.2661920841739986 -8.88653294727465 145.78490355607207 -0.8107742 -2.750987 146.5742
954 2.3100967263235748 -8.911987262655622 147.17218915562873 -0.8181994 -2.779541 147.9621
955 2.4201425131825354 -8.934954051373676 148.57229618836408 -0.8311338 -2.811042 149.3663
956 2.5522943373750566 -8.972185526543829 149.97894476673625 -0.8465134 -2.846681 150.7791
957 2.5426943714440866 -9.002521609757697 151.4017933478849 -0.8636978 -2.884423 152.2017
958 2.605472310486147 -9.045858165575595 152.82838304299017 -0.8818614 -2.922677 153.6297
959 2.6805818797972947 -9.108284320964287 154.26148811781837 -0.903141 -2.959476 155.0655
960 2.7394808066972227 -9.161932793790974 155.70260620813823 -0.9252286 -2.995496 156.5082
961 2.8101102593540905 -9.218499298502604 157.14120564106585 -0.9505879 -3.030265 157.949
962 2.918629932236535 -9.250568754548361 158.58011239721756 -0.9765171 -3.064935 159.3917
963 2.995409403458776 -9.306718656543502 160.01764783064118 -1.007339 -3.096653 160.8317
964 3.039292172102985 -9.344444846704263 161.45691749885003 -1.039444 -3.129506 162.2714
965 3.064294677012042 -9.417801057398254 162.893051466141 -1.075629 -3.162047 163.7088
966 3.045423873799057 -9.470026007444517 164.32877991424976 -1.112662 -3.196968 165.1447
967 3.2710496719387248 -9.55641607748214 165.74526289548808 -1.150964 -3.232057 166.5807
968 3.336199081204273 -9.612596285468458 167.17712954386423 -1.188887 -3.267867 168.0142
969 3.3365319711321932 -9.667141824021021 168.6173010289313 -1.225583 -3.303343 169.4545
970 3.3540422579928575 -9.715020957521853 170.0503825288521 -1.262468 -3.337774 170.8876
971 3.394040002409458 -9.755550461515519 171.48188367061647 -1.297634 -3.371687 172.3194
972 3.3041842509718022 -9.759943268041027 172.90719199898385 -1.333194 -3.40556 173.7467
973 3.3565417787765575 -9.769429920198242 174.32910922386475 -1.366304 -3.44042 175.1688
974 3.467483052276403 -9.815650397082647 175.7489233406884 -1.398479 -3.475354 176.5929
975 3.511462031061055 -9.87535684901774 177.16604783971607 -1.427528 -3.511715 178.0112
976 3.530395008289621 -9.916904091645705 178.57988929544447 -1.453391 -3.547073 179.4251
977 3.5677881669465465 -9.978171890836403 179.99222529633593 -1.476326 -3.583634 180.8386
978 3.5872088478326867 -10.03469808935651 181.40319000423645 -1.498241 -3.619675 182.2502
979 3.6781728881979037 -10.063183595649198 182.81109890802557 -1.51887 -3.652469 183.6608
980 3.707029939780521 -10.110664469526347 184.21122545360595 -1.539735 -3.680137 185.0616
981 3.743298827982499 -10.149951513432093 185.60461675896806 -1.559212 -3.708117 186.4556
982 3.744725939701359 -10.2016971115479 186.99697074703028 -1.576113 -3.742055 187.8484
983 3.8502338128294524 -10.232772208234254 188.38655170705346 -1.590302 -3.777663 189.2418
984 3.9227635255249624 -10.291059515099478 189.7765162494716 -1.603074 -3.811744 190.6344
985 4.081807590662844 -10.329870587844416 191.15342517383328 -1.613327 -3.843743 192.0206
986 4.145404048155276 -10.366232009034075 192.5320762704072 -1.623756 -3.875123 193.4008
987 4.2186778710891835 -10.406301002364682 193.90552039448949 -1.633867 -3.905876 194.7764
988 4.271807583847496 -10.445158274520008 195.27889084652452 -1.645539 -3.93893 196.1509
989 4.266557564649407 -10.494744377539044 196.65047426387352 -1.657445 -3.973595 197.5229
990 4.310431610632705 -10.53611795716626 198.01636202260443 -1.669867 -4.009132 198.8896
991 4.347699406705623 -10.58484555728922 199.38055584107605 -1.682304 -4.042827 200.2547
992 4.336400103864244 -10.652272521363523 200.73556848394068 -1.694878 -4.074851 201.611
993 4.41856416950812 -10.721131178944894 202.0905566192736 -1.705984 -4.106859 202.9698
994 4.478443227592433 -10.728957906170889 203.44245986899375 -1.717412 -4.139885 204.3226
995 4.479547138309177 -10.73822692756681 204.7891455603845 -1.727574 -4.171862 205.6689
996 4.4791282284230896 -10.750943518949919 206.13282809768083 -1.737778 -4.204811 207.0122
997 4.509070942924773 -10.823716671228889 207.46937255558396 -1.746442 -4.238781 208.3506
998 4.513661219891148 -10.88369933788055 208.80865139119055 -1.757196 -4.270954 209.6908
999 4.584540229347711 -10.922177972829228 210.1409642674985 -1.768399 -4.303818 211.0251
1000 4.66617382322963 -10.95297431881271 211.463919368607 -1.780005 -4.335485 212.3505
1001 4.709596602983467 -10.990192019454621 212.7793905961507 -1.792488 -4.366042 213.6668
1002 4.7346473012477075 -11.001911379901534 214.07941407839678 -1.802728 -4.397364 214.9667
1003 4.762084152954845 -11.038815003256161 215.36012795658846 -1.814957 -4.428604 216.2478
1004 4.758112944003393 -11.06274138577858 216.6196997678449 -1.826714 -4.458316 217.5072
1005 4.95099386442569 -11.11049570962887 217.8394519451808 -1.842513 -4.486884 218.7426
1006 4.994778441432156 -11.176611594709126 219.0454978399532 -1.859734 -4.515014 219.9508
1007 5.077512254093002 -11.212261695890684 220.22036408897452 -1.87789 -4.540479 221.1287
1008 5.155583216651769 -11.248681937794766 221.37414133732221 -1.895168 -4.569335 222.2852
1009 5.185300552409656 -11.27657780203825 222.49959245040245 -1.917244 -4.598297 223.4108
1010 5.254848195712478 -11.32221776297717 223.5913304349544 -1.94167 -4.625178 224.5051
1011 5.24299989433378 -11.342559999546486 224.6539359863265 -1.971966 -4.651833 225.5672
1012 5.233332345689535 -11.35660246492669 225.69097791515014 -2.004581 -4.679495 226.6035
1013 5.265249846870205 -11.375726015360875 226.69127856404185 -2.040151 -4.706339 227.6035
1014 5.252602546704167 -11.399081511871602 227.6625111757468 -2.073778 -4.731016 228.5742
1015 5.236024119480531 -11.404678674324483 228.6015194587498 -2.106014 -4.755443 229.5125
1016 5.193373727110747 -11.420365580586441 229.50338613383914 -2.139617 -4.778138 230.4146
1017 5.145540778396698 -11.45103807569209 230.37467331265353 -2.17419 -4.799162 231.2868
1018 5.127783999598436 -11.477488688967208 231.21446493443364 -2.207888 -4.818374 232.1263
1019 5.1089800389975695 -11.501661818306117 232.02192975177599 -2.243669 -4.838575 232.9333
1020 5.089798694848363 -11.525872347764702 232.80806796017828 -2.280068 -4.860372 233.7189
1021 5.073055154492497 -11.561186687645604 233.58136029867978 -2.314971 -4.881633 234.4921
1022 5.050387302852098 -11.598205129329525 234.3543977598945 -2.346879 -4.903083 235.2654
1023 5.025751692756493 -11.64925749099254 235.12481726742521 -2.372559 -4.923693 236.0372
1024 5.051333159854123 -11.672783315803276 235.894801469684 -2.391165 -4.943065 236.8075
1025 4.998256952787172 -11.714932210541006 236.66088437949324 -2.40634 -4.961684 237.5762
1026 5.1152034264872235 -11.730242040935716 237.4142702099058 -2.42154 -4.979606 238.3384
1027 5.125368765528286 -11.760887955460877 238.1776858076703 -2.438172 -4.997815 239.1021
1028 5.124798893455572 -11.773652298489557 238.93507937251874 -2.449188 -5.01612 239.8593
1029 5.142712739642914 -11.786128122336121 239.68949466477636 -2.457471 -5.032857 240.6138
1030 5.163001403414207 -11.801348694354662 240.4406765320494 -2.464848 -5.049016 241.3652
1031 5.196726470007751 -11.812174726318835 241.1878142367941 -2.471118 -5.064022 242.113
1032 5.220536670179882 -11.82218255434485 241.93300666853906 -2.47794 -5.076752 242.8585
1033 5.237407087798378 -11.833930169725466 242.67555583342465 -2.481229 -5.090455 243.6012
1034 5.254329851510505 -11.84996129494787 243.41242074553028 -2.485941 -5.103671 244.3383
1035 5.268816329015364 -11.872450292538282 244.14899069816673 -2.487604 -5.118722 245.0752
1036 5.291152076219172 -11.883541326461518 244.88990868625808 -2.493249 -5.131839 245.8164
1037 5.3164725032031495 -11.922189375965539 245.63453956131758 -2.49473 -5.147361 246.5623
1038 5.332829770866593 -11.946969303872612 246.38755220441232 -2.497272 -5.164438 247.3157
1039 5.33608262750848 -11.972074860812176 247.1439474602802 -2.498606 -5.182585 248.0723
1040 5.351139200325383 -11.995787782543795 247.90422552965214 -2.503085 -5.199298 248.8329
1041 5.36119774229624 -12.014437572385022 248.67037370207984 -2.506486 -5.218219 249.5991
1042 5.359582628065114 -12.035837962405868 249.43772566845445 -2.508505 -5.237784 250.3665
1043 5.413507993309225 -12.061015584303549 250.20867246749563 -2.505563 -5.256841 251.1395
1044 5.4675175704131975 -12.070372732739406 250.98902117576856 -2.503453 -5.273084 251.9216
1045 5.435689320571229 -12.09615430067027 251.77814031494339 -2.508541 -5.289235 252.7116
1046 5.471209379440581 -12.110977234973152 252.57460848133334 -2.507121 -5.306929 253.5088
1047 5.531562849767855 -12.136967100631434 253.36696463236677 -2.498934 -5.321532 254.3037
1048 5.554438627266773 -12.141854934914074 254.16208617966936 -2.491981 -5.336196 255.099
1049 5.544473347858591 -12.14672775064795 254.9631741777084 -2.485561 -5.351123 255.9
1050 5.599113467573232 -12.15986733925206 255.76830006075207 -2.475778 -5.3702 256.7068
1051 5.677315715495305 -12.16686392967767 256.58406266762205 -2.461593 -5.39272 257.5259
1052 5.729532146260244 -12.1974443956984 257.4045462862472 -2.442073 -5.414196 258.3481
1053 5.833955057090557 -12.201169112485914 258.2262574279993 -2.418788 -5.432422 259.1759
1054 5.911516901733384 -12.217493244037138 259.0542503296082 -2.398099 -5.451575 260.0072
1055 5.968333774808212 -12.238413193143463 259.88892593544574 -2.3794 -5.472421 260.8436
1056 5.978513978446108 -12.260454544893886 260.73331950930566 -2.357178 -5.492976 261.6878
1057 6.025803512212747 -12.28956699870255 261.58513905010955 -2.331649 -5.513461 262.5408
1058 6.051253933851515 -12.33669617323392 262.45118566449844 -2.305211 -5.536213 263.4078
1059 6.141750921461095 -12.341468297302523 263.3221378333771 -2.278446 -5.560785 264.2827
1060 6.1928703413720845 -12.374605145083603 264.20516485890244 -2.24888 -5.58502 265.167
1061 6.231307602911442 -12.386091163630985 265.09743636355745 -2.217026 -5.60834 266.0593
1062 6.301887505437326 -12.425642940119543 265.995949797122 -2.181048 -5.632766 266.9604
1063 6.287210633638147 -12.44444543482959 266.9056142667502 -2.144562 -5.657825 267.8693
1064 6.332804745497858 -12.486139187995201 267.82258884373294 -2.107091 -5.684566 268.7872
1065 6.4171717259551935 -12.494945034700132 268.7441860607477 -2.072995 -5.710527 269.7117
1066 6.471252350525242 -12.540345140685394 269.6742324764258 -2.039857 -5.735484 270.6435
1067 6.466490713127786 -12.569156061193029 270.6091351897376 -2.008137 -5.759967 271.578
1068 6.559955987862776 -12.602570404208905 271.5423698372082 -1.977183 -5.786935 272.5156
1069 6.598580024913398 -12.629535665108083 272.4774853544137 -1.948577 -5.813039 273.4511
1070 6.638828720141185 -12.676465955040996 273.4117925192141 -1.923694 -5.837506 274.3868
1071 6.663135005520983 -12.721652489338638 274.34614761909273 -1.903306 -5.862752 275.322
1072 6.71557814246837 -12.766694204752527 275.2777095488026 -1.886301 -5.888992 276.2556
1073 6.725801368421215 -12.774895821481623 276.2118787514806 -1.871958 -5.914599 277.1894
1074 6.816925129488298 -12.833920348015763 277.138261192457 -1.860171 -5.940087 278.1217
1075 6.85299612011891 -12.882485106142909 278.06989160761043 -1.850165 -5.965237 279.0549
1076 6.872040243165072 -12.931251436855087 278.9960690909344 -1.84113 -5.989292 279.9822
1077 6.948346467823463 -12.973047289835973 279.9167617024677 -1.834878 -6.011766 280.9067
1078 6.859895219024483 -13.04036376919276 280.83200125197203 -1.829538 -6.033194 281.8284
1079 6.894198433101387 -13.058012105531152 281.75024651499797 -1.824423 -6.05424 282.7472
1080 6.863628086154666 -13.077604193916372 282.66519401528103 -1.820378 -6.076007 283.6626
1081 6.868305170118911 -13.109428495606808 283.57607468107847 -1.819188 -6.097253 284.5738
1082 6.8057511447907615 -13.134882344849592 284.472883486891 -1.820078 -6.118356 285.4729
1083 6.753308130081213 -13.134760928282873 285.3545931613822 -1.821293 -6.140076 286.3559
1084 6.77557650346299 -13.156974428369452 286.21492911349964 -1.824665 -6.162957 287.2165
1085 6.8154161127385136 -13.182587716889683 287.05763979139687 -1.831132 -6.186044 288.0602
1086 6.869668447991299 -13.218220971002436 287.8857294901596 -1.835812 -6.20897 288.8905
1087 6.9102911123377995 -13.218710601380721 288.71147726832766 -1.838573 -6.232745 289.7169
1088 6.866674656633849 -13.210821944073427 289.5353721186561 -1.841599 -6.257807 290.5416
1089 6.83507920698347 -13.218184994092185 290.3591795478067 -1.843827 -6.281585 291.3657
1090 6.855630033009421 -13.221298443853403 291.1792628684347 -1.844053 -6.305431 292.1857
1091 6.958987650864604 -13.27899601922107 291.9857673405965 -1.843243 -6.332348 293.0004
1092 6.954865888612923 -13.371574495259512 292.7927651258663 -1.840209 -6.360716 293.8122
1093 6.980536897236088 -13.402120309430023 293.59993116296823 -1.836186 -6.387429 294.6199
1094 6.9721711509265125 -13.42151328839575 294.40863024404325 -1.829836 -6.414405 295.4284
1095 6.888024170895827 -13.40184766421113 295.2077114110451 -1.823832 -6.440313 296.2317
1096 6.908322400629428 -13.438577992199033 296.00618766721595 -1.81794 -6.46419 297.0309
1097 6.901417636065512 -13.453421708128456 296.80372918893175 -1.814744 -6.486179 297.8283
1098 6.778916610297788 -13.4962731299218 297.5893461332762 -1.812035 -6.506511 298.6243
1099 6.83267798561194 -13.550002693376452 298.3842336499371 -1.809517 -6.524789 299.4226
1100 6.69787064482416 -13.570349922380432 299.17332045833183 -1.807621 -6.541554 300.2232
