0 0.0 0.0 0.0 0.0 -1.110223e-16 2.220446e-16
1 -0.046079813755962776 -0.027126423601139447 1.1982190632566863 -0.01401751 -0.02820321 1.198998
2 -0.06365319906325308 -0.060467654361508576 2.3832116610780245 -0.02787365 -0.0560812 2.384181
3 -0.0384844342537397 -0.09289753760544428 3.5743624608479188 -0.0418032 -0.08410629 3.575628
4 0.008021754496593904 -0.1033361694645424 4.7654832346694525 -0.05573543 -0.1121362 4.767291
5 -0.008555265772151006 -0.1171446953320982 5.960692699258606 -0.06970674 -0.1402442 5.962283
6 0.03183962137421456 -0.13187672883939328 7.150812844064655 -0.08362554 -0.1682458 7.152769
7 0.016604881696894738 -0.152703185529917 8.343576110146744 -0.09756958 -0.1962977 8.3454
8 -0.031412285300658954 -0.18038132029460568 9.534059593272696 -0.1114989 -0.2243193 9.536762
9 -0.01589972488459883 -0.199360918064285 10.725776484494721 -0.1254307 -0.2523452 10.72832
10 -0.09061128610981296 -0.21809664619639907 11.915206050176042 -0.1393621 -0.2803697 11.91983
11 -0.08837485819494077 -0.22830302028438237 13.10765141074348 -0.1533004 -0.3084073 13.11191
12 -0.05081869161298947 -0.2680901429112696 14.298371719402551 -0.1671408 -0.3362948 14.30348
13 -0.030642976265176366 -0.28233222888275583 15.491671921032816 -0.181814 -0.3654237 15.49659
14 -0.000798018010966961 -0.29768229230549215 16.68256937933121 -0.1950729 -0.3924445 16.68758
15 -0.02566556095093294 -0.2982858848743548 17.87614089580686 -0.2081761 -0.4191514 17.88104
16 -0.07671481202720783 -0.2843144583235045 19.07092103898779 -0.2220687 -0.4450814 19.07663
17 -0.05833512098067563 -0.3069211361878565 20.26451524982007 -0.2372951 -0.4715143 20.27019
18 -0.04356887265103569 -0.3353957798916363 21.458968703896712 -0.2531559 -0.4977817 21.46468
19 -0.06519998038389566 -0.35846547815745855 22.653134149860865 -0.2707637 -0.5247441 22.65883
20 -0.08969897952663455 -0.3543566553958325 23.847469766865956 -0.2887908 -0.5527301 23.85296
21 -0.11138270189344172 -0.34740422438530033 25.04161343163365 -0.3071147 -0.5812326 25.04684
22 -0.21281780063703268 -0.3705240911239019 26.233790862005826 -0.3273512 -0.6069839 26.2431
23 -0.2760691233689076 -0.3859820493228832 27.431047784242338 -0.3472488 -0.6329432 27.44168
24 -0.3068398959043854 -0.40153445671103183 28.626400584713014 -0.3677985 -0.6565642 28.63712
25 -0.2755068811479406 -0.3891622607981262 29.817577484981896 -0.3892136 -0.6824261 29.8283
26 -0.276946614075819 -0.39699903440916895 31.01768197200044 -0.4112762 -0.7087202 31.02794
27 -0.3335933761011094 -0.38258121420634666 32.220801905225926 -0.4357161 -0.7356474 32.23193
28 -0.3807407630588691 -0.41093988261083786 33.4083997501162 -0.4596533 -0.7632533 33.42024
29 -0.4001532893508949 -0.4414580126839153 34.60301092400681 -0.4846981 -0.7915945 34.6148
30 -0.43185963607847294 -0.44874467805997204 35.8008896277907 -0.509819 -0.8182722 35.81256
31 -0.437325288752323 -0.4544310088894959 36.998201731183 -0.5367057 -0.8457827 37.00928
32 -0.44393277352980076 -0.4666105734725478 38.19634444353524 -0.5627412 -0.8734675 38.2069
33 -0.5279814009270661 -0.4840583732896987 39.392474756348136 -0.5904619 -0.9001114 39.40549
34 -0.4818763966293948 -0.48638899891495235 40.58915405591161 -0.6181703 -0.9268582 40.60244
35 -0.5191360665132487 -0.49576820325631776 41.78543406588874 -0.6466319 -0.9531287 41.79871
36 -0.5813624104990353 -0.5042402198807733 42.98159933823112 -0.675668 -0.9776312 42.99592
37 -0.6447832375131572 -0.514954172486955 44.180237086666004 -0.708016 -1.000412 44.19563
38 -0.7224136065864487 -0.5450209828592061 45.37783593254582 -0.7358613 -1.020365 45.39563
39 -0.7501416964903458 -0.5462975515484986 46.57840517921429 -0.7617275 -1.037444 46.59612
40 -0.7431513708578307 -0.5351960833919942 47.78399645551882 -0.784447 -1.051207 47.80149
41 -0.741447553364443 -0.5392460887475302 48.98728332280156 -0.8050204 -1.064092 49.00454
42 -0.7608925019621428 -0.5513848381045945 50.18616415993286 -0.822002 -1.07385 50.20348
43 -0.7563676414774385 -0.5544916850341522 51.3874355554651 -0.8402902 -1.085315 51.40457
44 -0.7614641980329685 -0.5746677179239654 52.58873834140582 -0.859463 -1.098286 52.60583
45 -0.769944724533849 -0.5946774131549485 53.79415290069326 -0.8753783 -1.112635 53.81125
46 -0.7732609218556351 -0.593006851548156 54.99832082112269 -0.892873 -1.127883 55.0152
47 -0.7992358117581718 -0.5969734392027897 56.20335066818116 -0.9118602 -1.143152 56.22027
48 -0.8481295074788783 -0.612921222245749 57.41007164163703 -0.9332309 -1.160687 57.42777
49 -0.8659440631795147 -0.6316201228435645 58.61495704079267 -0.956215 -1.175655 58.63262
50 -0.8664360854824473 -0.6221746251277968 59.82122229933116 -0.981436 -1.190278 59.83857
51 -0.8802055971718511 -0.635556341577217 61.0249521328643 -1.006715 -1.2056 61.04209
52 -0.92570591267142 -0.6508709047564342 62.2278846880664 -1.031126 -1.22132 62.24563
53 -0.9268184840274774 -0.6438430536084662 63.43002734633589 -1.053863 -1.237483 63.44747
54 -0.9193090150570755 -0.6212067072968336 64.63020692195174 -1.078473 -1.251701 64.64755
55 -0.8754743602255459 -0.6087587309727625 65.83254627996229 -1.103193 -1.267101 65.8504
56 -0.925224752245383 -0.6217508336168321 67.02902371602566 -1.129538 -1.281112 67.04761
57 -1.0022173574179183 -0.6185929465943458 68.22039477760231 -1.15768 -1.293922 68.24107
58 -0.9949384668344605 -0.6336209236586777 69.41493672964177 -1.18693 -1.309417 69.43527
59 -0.9715372946263262 -0.6511129309868117 70.60590443282935 -1.215316 -1.324678 70.62616
60 -0.9193458341950403 -0.6501290760099092 71.79501824843803 -1.243226 -1.339456 71.816
61 -0.9303823530336124 -0.6570993423987888 72.98151888450545 -1.268567 -1.355743 73.00219
62 -0.9545702323643384 -0.6587363135096831 74.16692378444009 -1.292838 -1.37147 74.18749
63 -0.9635777120001843 -0.6479417144745331 75.34516628955662 -1.310252 -1.390125 75.36554
64 -0.9590363452471583 -0.6698663072205019 76.52037324827366 -1.320138 -1.407515 76.54079
65 -0.9439800682635423 -0.6947154171779477 77.69573652266236 -1.33092 -1.427085 77.7163
66 -0.9365551352479049 -0.7103597363604518 78.87413028006733 -1.33795 -1.448797 78.8946
67 -0.926858005423947 -0.7273936591272758 80.04796637649706 -1.340942 -1.468534 80.06843
68 -0.9210584974850601 -0.7351070890479087 81.21416542947837 -1.34229 -1.485826 81.23454
69 -0.8290318190665317 -0.7706559677870924 82.3747653540866 -1.335651 -1.506096 82.39913
70 -0.7796534904337831 -0.7770106789224565 83.53288865372262 -1.323865 -1.530312 83.55801
71 -0.7462019179133392 -0.8034046224014711 84.6919104669999 -1.309268 -1.555472 84.71745
72 -0.7330669609099307 -0.8310771932659933 85.85140207140084 -1.292993 -1.580587 85.87696
73 -0.7406608450952485 -0.8449849112708225 87.00590408103784 -1.273121 -1.605074 87.03114
74 -0.6961874058951323 -0.8500808637880116 88.15830208931219 -1.247131 -1.630673 88.18383
75 -0.6352256041997943 -0.8591662379587293 89.30686549083177 -1.216671 -1.656163 89.33336
76 -0.5727040716726067 -0.8807285713370961 90.45586074914476 -1.182745 -1.683163 90.48344
77 -0.5433111368141568 -0.9036536375024985 91.60933694354442 -1.144128 -1.710419 91.63655
78 -0.46380085001773963 -0.9198901852671701 92.76228691912152 -1.10175 -1.736086 92.79129
79 -0.3492812448429421 -0.9303046125223536 93.91356359553626 -1.056015 -1.76065 93.94713
80 -0.28242344645879625 -0.9424725253069652 95.06839047124132 -1.006119 -1.785071 95.10262
81 -0.21925292043752836 -0.9717899868794352 96.220486128243 -0.953966 -1.809543 96.25538
82 -0.13178356266188868 -0.9890140067588713 97.37649458509784 -0.8975398 -1.834871 97.41317
83 -0.05066569452418557 -0.9845094970935209 98.53439109767285 -0.8410031 -1.861916 98.57222
84 -0.10796510752902186 -0.9889875283289001 99.70230346288498 -0.7820453 -1.891643 99.73968
85 -0.031206596281046967 -0.9921476946834558 100.87608125769546 -0.7233569 -1.922457 100.9141
86 0.012061399326656112 -1.062323755199787 102.05561419021387 -0.6655319 -1.953029 102.0947
87 0.11058052772376603 -1.0987313420676779 103.2368455591514 -0.6077182 -1.983093 103.2788
88 0.16938138839180295 -1.1338095907731724 104.42782084357057 -0.5505715 -2.012875 104.47
89 0.27594734119119535 -1.131518730069896 105.62247176211056 -0.4977483 -2.041118 105.6679
90 0.27968881571187826 -1.17111428035884 106.82247188316552 -0.4483272 -2.069739 106.8672
91 0.30438383343826436 -1.1951993772929508 108.02778162266992 -0.4053771 -2.098282 108.0719
92 0.2723220742964946 -1.2185081639206385 109.23484416877966 -0.3651076 -2.127 109.2786
93 0.3606894726953648 -1.232570250101473 110.44544401550225 -0.3290753 -2.156853 110.4916
94 0.2891745737994553 -1.2384663113994068 111.65975064739143 -0.2985283 -2.185665 111.7073
95 0.35085010924229965 -1.229970340358383 112.87514803366686 -0.2726718 -2.213402 112.9237
96 0.35811665760758277 -1.2592618542606782 114.09401421289735 -0.2537792 -2.240145 114.1425
97 0.38849165543259656 -1.2905651417595876 115.31390931947966 -0.2415523 -2.267804 115.3628
98 0.4324955488204847 -1.3117757616414418 116.53650102361613 -0.2340717 -2.29683 116.586
99 0.4448415764728396 -1.3288666960115028 117.76230620487003 -0.2325711 -2.327575 117.8116
100 0.4571122420479347 -1.3438850064453447 118.99083899233565 -0.2372931 -2.358001 119.0399
101 0.48241339525035815 -1.3451116289799094 120.22248146384416 -0.246444 -2.388148 120.2714
102 0.4531923910108661 -1.3858398210684182 121.45174719690812 -0.2562318 -2.417424 121.5013
103 0.45757066765736404 -1.404225877208623 122.69307441269477 -0.2696789 -2.444635 122.7424
104 0.514155376867827 -1.406503853677835 123.9326501343123 -0.2835717 -2.4715 123.9829
105 0.5181010574792408 -1.3829540700492895 125.17399610406248 -0.2970155 -2.498919 125.2241
106 0.6042781431936937 -1.3887507055593047 126.4174639385683 -0.3168152 -2.521615 126.4702
107 0.5738150677750168 -1.4238313754388319 127.66693666269215 -0.336076 -2.543289 127.7202
108 0.5472262313718703 -1.4016383812071118 128.91640382491877 -0.3532043 -2.561295 128.9699
109 0.5881658879270633 -1.439514464322405 130.16559147609078 -0.3704424 -2.578125 130.2201
110 0.6613230770642367 -1.4414921811827623 131.4191659133163 -0.384545 -2.59617 131.4756
111 0.6630236436532598 -1.4341035889249383 132.67724910827738 -0.3976226 -2.614808 132.7335
112 0.6944815695920422 -1.43622884037241 133.93946208153235 -0.4133731 -2.631357 133.9959
113 0.7698876013638003 -1.4392404226188258 135.20080124938326 -0.4299121 -2.64614 135.2593
114 0.7419346153402078 -1.4560553148359423 136.46383399815633 -0.4438867 -2.660056 136.5226
115 0.7615416588618464 -1.4634969457306308 137.73072908931312 -0.4570556 -2.675992 137.7895
116 0.7229516195727334 -1.4346277245995604 138.9973183170353 -0.472057 -2.693213 139.0568
117 0.7463841592560384 -1.4278049840878597 140.2711512681984 -0.490815 -2.711316 140.3306
118 0.7793182817587287 -1.4330144347619536 141.54636983345074 -0.5099508 -2.728134 141.606
119 0.8223923023883379 -1.4458036150217592 142.82006284281314 -0.5316574 -2.744134 142.8802
120 0.7585985477716856 -1.4339681366548414 144.09143570565723 -0.5501461 -2.759529 144.153
121 0.8631571047080969 -1.4502254908582344 145.3583498482698 -0.5681071 -2.775354 145.4241
122 0.8597605666995625 -1.4532536138482022 146.62852024654015 -0.586224 -2.79483 146.694
123 0.8368704560727562 -1.4382500535231937 147.89564551466682 -0.6015689 -2.818864 147.9611
124 0.7957226174507973 -1.4314125677569418 149.16123069428855 -0.6184009 -2.844547 149.227
125 0.7702409535433813 -1.4560212909817245 150.4266043380007 -0.6344428 -2.875057 150.4924
126 0.7642504647205585 -1.4329935968616165 151.690716785937 -0.6492857 -2.908757 151.7562
127 0.7676067401568272 -1.4647500304687588 152.959415006595 -0.6669047 -2.939717 153.0248
128 0.7678162952619987 -1.498537808501782 154.22294209255054 -0.6841745 -2.969914 154.2883
129 0.7702867235113607 -1.5181326892322002 155.48823850602793 -0.703475 -2.997619 155.5533
130 0.754642913163397 -1.551405242487776 156.75172252713278 -0.7212308 -3.024885 156.8169
131 0.7612479113516005 -1.565809275416988 158.012949887567 -0.7401339 -3.051707 158.0778
132 0.782603378343799 -1.5927354400719436 159.27731302071987 -0.7581397 -3.079341 159.3422
133 0.6762612613176883 -1.5990677633823251 160.5347835453163 -0.7785169 -3.10733 160.6037
134 0.6826753807084928 -1.6167590922188604 161.79551841780955 -0.7989665 -3.135262 161.8641
135 0.6250965769815099 -1.6129751509434576 163.05678210820844 -0.8210143 -3.16234 163.1262
136 0.6209548316541995 -1.6202095728412231 164.3214091969706 -0.8448485 -3.191224 164.3903
137 0.7150020623013367 -1.6222754091889098 165.58007556054537 -0.8676072 -3.221845 165.6519
138 0.7324769564592112 -1.644413539759578 166.842756362393 -0.8915914 -3.252329 166.9143
139 0.67846519556462 -1.652767298659703 168.10437311716782 -0.9159259 -3.282708 168.1765
140 0.6706401575120267 -1.6630285490680676 169.36985773912605 -0.9418036 -3.313952 169.4414
141 0.6841257506686271 -1.683790676573454 170.6335637747985 -0.9682551 -3.3446 170.7047
142 0.7011306831597887 -1.726880444407042 171.8993530970789 -0.9957698 -3.373848 171.9707
143 0.7518150878846801 -1.7367715690842747 173.16254396800534 -1.024319 -3.402447 173.2343
144 0.734795822264203 -1.711268059281192 174.4268560337761 -1.053647 -3.431925 174.4983
145 0.7293768139488068 -1.7326037453754888 175.6880501251743 -1.083166 -3.461238 175.759
146 0.7066304846257812 -1.761870585687641 176.95560695648305 -1.111965 -3.491932 177.0264
147 0.7062966752042831 -1.788690655745625 178.21874987644077 -1.14094 -3.523533 178.2891
148 0.7071074401669687 -1.7971137331503664 179.4795053494994 -1.167498 -3.555449 179.5492
149 0.7167772989071649 -1.8024210914491692 180.74161919964595 -1.193384 -3.587083 180.8107
150 0.6399788607866181 -1.8085089242352834 182.00142594551383 -1.220912 -3.617217 182.0722
151 0.666803273419232 -1.8235615237232259 183.26618055642007 -1.249819 -3.644685 183.3367
152 0.6264749534124464 -1.8358641289595774 184.52277987606408 -1.280267 -3.669131 184.5934
153 0.6378227131344517 -1.8626576836771933 185.77279354757445 -1.311919 -3.694209 185.8431
154 0.6942953260801774 -1.8840770389402401 187.02123126016136 -1.342768 -3.722358 187.0923
155 0.6964783284298224 -1.9273516766919516 188.26767714174355 -1.371475 -3.752664 188.3388
156 0.7057663908684444 -1.9371788677895159 189.51509208739287 -1.400872 -3.781861 189.5856
157 0.6279437032881431 -1.9599005579857618 190.75833195278386 -1.429913 -3.811043 190.8308
158 0.6111680598519468 -1.9750253586779658 191.99765300494926 -1.45692 -3.839753 192.0697
159 0.6800038120995473 -1.9915783729074947 193.2300262783228 -1.482347 -3.868861 193.3035
160 0.6034084948000373 -2.0169839010615784 194.45881119845976 -1.504387 -3.897568 194.5344
161 0.5931326068555764 -2.0448004369518937 195.68564379942168 -1.525428 -3.929306 195.761
162 0.5644477769338742 -2.075379757836866 196.90609608505622 -1.54334 -3.962116 196.9816
163 0.5797466177722757 -2.0885277128015467 198.12359302592435 -1.561315 -3.994523 198.1987
164 0.5817090553991462 -2.0997191178594985 199.33683807063352 -1.577337 -4.025379 199.4115
165 0.5870811286180871 -2.1258521623222997 200.54472895075534 -1.593225 -4.055718 200.6192
166 0.658197074109507 -2.1311650348345426 201.74453585009852 -1.607052 -4.084508 201.8207
167 0.7337070943006048 -2.1504664026053826 202.93718801563168 -1.619569 -4.112611 203.0155
168 0.6784651250312292 -2.1966192044454496 204.12321768791418 -1.629855 -4.142166 204.2033
169 0.7504810724471883 -2.209486087958101 205.3000924758659 -1.639698 -4.168995 205.3821
170 0.7224684815796434 -2.233057149010959 206.47027402628393 -1.649074 -4.196218 206.5525
171 0.7897639748880472 -2.242584091729876 207.62551935690067 -1.655974 -4.223531 207.7094
172 0.8530382253376013 -2.241464753020116 208.76690073937365 -1.663162 -4.25023 208.8522
173 0.8562652501970663 -2.2545009149418864 209.89676314352155 -1.670517 -4.277047 209.9818
174 0.8713004974463187 -2.2804971788338775 211.00858200917813 -1.680916 -4.301812 211.0937
175 0.8529900690797939 -2.2992673859623256 212.10561689289437 -1.692609 -4.32686 212.1907
176 0.8428797533214373 -2.310836053636793 213.19006590008536 -1.705386 -4.351615 213.2749
177 0.842929132721804 -2.3247586055299854 214.26074200965746 -1.717659 -4.376802 214.3453
178 0.8940809463370363 -2.3211412428251 215.31918164270976 -1.730641 -4.402081 215.4046
179 0.893564570133638 -2.331163649550578 216.3631155544662 -1.744177 -4.426871 216.4482
180 0.905788111642521 -2.3392031056368374 217.40057378253073 -1.758097 -4.450451 217.4854
181 0.9329326628970618 -2.3532172859546434 218.4228113637687 -1.775959 -4.472509 218.5077
182 0.9191226542323508 -2.3479989888702892 219.42684911062895 -1.796549 -4.494237 219.5114
183 0.9883931344824602 -2.3718454079159916 220.40818371211134 -1.82019 -4.513126 220.495
184 1.0199651448016256 -2.385396452753751 221.37427263203185 -1.844527 -4.532452 221.4612
185 1.0030040322977865 -2.400353427742058 222.31602107336522 -1.871601 -4.553298 222.4026
186 0.9961782407735552 -2.405755276701951 223.23687434859795 -1.900504 -4.574348 223.3228
187 0.981962673836121 -2.411276797724516 224.13388553390962 -1.93108 -4.594192 224.2192
188 0.9230238848889177 -2.4200959834953517 225.00666570492908 -1.963226 -4.613875 225.0932
189 0.9153930689000601 -2.41995540719547 225.86064009121455 -1.999321 -4.634336 225.9462
190 0.8967329236754192 -2.4159996020204564 226.6911057634868 -2.03611 -4.65549 226.7758
191 0.8548979368848209 -2.42308233687893 227.5038942800593 -2.076063 -4.674144 227.5885
192 0.8752222482398522 -2.447290084420419 228.29787654026975 -2.113952 -4.692285 228.382
193 0.8399603204040176 -2.4441569163889163 229.07509508438804 -2.149429 -4.710568 229.159
194 0.8576783914704136 -2.460687123699102 229.83326692806332 -2.182836 -4.728951 229.9166
195 0.866093978192143 -2.4756130748445844 230.5750830961451 -2.215172 -4.746558 230.6577
196 0.8271837988134473 -2.4781916087573803 231.30544881984562 -2.24791 -4.762455 231.3882
197 0.8201807554999881 -2.490444992139626 232.0335543730074 -2.278813 -4.778921 232.1156
198 0.8622951750330019 -2.4847992901748013 232.75583516702156 -2.30914 -4.795655 232.8383
199 0.835671358506575 -2.4947183864641636 233.47778797297244 -2.338553 -4.813178 233.56
200 0.7999793225594666 -2.487417630822473 234.19515299104555 -2.3648 -4.830531 234.2776
201 0.7830155605988488 -2.5118250879908737 234.90907690276703 -2.389577 -4.847959 234.9915
202 0.7703810615392981 -2.523840875311117 235.62010831105965 -2.414706 -4.864866 235.7021
203 0.805993969553044 -2.533546248978606 236.32609842281673 -2.437161 -4.881579 236.4085
204 0.7106873628532178 -2.5700512782099763 237.02224104400952 -2.45827 -4.896919 237.1116
205 0.7340019937232776 -2.570713404299635 237.7220229383519 -2.475218 -4.912132 237.8114
206 0.7358022381317443 -2.5888328310782778 238.4183463986369 -2.489243 -4.929647 238.5076
207 0.7551108887153503 -2.605958834601483 239.11050614657447 -2.501543 -4.947554 239.1999
208 0.8007463601923135 -2.6212802654780085 239.79703483526777 -2.511949 -4.965562 239.8878
209 0.8105793966963469 -2.6202882041097735 240.4847047613423 -2.520293 -4.98174 240.5753
210 0.8568049541258785 -2.637833758106299 241.17177036255902 -2.528203 -4.99821 241.2639
211 0.8461133725929932 -2.637738387399231 241.8653347457923 -2.534352 -5.01566 241.9573
212 0.8546030954963586 -2.637845333526519 242.56168721160222 -2.538348 -5.032044 242.6535
213 0.8727082226063645 -2.6299803870554728 243.26401306680785 -2.543393 -5.04817 243.3559
214 0.9122902649168548 -2.632563197726486 243.96618160125564 -2.545596 -5.064282 244.059
215 0.9137729345280093 -2.6297030727862785 244.6707573424511 -2.546852 -5.080295 244.7634
216 0.916125476822327 -2.6312843407352977 245.3789999079394 -2.546619 -5.094783 245.4715
217 0.9453353690728602 -2.648416373523141 246.09314037627968 -2.545576 -5.109038 246.1863
218 0.9616852958104236 -2.6712513928481045 246.8145989376518 -2.543734 -5.126143 246.9081
219 0.9903681484761312 -2.6838270620894296 247.5419761633704 -2.542056 -5.145191 247.6359
220 1.0237679648726397 -2.708391276882324 248.27466038215246 -2.541896 -5.164585 248.3695
221 1.0702386957277428 -2.730037822158083 249.01507926246578 -2.542204 -5.185382 249.1114
222 1.1092691240144004 -2.7514357294522203 249.75993588574318 -2.540944 -5.205979 249.8573
223 1.1370863688430366 -2.768416049121612 250.51225459293852 -2.535403 -5.22737 250.61
224 1.1872570745112445 -2.7929875437595477 251.27126188203724 -2.529259 -5.246305 251.3708
225 1.1660830673403104 -2.8054754350582956 252.04527092600006 -2.529475 -5.263872 252.145
226 1.2009084510598802 -2.8357874949881183 252.828058352251 -2.534412 -5.282956 252.9289
227 1.2090273707758838 -2.835918128970994 253.61531039826767 -2.53173 -5.300222 253.716
228 1.1976692061309104 -2.8450600430536266 254.41008619537828 -2.522827 -5.316153 254.5107
229 1.2547571301281406 -2.8453396723136732 255.2030564397186 -2.516895 -5.328791 255.3056
230 1.2908676064037612 -2.843417384094788 256.00875375849853 -2.508908 -5.345294 256.1119
231 1.3008221081137037 -2.845661503895206 256.82671761803454 -2.495854 -5.364407 256.9296
232 1.3897087283684966 -2.856958237606248 257.6505625086906 -2.476437 -5.385775 257.7578
233 1.4025577586325895 -2.89224746274841 258.48534471277753 -2.451908 -5.406872 258.5928
234 1.4373295119353724 -2.912986409508725 259.3216551913347 -2.426274 -5.425049 259.4295
235 1.5346713026566892 -2.9450747555762486 260.15497565261944 -2.401831 -5.445288 260.2685
236 1.5531746150869898 -2.962892671190208 260.98953067469665 -2.377452 -5.467449 261.1028
237 1.6130419235838809 -2.9826615046946436 261.8249411004996 -2.347909 -5.488513 261.9398
238 1.6891093003216322 -3.0093082212466444 262.6608509645796 -2.315586 -5.509575 262.7787
239 1.7723046044616977 -3.0428614107329803 263.49954069604723 -2.282743 -5.533299 263.6212
240 1.8638921229622396 -3.0728300664176134 264.33692800769484 -2.249292 -5.557575 264.4631
241 1.944651888568584 -3.0855691361069613 265.17358902318415 -2.211671 -5.580169 265.3026
242 1.9958491303504668 -3.0760156319113485 266.0163298768044 -2.169031 -5.601556 266.1456
243 2.079607639964164 -3.1151913819950847 266.8559092152815 -2.120601 -5.622751 266.9886
244 2.18590997044027 -3.1155400498008023 267.69680125491504 -2.070929 -5.642388 267.8345
245 2.281428851612993 -3.1235497584001064 268.5407284183964 -2.020152 -5.662313 268.6821
246 2.331457759160048 -3.13081327316582 269.3880457592521 -1.972336 -5.683949 269.5293
247 2.4028195949718136 -3.1534053708723375 270.2387209995141 -1.923826 -5.705921 270.3816
248 2.490073758816643 -3.1896613242411114 271.0875964380427 -1.875688 -5.726987 271.2341
249 2.534749952886893 -3.21187862912258 271.94270456373914 -1.829452 -5.750154 272.0891
250 2.621472399077681 -3.2315996037726373 272.79372194888856 -1.783337 -5.773108 272.9432
251 2.6909511703837192 -3.2481379803625527 273.6442206996005 -1.741198 -5.793806 273.7954
252 2.7423419476290922 -3.2718881443796004 274.49925943297364 -1.700845 -5.814912 274.6511
253 2.770580384088401 -3.3081416167585185 275.3516258180187 -1.660663 -5.835884 275.5035
254 2.8492971588221856 -3.336824967276102 276.19953795387397 -1.622669 -5.858238 276.3544
255 2.9375317333342164 -3.341160844265469 277.04531748896125 -1.585579 -5.879709 277.2037
256 2.997688557609469 -3.353667202355638 277.891981604127 -1.550632 -5.901149 278.0516
257 3.066198349046914 -3.380536472524976 278.7347645169722 -1.517863 -5.921904 278.8967
258 3.1312826920846013 -3.4146329381638707 279.57096740436396 -1.489305 -5.941918 279.7354
259 3.1536025146796187 -3.420739156982927 280.40447803765187 -1.466242 -5.96075 280.5687
260 3.2050066889660815 -3.4430925527753873 281.2239529045102 -1.447757 -5.978025 281.3897
261 3.2513548050294627 -3.4596124631529297 282.0361835219875 -1.431895 -5.99441 282.2031
262 3.275504081761873 -3.4963820850563185 282.8357459795781 -1.419054 -6.010847 283.0036
263 3.323788290789597 -3.5235445302248634 283.61827826987354 -1.412086 -6.026687 283.7879
264 3.3497031400888404 -3.541164473965635 284.3851571423256 -1.411252 -6.04017 284.5553
265 3.360596307851006 -3.5537675968251197 285.1350056880596 -1.414317 -6.053988 285.3052
266 3.432220741508146 -3.5701611105892037 285.86216871702544 -1.417779 -6.069167 286.0359
267 3.445880102641528 -3.590001585786399 286.57006124573684 -1.423417 -6.085125 286.744
268 3.465024626001458 -3.6166857756157587 287.2586818671885 -1.435822 -6.10138 287.4331
269 3.489501279607485 -3.6282555435127746 287.9259860216309 -1.454441 -6.117454 288.1005
270 3.3712190312140717 -3.681171401802761 288.56415351196665 -1.477649 -6.132605 288.7511
271 3.3258263358960862 -3.712383650432188 289.2005407483285 -1.506373 -6.149396 289.389
272 3.3547209120200057 -3.7416977033081373 289.82896574480105 -1.545617 -6.167037 290.0173
273 3.2208842243509794 -3.7788634448593057 290.42619025312666 -1.597157 -6.182453 290.6281
274 3.1741363717753925 -3.823763914473712 291.0286032426928 -1.665044 -6.196964 291.23
275 3.15937948879592 -3.837083228145903 291.6097804133284 -1.742378 -6.210196 291.8062
276 3.100962597211348 -3.8706606195158217 292.18618439342174 -1.834488 -6.224247 292.379
277 3.0365659958709736 -3.872474625307798 292.7515134312208 -1.942994 -6.237015 292.9374
278 2.9832840846564594 -3.8551596707728013 293.2937630900863 -2.067997 -6.247853 293.4679
279 2.834556004048206 -3.9104933461630798 293.81917752846465 -2.209538 -6.257666 293.9981
280 2.611559278318092 -3.9431367743428973 294.3077077984452 -2.367902 -6.271075 294.5121
281 2.464520695012412 -3.9567292716815436 294.7930662338202 -2.543375 -6.28527 294.9879
282 2.2968631950786866 -3.9602494668353234 295.2826614437151 -2.739392 -6.297631 295.4667
283 2.0954519665508706 -3.9777929872146403 295.7214088277991 -2.949047 -6.307941 295.9018
284 1.8334647439774632 -4.0014762514580084 296.1499889355935 -3.178542 -6.314604 296.3492
285 1.6041236902770515 -3.997941290136023 296.5932311035018 -3.425572 -6.32098 296.7828
286 1.324129477623796 -4.048358944393357 296.9579534487754 -3.687333 -6.328231 297.1641
287 1.0231758040754102 -4.058037648381168 297.3427999786192 -3.968958 -6.33276 297.5634
288 0.8779759761264285 -4.094287380787934 297.8034103192424 -4.268559 -6.336992 297.9439
289 0.6507883856684469 -4.0641690526776015 298.1900034205799 -4.586321 -6.339444 298.2617
290 0.3266631714928583 -4.05185421998456 298.53955745777637 -4.922654 -6.345184 298.5997
291 0.019479713264969223 -4.060262243562531 298.854496132111 -5.270323 -6.347814 298.8694
292 -0.3710765885499927 -4.0235525545869955 299.11569998369237 -5.635576 -6.343982 299.1672
293 -0.7161547129135208 -4.033239312103948 299.42451703087005 -6.014393 -6.339964 299.4337
294 -1.0661626683738936 -4.033153345174085 299.67038629988133 -6.404391 -6.33231 299.6092
295 -1.4907854703670687 -4.01506463754457 299.81637767335513 -6.808874 -6.331276 299.805
296 -1.8903451371591824 -4.030734867660518 300.0038579502007 -7.216405 -6.326098 299.9751
297 -2.218318602380566 -4.012679644888672 300.2542847016917 -7.620091 -6.315633 300.0619
298 -2.637002784794369 -4.021522179269391 300.3229636577133 -8.027228 -6.304576 300.1811
299 -3.039979328839924 -3.9792822281817983 300.3915743364318 -8.436151 -6.292308 300.22
300 -3.45760410221106 -3.9505255847870564 300.4127225025786 -8.849753 -6.282888 300.2873
301 -3.8746610419329275 -3.933897983716054 300.47996166403567 -9.270289 -6.271213 300.3291
302 -4.296935972576928 -3.9159852429117654 300.55063971052454 -9.696194 -6.256955 300.284
303 -4.7340894245674665 -3.9071827674824897 300.4990244428601 -10.13605 -6.242546 300.2712
304 -5.163034898444574 -3.932973870656906 300.3738567762429 -10.58129 -6.224323 300.2293
305 -5.621880751499349 -3.9259979130037355 300.2745188038544 -11.03111 -6.199526 300.097
306 -6.0760241941340505 -3.950483349618922 300.16099820551796 -11.48794 -6.178297 299.9941
307 -6.52875718188717 -3.9123619007575847 299.9610221313845 -11.94318 -6.15018 299.7982
308 -6.99171361621593 -3.913371908857469 299.8026840971089 -12.40289 -6.123531 299.6328
309 -7.43244874375512 -3.893351571702761 299.5691335210826 -12.8598 -6.094784 299.4338
310 -7.897723050026643 -3.9072653182192516 299.30005745432373 -13.3109 -6.063773 299.1429
311 -8.348572506324015 -3.8986547272508747 299.02643218556267 -13.7634 -6.028358 298.8742
312 -8.818592340410117 -3.891751441948789 298.7003364426685 -14.21251 -5.989762 298.5219
313 -9.302595606712355 -3.840201128476488 298.4107847051402 -14.66311 -5.950116 298.1811
314 -9.73896958950989 -3.823940600983103 298.01087622040393 -15.11616 -5.913525 297.8016
315 -10.1849923224228 -3.8027016397535105 297.560900745028 -15.56917 -5.871992 297.3601
316 -10.62564148091039 -3.785102567166147 297.10280430803107 -16.02426 -5.830931 296.9179
317 -11.118298650704372 -3.7822684673009137 296.62776256100506 -16.47064 -5.783464 296.4013
318 -11.518309421126231 -3.8026000131483095 296.07575656582117 -16.90392 -5.737737 295.8766
319 -11.964497458336425 -3.808869760028062 295.50227002803183 -17.32241 -5.692386 295.2843
320 -12.365526992611748 -3.8136727745059327 294.89671864510893 -17.72918 -5.645499 294.6844
321 -12.793447786245517 -3.8000815508973114 294.27929472701 -18.12343 -5.596317 294.0467
322 -13.199801772734233 -3.810941202774639 293.5947256797972 -18.50534 -5.550791 293.3496
323 -13.55814500400833 -3.7788427235357354 292.87662014800213 -18.87203 -5.509383 292.6362
324 -14.041488637073579 -3.783324712612095 292.18155742076226 -19.21381 -5.47294 291.8625
325 -14.411947085872308 -3.759611634683253 291.41848311245553 -19.53852 -5.435497 291.0794
326 -14.714637211596488 -3.75413957711219 290.57747746704575 -19.84548 -5.397191 290.2408
327 -15.01780256370577 -3.73642908571079 289.733468008936 -20.12922 -5.364689 289.3905
328 -15.350280111565127 -3.724453788674641 288.8738489525428 -20.38184 -5.330467 288.5047
329 -15.636574202785011 -3.710221026158244 287.95179157890885 -20.61251 -5.29613 287.5677
330 -15.852464573687847 -3.711379835503954 287.0080779429782 -20.81155 -5.265003 286.6208
331 -16.041834831506613 -3.7189497682272874 286.0231881928396 -20.97738 -5.231887 285.6322
332 -16.285877159045818 -3.724622197329078 285.0403710689339 -21.11659 -5.198232 284.6297
333 -16.468071078569025 -3.7178840155540103 284.01358523956384 -21.22691 -5.169612 283.5931
334 -16.637609749695606 -3.6922048115155865 282.9514280674403 -21.30702 -5.143301 282.5205
335 -16.785743642996195 -3.7088343146234024 281.87084750150456 -21.35871 -5.118237 281.4312
336 -16.877726676907653 -3.6960134133396005 280.75412099988307 -21.38358 -5.092068 280.3112
337 -16.96813827135326 -3.6977146390177715 279.61956002427314 -21.37724 -5.068634 279.1733
338 -17.01115501834431 -3.6983097934407 278.45386828019434 -21.34556 -5.044246 278.0075
339 -16.99497469926746 -3.715612347028501 277.27456659039234 -21.28976 -5.02153 276.8295
340 -16.968696740488948 -3.728171262015173 276.0813320734089 -21.20924 -5.001358 275.6388
341 -16.866071410398373 -3.7258122942453533 274.8741386159366 -21.11193 -4.983245 274.4313
342 -16.791662172221066 -3.7282998212342586 273.6475305779455 -21.0019 -4.965436 273.2075
343 -16.714789508105998 -3.7493659704630478 272.40006787793703 -20.88617 -4.946924 271.963
344 -16.674260026270883 -3.763521683476126 271.1379068375098 -20.77685 -4.927465 270.705
345 -16.661307176131448 -3.7637837374677363 269.85588408536773 -20.66591 -4.906062 269.4279
346 -16.70260961775227 -3.7456084456843612 268.55983830080424 -20.55522 -4.883412 268.136
347 -16.62124422730893 -3.7465801933552507 267.252359312535 -20.44759 -4.861751 266.8306
348 -16.49622848788505 -3.742706906080526 265.9332604797454 -20.34586 -4.838516 265.5097
349 -16.373139142329183 -3.764090894128558 264.60518837133606 -20.24967 -4.817703 264.1794
350 -16.349309799667285 -3.7926010754071195 263.2710103032279 -20.15628 -4.799526 262.8481
351 -16.321776051316387 -3.8144339643940426 261.93779524288533 -20.07085 -4.780284 261.5173
352 -16.311318371507344 -3.8412710145236506 260.60859426525917 -19.99327 -4.760491 260.1902
353 -16.238935897915518 -3.8677974568810622 259.2684004362174 -19.9213 -4.738614 258.8499
354 -16.20974898139722 -3.897193650318177 257.9286559159481 -19.8553 -4.717988 257.5113
355 -16.22583656052225 -3.9301569420444187 256.58660416564175 -19.79675 -4.696286 256.1702
356 -16.224468211405302 -3.9357063385056397 255.23916695747076 -19.74591 -4.673674 254.8239
357 -16.27152405292961 -3.9332376224448375 253.8897844224143 -19.70344 -4.648388 253.4746
358 -16.297482957777206 -3.9374926047462493 252.53785291978528 -19.66817 -4.618642 252.1232
359 -16.383897436584025 -3.9523842190388065 251.18991816628076 -19.63934 -4.586765 250.7731
360 -16.428308115400846 -3.9841574494724936 249.83353498976507 -19.61368 -4.556415 249.4162
361 -16.456857954599197 -4.0049615168785495 248.48171940559314 -19.59029 -4.529158 248.0644
362 -16.541658948663528 -4.0037616919725805 247.12552204437245 -19.56928 -4.501374 246.706
363 -16.5854002206636 -4.028016469531704 245.75824198119398 -19.55134 -4.473848 245.3382
364 -16.643572503666935 -4.03624447002015 244.39073445466144 -19.538 -4.445003 243.9698
365 -16.711493134654614 -4.0762610129401455 243.01843769229444 -19.52666 -4.411335 242.5957
366 -16.757419686528877 -4.109709462447208 241.645854941571 -19.51383 -4.37826 241.2224
367 -16.838427977399455 -4.156638282497255 240.264709514381 -19.50318 -4.346093 239.8385
368 -16.916712940511204 -4.178285182830044 238.88595763076827 -19.49325 -4.316996 238.4577
369 -16.98245715262787 -4.220971561475827 237.50328650871822 -19.48099 -4.286446 237.0732
370 -17.0680347445277 -4.2533608911349665 236.11658856378648 -19.46668 -4.255713 235.6839
371 -17.10037638929124 -4.25990217712399 234.72371555865766 -19.45014 -4.223798 234.2911
372 -17.08636138983687 -4.269262089895167 233.32488555302467 -19.4304 -4.186692 232.8928
373 -17.138992706488942 -4.279144699948436 231.92470008089964 -19.4066 -4.152924 231.4922
374 -17.18320496635196 -4.272206427190754 230.52402579039776 -19.38129 -4.121142 230.0914
375 -17.220272324815276 -4.294785828449269 229.12044468377928 -19.35555 -4.091351 228.6877
376 -17.291466225042225 -4.317999243337458 227.71742443564895 -19.33238 -4.061083 227.2832
377 -17.29814953003373 -4.350466875803605 226.3050097405833 -19.30936 -4.031202 225.8709
378 -17.369091897511268 -4.37197304658016 224.88971950316335 -19.28821 -4.003413 224.4541
379 -17.370379498661972 -4.421892074905547 223.4699310151489 -19.26526 -3.975161 223.0339
380 -17.478646045216347 -4.454722064859902 222.05061815440934 -19.24098 -3.945563 221.6106
381 -17.501594885100527 -4.45427809188196 220.62595246488775 -19.2149 -3.915755 220.1863
382 -17.582876255262544 -4.491497533073756 219.19840273434033 -19.19066 -3.884537 218.7565
383 -17.61734482809816 -4.5124544131738995 217.77006461315227 -19.16474 -3.851913 217.3282
384 -17.65673864109686 -4.534968361757394 216.33344505622094 -19.14051 -3.816692 215.8915
385 -17.677745140880482 -4.549761645511299 214.89387150549433 -19.11492 -3.783819 214.4523
386 -17.680595310568602 -4.570081498779415 213.45174980487542 -19.08395 -3.744539 213.0109
387 -17.67867250308765 -4.596058622330952 212.01055953298646 -19.0532 -3.706671 211.5703
388 -17.723388131780972 -4.5884727454842595 210.56367615706702 -19.02208 -3.670204 210.1235
389 -17.805944177764317 -4.637982243497594 209.11477727249326 -18.99038 -3.634175 208.6722
390 -17.798401372279244 -4.632041899540992 207.66041422892982 -18.96021 -3.596747 207.2186
391 -17.871657832938286 -4.65187305041738 206.20114447738877 -18.92786 -3.559153 205.7582
392 -17.9035289695225 -4.665716052904418 204.73740977685048 -18.89614 -3.524788 204.2948
393 -17.882747149683986 -4.694758106574323 203.2740374468251 -18.86476 -3.487637 202.8318
394 -17.85879407868041 -4.744106886796456 201.81099558157175 -18.83712 -3.453039 201.3684
395 -17.86063297162876 -4.793205823463264 200.35185955956592 -18.80904 -3.419171 199.9091
396 -17.914584805447777 -4.811272506003534 198.88358780268524 -18.78081 -3.384783 198.4404
397 -17.940666717306364 -4.841468987910818 197.419248678003 -18.75193 -3.350644 196.9762
398 -17.995876238023154 -4.871121166338532 195.95895446543562 -18.72357 -3.313855 195.5153
399 -18.008810538690735 -4.915182990508941 194.4992586193163 -18.69718 -3.276436 194.0556
400 -18.054737807310044 -4.972817923155648 193.0449745449467 -18.67123 -3.241513 192.6001
401 -18.151065421386257 -5.026458996151838 191.59251195944609 -18.64803 -3.205048 191.1441
402 -18.2217989792167 -5.062599055783338 190.1415452537762 -18.62849 -3.170622 189.6915
403 -18.31799773191327 -5.084180603297905 188.69582859426248 -18.61037 -3.138275 188.2429
404 -18.350789927584984 -5.125597060184241 187.24797813797014 -18.59411 -3.107703 186.7945
405 -18.400856369394425 -5.180934534636506 185.80745462468693 -18.57686 -3.075839 185.3525
406 -18.458393348135548 -5.210625062502389 184.36446767036566 -18.56047 -3.044236 183.9085
407 -18.51888426725733 -5.234331292994928 182.92568060298404 -18.546 -3.011131 182.4687
408 -18.546762204673495 -5.27625415755523 181.48900832493018 -18.5334 -2.977267 181.0316
409 -18.57365977604369 -5.307555997570819 180.0585365439268 -18.52315 -2.942176 179.601
410 -18.633084017623894 -5.336951536640487 178.63395378091707 -18.51524 -2.908289 178.1753
411 -18.730637522504367 -5.363631992288973 177.21251633544824 -18.51072 -2.873542 176.7507
412 -18.787627845618857 -5.394267592957473 175.8001670209145 -18.51025 -2.838653 175.3373
413 -18.901850855986062 -5.428271579233773 174.39707002622026 -18.51326 -2.803213 173.9296
414 -18.977365922725586 -5.465596947582271 173.0071041757786 -18.51829 -2.769552 172.5375
415 -19.04671972249684 -5.506416423541795 171.62771718621818 -18.52671 -2.736025 171.1562
416 -19.114232098333808 -5.55760696315092 170.26556982459226 -18.5371 -2.701364 169.7919
417 -19.224512333958963 -5.588000855967795 168.92512261846818 -18.55169 -2.66695 168.4471
418 -19.328450845969297 -5.604838901616656 167.60820044500127 -18.5681 -2.633527 167.1265
419 -19.45770581294873 -5.652579626841448 166.3102056089691 -18.58704 -2.599237 165.8218
420 -19.519909615535212 -5.690199864804374 165.02890635651502 -18.60503 -2.565877 164.539
421 -19.641148897435198 -5.745714529341011 163.7756014940934 -18.62542 -2.533595 163.2792
422 -19.74337708534863 -5.76162440143323 162.54731955184766 -18.64444 -2.502804 162.0471
423 -19.825565535685435 -5.818433564468862 161.34097456602046 -18.66211 -2.473852 160.8371
424 -19.899940839698075 -5.853869991924659 160.1594839447635 -18.68207 -2.447586 159.6532
425 -20.04459124752759 -5.911913313939405 159.0092735300805 -18.70043 -2.422217 158.4929
426 -20.149104886494488 -5.941126577298255 157.88097313456794 -18.71715 -2.396857 157.3598
427 -20.224341443219288 -5.979029144739519 156.77424934721424 -18.73344 -2.370798 156.2503
428 -20.231045226854697 -6.028938921924074 155.69365766001164 -18.74892 -2.347373 155.1689
429 -20.340797129808422 -6.079922608738964 154.6486655975285 -18.76231 -2.322647 154.1173
430 -20.446879322623982 -6.12306130888866 153.6254269365032 -18.7779 -2.297427 153.0881
431 -20.569508675231937 -6.164884619169157 152.63267777893512 -18.79239 -2.274461 152.0873
432 -20.616640413421155 -6.185810008248979 151.65751635373255 -18.80437 -2.252345 151.1111
433 -20.696052906141798 -6.2207531756604535 150.71215486246263 -18.81642 -2.23022 150.1621
434 -20.750967064894034 -6.271429822604176 149.79249756012274 -18.82738 -2.209938 149.2397
435 -20.874944485808612 -6.337190093769535 148.90276546647624 -18.83766 -2.187753 148.3393
436 -20.91667946612444 -6.384631314688693 148.02658538185906 -18.84754 -2.164801 147.4612
437 -20.90859569337194 -6.417110251795232 147.16465861252914 -18.85476 -2.144196 146.5989
438 -20.95079314631875 -6.464904962765421 146.3216749823838 -18.86279 -2.123511 145.7538
439 -20.982495627263205 -6.488170626304298 145.49072451077248 -18.87376 -2.100874 144.9223
440 -21.043088299678544 -6.509388818304309 144.67428927796658 -18.88239 -2.078341 144.1037
441 -21.084845329888378 -6.5361948020291445 143.8742937522881 -18.88627 -2.059412 143.3024
442 -21.143710858466104 -6.571789727915791 143.0945103665986 -18.89195 -2.042113 142.5198
443 -21.231240573920136 -6.602502698210852 142.3322391631564 -18.90126 -2.02299 141.7522
444 -21.3323756104708 -6.581437099199136 141.57975036743838 -18.90872 -2.005121 140.9929
445 -21.38632152288659 -6.623735150945507 140.83200648315974 -18.91348 -1.989403 140.2422
446 -21.538164052502953 -6.58438479693862 140.10578122057228 -18.91945 -1.974562 139.4994
447 -21.573190678307824 -6.598772511536714 139.37258786521684 -18.92677 -1.960534 138.7654
448 -21.55559577352069 -6.6508825462401875 138.6530577235211 -18.93511 -1.944374 138.044
449 -21.64238815657133 -6.66932878817258 137.9441449291952 -18.94438 -1.928158 137.3298
450 -21.689087079151527 -6.693526935677858 137.23750297050879 -18.95464 -1.914991 136.6214
451 -21.713742584479053 -6.72652555017616 136.53417552333056 -18.96431 -1.905325 135.917
452 -21.797270654858504 -6.781748190969831 135.84032834844012 -18.97372 -1.895274 135.2161
453 -21.84884039698815 -6.785607611443927 135.14288349757425 -18.97911 -1.881347 134.5169
454 -21.870837031166666 -6.813696404225841 134.4464559764826 -18.98311 -1.86792 133.8197
455 -21.934958115171753 -6.803367493836394 133.75342572658207 -18.99097 -1.854861 133.1238
456 -21.99234261663236 -6.826609800301534 133.0606864409462 -19.00389 -1.83902 132.4286
457 -21.994853331900604 -6.870379114661574 132.37359830836763 -19.0082 -1.829069 131.7402
458 -22.048800445727018 -6.910151542268894 131.69658500090537 -19.00738 -1.823556 131.0599
459 -22.00116018776422 -6.919661319220101 131.01572805497284 -19.01169 -1.813487 130.3774
460 -21.933784780271523 -6.928389867223953 130.3340107353198 -19.02656 -1.799997 129.6926
461 -21.88244289183239 -6.957947362366058 129.63905796551927 -19.02976 -1.790406 128.9952
462 -21.88812918888946 -6.946644437523552 128.9306346632375 -19.02968 -1.783236 128.2867
463 -21.845246751541403 -6.9271878146416075 128.20929859758286 -19.03291 -1.773597 127.5639
464 -21.872599126189794 -6.929808308493866 127.47751708748775 -19.03689 -1.762349 126.8317
465 -21.818589958569806 -6.9414428925810885 126.73819160685348 -19.04093 -1.751742 126.0904
466 -21.767543102979477 -6.969899296108369 125.98856431960893 -19.0431 -1.739549 125.3386
467 -21.803527917194824 -6.988712542053833 125.22623648168165 -19.0406 -1.721883 124.5754
468 -21.857233394251054 -6.931244664716502 124.44738732955429 -19.03398 -1.704964 123.7928
469 -21.88073146486131 -6.927005378716336 123.6458473957813 -19.02609 -1.689113 122.9911
470 -21.88725665939156 -6.942896977372156 122.82709405541956 -19.01737 -1.671608 122.1724
471 -21.946367932873564 -6.982367515545244 121.99462394226916 -19.00788 -1.651373 121.3372
472 -21.89496627775674 -7.005038515019685 121.14783764654038 -18.99551 -1.630463 120.4889
473 -21.96383785155708 -7.018962100845717 120.28364755194082 -18.9811 -1.606831 119.6223
474 -21.960622383992458 -7.029205133064467 119.40131480989658 -18.96236 -1.583863 118.7404
475 -21.975195998044622 -7.050130001629791 118.50176299951656 -18.94089 -1.56236 117.841
476 -22.040375115400966 -7.03562062691409 117.58336386764088 -18.91249 -1.539442 116.9209
477 -22.083094519702335 -7.025977404758197 116.64704737931731 -18.88164 -1.51858 115.9843
478 -22.17754048017475 -7.015895637589842 115.69412060641123 -18.84566 -1.49574 115.0276
479 -22.188993916843238 -7.032018104592276 114.72299363755121 -18.80738 -1.472691 114.0573
480 -22.2483350775488 -7.043812074259689 113.738363863026 -18.76261 -1.449607 113.0721
481 -22.254564628568804 -7.055326387437054 112.73523637126328 -18.71096 -1.425819 112.0705
482 -22.273822349045272 -7.0690439555475395 111.7132987341116 -18.65467 -1.402779 111.0501
483 -22.310875256034016 -7.05736221233565 110.67227455155906 -18.59273 -1.382089 110.0104
484 -22.324729209374603 -7.076984350560893 109.6146014522182 -18.52665 -1.362588 108.9547
485 -22.352557858837734 -7.103152151605471 108.54293811561404 -18.45845 -1.343346 107.8847
486 -22.31144446121414 -7.115685670454336 107.45328189777416 -18.38974 -1.32609 106.7965
487 -22.353806003894043 -7.102266504970383 106.34844979612953 -18.32377 -1.307555 105.6929
488 -22.275052277236583 -7.114244917654486 105.21840370002411 -18.25676 -1.288139 104.5622
489 -22.30250809393892 -7.1027700721945095 104.06543293136782 -18.18725 -1.269054 103.4111
490 -22.27256167404835 -7.096867301272613 102.89878419161785 -18.11737 -1.244731 102.2464
491 -22.211951678801643 -7.099898844629822 101.72546265122662 -18.04504 -1.219976 101.074
492 -22.320111330688043 -7.084062428576916 100.53570128637256 -17.972 -1.195663 99.88171
493 -22.308316069106503 -7.093061251017051 99.32333038605867 -17.89756 -1.172886 98.67175
494 -22.368874876529386 -7.076180589587086 98.09865442630066 -17.82503 -1.151222 97.4478
495 -22.380382102647445 -7.0439637092931875 96.85758667581312 -17.75374 -1.126795 96.20855
496 -22.397774433516187 -7.0366259634698185 95.59977080768569 -17.68421 -1.102525 94.95275
497 -22.504003978005084 -7.063176939964376 94.32696338772232 -17.6127 -1.077492 93.67749
498 -22.52030483657324 -7.067513410709681 93.04066517322016 -17.54366 -1.049972 92.39323
499 -22.53243620896496 -7.044755929356947 91.73597673196595 -17.4771 -1.022258 91.09028
500 -22.551548650464913 -7.050299355373013 90.41870114526677 -17.40999 -0.9990056 89.77477
501 -22.630382272333026 -7.060284697211121 89.09890690197139 -17.35065 -0.9753403 88.45413
502 -22.707192582904902 -7.061495375768092 87.75538468692659 -17.29334 -0.9584784 87.10974
503 -22.76024559117353 -7.02629820134797 86.38350946097536 -17.23975 -0.9440549 85.73751
504 -22.804559015804475 -7.036532540299149 84.99732397968356 -17.18834 -0.9218292 84.35171
505 -22.8653769242561 -7.02475650415236 83.60222161415598 -17.13847 -0.8925921 82.95643
506 -22.913215349316605 -7.036598991380649 82.19873881868949 -17.09087 -0.8621183 81.55322
507 -22.973487339109784 -7.020611334159851 80.77240996768754 -17.04828 -0.8330614 80.12646
508 -22.99691592773639 -7.010433468154919 79.32919912516745 -17.00912 -0.8053784 78.68382
509 -23.074289641382187 -7.017337960733976 77.87452515194524 -16.97362 -0.7771295 77.22778
510 -23.185398769630535 -7.028185325902313 76.40780645559911 -16.9389 -0.7478602 75.75752
511 -23.263456408789704 -7.041403813128749 74.93609568977413 -16.90538 -0.7187593 74.28435
512 -23.38918965812426 -7.053281918614959 73.46521860592671 -16.87364 -0.688618 72.80871
513 -23.547579886859374 -7.083300208552307 71.9992859284716 -16.84487 -0.6588975 71.33452
514 -23.59966953232026 -7.106910005527553 70.52720296374297 -16.82112 -0.6266962 69.86187
515 -23.666308130524364 -7.144294191411198 69.0607855946848 -16.79851 -0.5936207 68.39401
516 -23.770519722985377 -7.158184383494703 67.59468806320749 -16.77917 -0.561778 66.92462
517 -23.87015727140514 -7.19324984089208 66.13033708531151 -16.76019 -0.5300473 65.45693
518 -23.93083629566782 -7.212191930878186 64.66154788266279 -16.74127 -0.4983233 63.98723
519 -24.00152899052954 -7.241408931258852 63.19839977113931 -16.72374 -0.4662392 62.52254
520 -24.05400950469933 -7.283948163213428 61.73625791301235 -16.70738 -0.4342216 61.05928
521 -24.198596334503193 -7.313894508084072 60.2724986856337 -16.69261 -0.4028967 59.5885
522 -24.36274113570665 -7.344218537157889 58.8115784208434 -16.67728 -0.3696661 58.11853
523 -24.54110315804255 -7.380430668935818 57.354792907893895 -16.66067 -0.331875 56.651
524 -24.64403335648417 -7.416736128282728 55.89578974562668 -16.64289 -0.2928006 55.18855
525 -24.747375943867713 -7.447949710958977 54.445822481403155 -16.62286 -0.2553499 53.73519
526 -24.780936989528744 -7.482072936210924 52.987952696312654 -16.60088 -0.2238776 52.27704
527 -24.857672366904296 -7.500204992622588 51.533320259896726 -16.57777 -0.1950878 50.82074
528 -24.86684561649956 -7.513354633563079 50.07903576095651 -16.55446 -0.1667537 49.36683
529 -24.905285393020428 -7.53739918851365 48.62378912796632 -16.53154 -0.1361189 47.91138
530 -25.013994017821243 -7.568687380369946 47.17730469294736 -16.5059 -0.1018661 46.46111
531 -25.18397573224549 -7.604835243386288 45.7397929678541 -16.47825 -0.06682977 45.01382
532 -25.25169623171382 -7.65252392087542 44.30346752100552 -16.45171 -0.03390796 43.57573
533 -25.38029444485899 -7.699733122791202 42.87068519115879 -16.42535 -0.004286154 42.13696
534 -25.48887103131493 -7.709943706234658 41.43530743368023 -16.40183 0.02267275 40.69789
535 -25.62057027137254 -7.73936671225878 40.005086934165085 -16.38003 0.0513988 39.26177
536 -25.651072374894984 -7.799250371834888 38.56923413436643 -16.35679 0.08060552 37.82483
537 -25.70861562126787 -7.815868687368062 37.1419516945554 -16.33245 0.1118254 36.39684
538 -25.832065561777153 -7.8356046752045225 35.72010391471807 -16.30758 0.1414094 34.97003
539 -25.941589439380618 -7.844272521082064 34.2982388221875 -16.28474 0.1706823 33.54441
540 -26.078230025195012 -7.889576808989458 32.88540227568734 -16.264 0.1998713 32.12471
541 -26.16375624306559 -7.922568297240654 31.47109748363721 -16.24608 0.2279988 30.70783
542 -26.313265524466267 -7.945144298598309 30.055667281057588 -16.22987 0.257281 29.28474
543 -26.457750734047035 -7.965171686720461 28.645657827206623 -16.21276 0.2860073 27.8676
544 -26.56432980655174 -7.984469576277656 27.239167113191595 -16.19488 0.3156601 26.45737
545 -26.655144179498976 -8.02202615425506 25.834941773999528 -16.17482 0.3455316 25.05017
546 -26.73294124823477 -8.055802920694818 24.43297910578258 -16.15363 0.3743586 23.6461
547 -26.813671338161434 -8.07703414994903 23.037309189926475 -16.13407 0.4041376 22.24839
548 -26.911263798324025 -8.123713742786464 21.649318180724766 -16.11623 0.4323654 20.85659
549 -27.001931350888317 -8.156715713835077 20.268246673982024 -16.10044 0.4615578 19.47255
550 -27.065135500001343 -8.181898310824039 18.885380151350184 -16.08658 0.4926781 18.08843
551 -27.154491611967128 -8.196716339834493 17.507926192741245 -16.07258 0.5236603 16.70842
552 -27.24921912510466 -8.249341556499475 16.136352314798557 -16.0573 0.5539333 15.33299
553 -27.343794887398566 -8.289878491801113 14.769132214039677 -16.04039 0.5822458 13.9623
554 -27.405475269441645 -8.31308138949275 13.403079449611546 -16.01956 0.6052059 12.59501
555 -27.457873694166036 -8.324747019734986 12.030312010078319 -15.99987 0.6277813 11.22152
556 -27.609783218377096 -8.349822940789764 10.670113235805488 -15.98184 0.653636 9.852998
557 -27.66043975824001 -8.379682617612062 9.305389851665046 -15.96753 0.6821976 8.487382
558 -27.765850330672933 -8.392506856841528 7.9445656074605875 -15.95764 0.7126679 7.122797
559 -27.89395978940497 -8.413742881870807 6.591381475406751 -15.94956 0.7443265 5.763789
560 -27.977382407587545 -8.448492878905082 5.230431182894303 -15.93877 0.7787213 4.400318
561 -28.104185304897673 -8.48791252176177 3.875038076290626 -15.9259 0.8125999 3.038918
562 -28.185372634965308 -8.495542922266619 2.5141783451218847 -15.90918 0.8446651 1.676097
563 -28.232919316636124 -8.527233697781497 1.1477338575168252 -15.88963 0.8754178 0.3089439
564 -28.28639635297214 -8.542143757885361 -0.2236906688502731 -15.87121 0.9045038 -1.063172
565 -28.416126905653783 -8.550394000195853 -1.5912866340405514 -15.85397 0.9332548 -2.436523
566 -28.489070413377505 -8.595538033395368 -2.9660346029951787 -15.83843 0.9601236 -3.813595
567 -28.619160885138466 -8.594523429170517 -4.338963625315955 -15.8232 0.9870965 -5.192326
568 -28.73501968692067 -8.600800504976512 -5.718580960912011 -15.80825 1.014088 -6.57647
569 -28.857820742436797 -8.617594651838042 -7.102991403416441 -15.79123 1.041956 -7.966034
570 -28.971801725952158 -8.634434009249908 -8.489723488833384 -15.7739 1.070725 -9.357139
571 -28.95994707742227 -8.686054999366695 -9.88723648808369 -15.75586 1.10059 -10.75522
572 -29.068298543191016 -8.729886449648983 -11.277452704394273 -15.73852 1.129671 -12.14993
573 -29.163065576802964 -8.765174103949676 -12.671741530568871 -15.72233 1.159922 -13.54746
574 -29.30716346714058 -8.788856935526027 -14.068089388371064 -15.70577 1.188722 -14.95103
575 -29.444624970132146 -8.812927035925137 -15.46958416600781 -15.6909 1.214563 -16.35914
576 -29.534335238793908 -8.852381294284704 -16.871671845746466 -15.67519 1.238904 -17.76435
577 -29.682770611524 -8.889556956598396 -18.27272258391765 -15.65947 1.258378 -19.17351
578 -29.80342973767628 -8.905945645454677 -19.6783406191782 -15.64353 1.279114 -20.58415
579 -29.916994793973597 -8.922586788432927 -21.093668380551005 -15.62986 1.298206 -22.00393
580 -30.096709491739873 -8.938147692979395 -22.502850021092943 -15.61782 1.320134 -23.42439
581 -30.19350554789533 -8.946375944414388 -23.92039996316626 -15.60601 1.342475 -24.84504
582 -30.289515700233522 -8.957055022693716 -25.34013565085045 -15.59027 1.362532 -26.26783
583 -30.351739903092234 -8.963466334852926 -26.759137727752027 -15.57331 1.381668 -27.68798
584 -30.455237779210822 -8.97529265132933 -28.18297726729907 -15.55401 1.401278 -29.11536
585 -30.576360119748266 -8.985278140474401 -29.610565007644745 -15.53676 1.423844 -30.54783
586 -30.698112712426063 -9.009387773966186 -31.030745523795108 -15.5214 1.450596 -31.97309
587 -30.845964681944807 -9.034548607773097 -32.44612797791575 -15.50772 1.474487 -33.39613
588 -30.96549483195378 -9.055591514723295 -33.86505675575835 -15.49326 1.496909 -34.81999
589 -31.111532966079526 -9.071565829401298 -35.28223098831681 -15.47662 1.519635 -36.24448
590 -31.290602224597333 -9.097592056619503 -36.69204105376345 -15.46088 1.542757 -37.66558
591 -31.353005210393597 -9.128926976636222 -38.107213556010166 -15.4441 1.566849 -39.08217
592 -31.44812846530518 -9.190006288092153 -39.51989950857821 -15.42668 1.593713 -40.49901
593 -31.586965452014642 -9.233670486032361 -40.92763901694923 -15.40927 1.621146 -41.91388
594 -31.664790070769726 -9.274630375165062 -42.33394576709546 -15.39245 1.647343 -43.32259
595 -31.780209653135977 -9.312491823507841 -43.7310267811028 -15.37523 1.670185 -44.72465
596 -31.84343273546904 -9.340095352606001 -45.13534822801822 -15.35699 1.68978 -46.13041
597 -31.963687099304884 -9.356746038029799 -46.53792332667867 -15.33783 1.710257 -47.53795
598 -32.067481257443745 -9.410333320823359 -47.939441037611736 -15.3171 1.733637 -48.94398
599 -32.17386808777408 -9.447476767902439 -49.3378779727119 -15.29715 1.757778 -50.3466
600 -32.27198840464018 -9.485976457228636 -50.736188301445786 -15.27696 1.78328 -51.7485
601 -32.34202569563263 -9.522589213599515 -52.13855849373824 -15.25676 1.808697 -53.15272
602 -32.45303100297829 -9.554984260351628 -53.529341779547714 -15.23749 1.833987 -54.54794
603 -32.537205663713564 -9.551811836255622 -54.92874323132646 -15.21771 1.859642 -55.9495
604 -32.65060660665544 -9.579225279118745 -56.326817477899674 -15.19945 1.883021 -57.35212
605 -32.73587426439585 -9.614121991351617 -57.72334269153092 -15.1841 1.905888 -58.75141
606 -32.845342468649136 -9.61248079623185 -59.11857582483163 -15.17008 1.927806 -60.15069
607 -32.99300828202645 -9.608361939801002 -60.50964918783062 -15.15697 1.949198 -61.54936
608 -33.08302341334047 -9.635675778632468 -61.908846065844145 -15.14226 1.969588 -62.95149
609 -33.19956473631113 -9.668804068340082 -63.303082359628405 -15.12801 1.98995 -64.35076
610 -33.28434949411304 -9.668268005929644 -64.70071729668513 -15.11338 2.0103 -65.75074
611 -33.387689173479615 -9.697073575782447 -66.09259393914124 -15.10121 2.031551 -67.14653
612 -33.48779517380351 -9.731686858551331 -67.48100059313391 -15.09141 2.052437 -68.53878
613 -33.59803147269574 -9.755421906130424 -68.87243059968543 -15.08303 2.071234 -69.93462
614 -33.70054957100948 -9.78688250754407 -70.25704376499654 -15.07453 2.08736 -71.32326
615 -33.78093352270063 -9.81826410132881 -71.639606779359 -15.06438 2.102811 -72.70839
616 -33.89806228312404 -9.843245610869122 -73.0214200255912 -15.05383 2.117081 -74.09527
617 -34.021402899190704 -9.866193725356679 -74.39678854727322 -15.04316 2.130723 -75.47624
618 -34.16060222548915 -9.875540607566498 -75.77004577689628 -15.03084 2.146554 -76.85642
619 -34.22452272140692 -9.912524213924714 -77.13827071494498 -15.01678 2.16346 -78.22646
620 -34.34208766622059 -9.934221879817033 -78.50004556763348 -14.99833 2.179823 -79.59325
621 -34.447591428122834 -9.938442210828589 -79.85647275258357 -14.9793 2.191194 -80.9536
622 -34.57160597273342 -9.965690119927862 -81.21440679986229 -14.95957 2.200916 -82.31728
623 -34.721952316572725 -9.967934364093187 -82.5695295258496 -14.94128 2.214391 -83.68053
624 -34.769386283749505 -9.970747813022665 -83.92333888971402 -14.92467 2.232509 -85.03495
625 -34.87945096456238 -9.993568318612384 -85.26793436549036 -14.90817 2.250863 -86.38401
626 -35.039850235076045 -10.035788011197008 -86.60058900506385 -14.89187 2.268643 -87.72673
627 -35.161129485383924 -10.083856734551851 -87.93810093232425 -14.87398 2.282365 -89.0704
628 -35.307745357059304 -10.124393103176839 -89.26722778389845 -14.85657 2.296993 -90.40801
629 -35.385224487018796 -10.133283578375199 -90.59824347037717 -14.83919 2.311152 -91.74112
630 -35.533855940973964 -10.156830579978365 -91.92551636813998 -14.82426 2.326927 -93.07672
631 -35.63250209365449 -10.192172427306636 -93.24518179540318 -14.81076 2.341502 -94.40039
632 -35.73830173692057 -10.221297620927825 -94.56476016499148 -14.79798 2.357904 -95.72436
633 -35.81544963710446 -10.251881347481957 -95.88344716109339 -14.78703 2.374193 -97.04551
634 -35.871616807091144 -10.299485223704561 -97.19942784897042 -14.77603 2.389834 -98.36341
635 -35.964909887779115 -10.335110875292786 -98.50896994994527 -14.76703 2.407843 -99.6766
636 -36.04955242380505 -10.376045167614713 -99.81295082552137 -14.75854 2.426874 -100.9838
637 -36.20760401905509 -10.39971226093846 -101.10977565009156 -14.75176 2.444391 -102.2903
638 -36.30610623192036 -10.418559368257826 -102.40835955245996 -14.7441 2.462669 -103.5926
639 -36.377984378229186 -10.442576403026756 -103.7056761683098 -14.7396 2.480363 -104.892
640 -36.49855494577253 -10.461163008456943 -104.99384788119045 -14.73425 2.498308 -106.1858
641 -36.650076893324496 -10.474259135095261 -106.27194349649399 -14.73066 2.514949 -107.4728
642 -36.73493830332168 -10.497226620378688 -107.55914271647084 -14.72824 2.530663 -108.7629
643 -36.889108308668845 -10.533574042775156 -108.83243766877584 -14.72729 2.547386 -110.0459
644 -36.90994418754104 -10.528879970720856 -110.11556467724193 -14.72555 2.56369 -111.3291
645 -36.98933351183682 -10.546449997154365 -111.38940602502744 -14.72479 2.582153 -112.6054
646 -37.11760578808616 -10.577388364594364 -112.65437739348087 -14.72153 2.600374 -113.8771
647 -37.24286633223092 -10.592961597995856 -113.91880609937219 -14.7196 2.617244 -115.1477
648 -37.33584528502703 -10.62309172132333 -115.1785352225448 -14.7178 2.634202 -116.4111
649 -37.39701177020921 -10.668016722729964 -116.43435664678793 -14.71582 2.650909 -117.6691
650 -37.49930922265246 -10.706358309280997 -117.68440912321456 -14.71284 2.667793 -118.9238
651 -37.666293574318416 -10.720127395479214 -118.92285774191457 -14.70983 2.685657 -120.1734
652 -37.76700881932187 -10.745940784724684 -120.15933547959348 -14.70566 2.703911 -121.4141
653 -37.841945674181765 -10.774973597148312 -121.38761662122454 -14.70294 2.719941 -122.6449
654 -37.95169888358289 -10.792485473637273 -122.60485992968508 -14.70054 2.735913 -123.8671
655 -38.06179595940953 -10.831326798113976 -123.8137368408747 -14.69881 2.751503 -125.0815
656 -38.12900945430599 -10.852671421879249 -125.01738296746012 -14.6983 2.767801 -126.2871
657 -38.1720729147157 -10.875834676321416 -126.21460572903008 -14.69852 2.784821 -127.4852
658 -38.311900449206824 -10.92550601136653 -127.39059970526846 -14.70118 2.801395 -128.6704
659 -38.41739584385045 -10.963448203543095 -128.56026035234427 -14.70614 2.817529 -129.8453
660 -38.57078794966526 -10.986102786061153 -129.71360575217628 -14.71233 2.833172 -131.0089
661 -38.67986792051255 -10.992485976877365 -130.86174156779043 -14.71896 2.848691 -132.1621
662 -38.795191207492216 -11.01135359132129 -131.99334228530054 -14.72488 2.863999 -133.2996
663 -38.883799279424025 -11.036468892724196 -133.10749258514699 -14.73334 2.880267 -134.4174
664 -38.98279786121073 -11.072090750410934 -134.1991799429538 -14.74314 2.895211 -135.514
665 -39.07242483321157 -11.094885591121306 -135.27556794253942 -14.74619 2.913166 -136.5942
666 -39.163385953176025 -11.128318638103515 -136.3312643569282 -14.75233 2.928943 -137.6542
667 -39.28357748414925 -11.166044124508275 -137.35642457610462 -14.75847 2.946711 -138.6869
668 -39.38106244038758 -11.201522430999697 -138.36005768804577 -14.76466 2.964758 -139.6957
669 -39.454898211228034 -11.240006015613806 -139.33726862904095 -14.77357 2.979529 -140.6763
670 -39.54717753585788 -11.276674308893087 -140.28705761773415 -14.78487 2.993256 -141.6311
671 -39.61869946531793 -11.300918889437797 -141.2092547681876 -14.79743 3.006784 -142.5562
672 -39.68953510063416 -11.331487028884464 -142.1020930160585 -14.80845 3.020005 -143.4522
673 -39.794744277287336 -11.34720250776669 -142.96460541384792 -14.81802 3.032842 -144.3211
674 -39.88849012267739 -11.38384695330186 -143.79251046136758 -14.8233 3.044707 -145.155
675 -39.95550768521171 -11.414917599076698 -144.5975152205455 -14.81877 3.055661 -145.9633
676 -39.99313795489406 -11.44434513158204 -145.37760465620224 -14.79757 3.065594 -146.7445
677 -40.03635445888089 -11.474798322377442 -146.13170509824863 -14.75456 3.071965 -147.4992
678 -40.057132126627955 -11.492165639214234 -146.8595695833761 -14.68816 3.079106 -148.2245
679 -40.0249671062439 -11.51785559011085 -147.56551128547025 -14.59929 3.086043 -148.926
680 -40.027909878393686 -11.507968981997792 -148.24268770660515 -14.49202 3.08883 -149.5947
681 -39.9563408225157 -11.526899262683306 -148.88154345725542 -14.3642 3.087775 -150.225
682 -39.81715199175176 -11.572821212250028 -149.49114781941464 -14.21312 3.08933 -150.8335
683 -39.77766250556742 -11.573563173512996 -150.09875221890366 -14.03648 3.090778 -151.4162
684 -39.59069645001776 -11.569141525555564 -150.63879369425766 -13.83342 3.086577 -151.9504
685 -39.441661197090426 -11.598373100366375 -151.19088483755553 -13.60854 3.07671 -152.4769
686 -39.24261915539197 -11.61618719113701 -151.68676540100455 -13.36041 3.06086 -152.9502
687 -38.96480484434915 -11.634441283487583 -152.1605207461905 -13.08243 3.04676 -153.424
688 -38.678883283690624 -11.641652420634323 -152.62347228217203 -12.77723 3.032264 -153.8743
689 -38.3478941687224 -11.703433398041396 -153.01161169455395 -12.44653 3.015235 -154.2672
690 -38.013899795943374 -11.699427884941512 -153.4276184409665 -12.0933 2.992923 -154.6664
691 -37.673725880125936 -11.71178770328254 -153.82871742053766 -11.71655 2.969218 -155.0328
692 -37.34519615972252 -11.75107970285165 -154.20108237422892 -11.31815 2.947184 -155.331
693 -37.028990041249514 -11.795349789665215 -154.6034512863963 -10.90107 2.926439 -155.6301
694 -36.599034616159784 -11.81602554326363 -154.83993169451725 -10.46589 2.901563 -155.8564
695 -36.173191920590796 -11.860670161477728 -155.0989593924475 -10.02043 2.872763 -156.0826
696 -35.729879013506775 -11.856064896379683 -155.3176753669992 -9.567123 2.844586 -156.2778
697 -35.29114953092412 -11.824195911481633 -155.50769219713624 -9.106293 2.815747 -156.4059
698 -34.82515738634101 -11.845270942180338 -155.6359279874324 -8.642035 2.787238 -156.5389
699 -34.34775153760165 -11.846459325710194 -155.6039185096636 -8.174402 2.7555 -156.6351
700 -33.876275375586154 -11.875570312480413 -155.6697893846342 -7.699412 2.722687 -156.6631
701 -33.39867723578459 -11.921664439023212 -155.67095076671757 -7.221458 2.690343 -156.6903
702 -32.90975446049436 -11.937106544590298 -155.65211515992743 -6.734167 2.665011 -156.651
703 -32.4200829515124 -11.976914463629805 -155.6900343108023 -6.24316 2.64127 -156.6171
704 -31.92821846826431 -11.973403939972862 -155.6125086291688 -5.751237 2.615199 -156.5444
705 -31.437927514288948 -12.021006802980727 -155.47107769214514 -5.261917 2.593307 -156.3936
706 -30.95974003736186 -12.081083124885149 -155.31645190341138 -4.779011 2.569364 -156.2439
707 -30.440811155207626 -12.115071553152136 -155.26862603741725 -4.305429 2.552946 -156.0244
708 -29.967671661467136 -12.163829243438899 -155.0712325542576 -3.838336 2.542408 -155.8078
709 -29.503225334182105 -12.226758773216718 -154.82810265884697 -3.375344 2.534833 -155.5541
710 -29.0170342712027 -12.28850341828461 -154.55244508285568 -2.922418 2.530704 -155.2209
711 -28.556401134196243 -12.350942369648905 -154.25527532038126 -2.480572 2.522617 -154.8906
712 -28.05757590838183 -12.35912244033598 -153.94663385360184 -2.057963 2.510377 -154.4839
713 -27.641013508280018 -12.417121309137782 -153.55927524334626 -1.653879 2.499815 -154.0795
714 -27.188702710881298 -12.415468040520036 -153.1890634820428 -1.268487 2.493093 -153.6401
715 -26.707174488385686 -12.40636862694359 -152.79627814816916 -0.8983582 2.487045 -153.1409
716 -26.265976228915918 -12.44818823270702 -152.3688003458731 -0.5510777 2.478814 -152.6325
717 -25.913056684956825 -12.490100448655816 -151.8151912332637 -0.2261366 2.467171 -152.0606
718 -25.62186638520449 -12.52480972652876 -151.24052811882143 0.06230717 2.456904 -151.4836
719 -25.200817939903605 -12.533258928083068 -150.73489367334 0.323482 2.446327 -150.8797
720 -24.87754958931259 -12.566169005544955 -150.11306372303912 0.5523554 2.433161 -150.2166
721 -24.67996365902146 -12.575051055145613 -149.44656347053896 0.7484821 2.422189 -149.5497
722 -24.441593416661807 -12.610853360636542 -148.7569361738105 0.9129124 2.410623 -148.838
723 -24.29213679204181 -12.64782341393281 -148.03511789284278 1.04825 2.40293 -148.1125
724 -24.150325501120225 -12.675490617532265 -147.27588391107025 1.163229 2.393425 -147.3483
725 -24.013429134275707 -12.727990886423608 -146.50147242622185 1.265054 2.383452 -146.5668
726 -23.878137201167988 -12.76022960309303 -145.70270262008964 1.348496 2.371923 -145.7604
727 -23.765360254729075 -12.803249859144817 -144.8755732937439 1.40767 2.359471 -144.9267
728 -23.679569385703825 -12.825897840760746 -144.02639709827173 1.44478 2.346915 -144.0738
729 -23.569028826531436 -12.851939563050895 -143.1573714661854 1.463451 2.332663 -143.1977
730 -23.481292356637187 -12.92223113768196 -142.2698518178134 1.469675 2.319985 -142.3032
731 -23.39287787472753 -12.977861281603026 -141.35921506944115 1.468738 2.305914 -141.3867
732 -23.3345074325088 -13.036262210993705 -140.4269415541043 1.471319 2.290968 -140.4509
733 -23.258615713667645 -13.082059304341774 -139.47227065056938 1.479967 2.274698 -139.4923
734 -23.179877670466105 -13.133294964894377 -138.49974388360584 1.489345 2.260154 -138.5154
735 -23.13196523713234 -13.19239607514302 -137.50520924016882 1.499366 2.246738 -137.5181
736 -23.091991810450413 -13.25777142734485 -136.49441501833098 1.504842 2.234017 -136.5045
737 -23.003147988787827 -13.311389821998093 -135.468556844512 1.505414 2.220167 -135.4735
738 -22.913455245010525 -13.375057729139296 -134.42262441632937 1.504501 2.205688 -134.4219
739 -22.852961265256415 -13.451219233130017 -133.35684061859956 1.503329 2.190202 -133.3518
740 -22.816742639197926 -13.524049707472464 -132.272795615022 1.501627 2.17614 -132.2648
741 -22.74850545813663 -13.56028266142621 -131.17087314507296 1.49856 2.159629 -131.1603
742 -22.651894231638636 -13.633301340064692 -130.05600737471292 1.49165 2.144473 -130.039
743 -22.583317198993104 -13.728187747154081 -128.92248246446914 1.48238 2.128143 -128.8996
744 -22.548301023195524 -13.800195142699682 -127.76956858336777 1.470024 2.111152 -127.7441
745 -22.49230246648352 -13.87441836055709 -126.6053714058162 1.458443 2.092643 -126.5764
746 -22.415663467388537 -13.94705012950133 -125.42177329271287 1.447721 2.073753 -125.3883
747 -22.397016256402342 -14.023880255171907 -124.22085453087223 1.436723 2.053638 -124.185
748 -22.40741613112429 -14.110992009692794 -123.00418975425377 1.426398 2.032685 -122.9654
749 -22.320418758989636 -14.193053596152108 -121.77877210532853 1.41804 2.009877 -121.7344
750 -22.218447251654993 -14.240229674008697 -120.54088994386566 1.413177 1.9844 -120.4917
751 -22.091018322138783 -14.326588335604617 -119.28981807672345 1.410381 1.956743 -119.2315
752 -22.0245933838345 -14.432480424807395 -118.01498979267711 1.407398 1.927293 -117.9509
753 -21.958423793107386 -14.51875290343078 -116.72551043171347 1.405768 1.897027 -116.6572
754 -21.873267653795985 -14.59684864633642 -115.42130532050028 1.402662 1.864276 -115.3483
755 -21.745806970833108 -14.733565195762207 -114.11500355876537 1.396732 1.832056 -114.0291
756 -21.675841207379836 -14.838008044776107 -112.786406291212 1.385028 1.800206 -112.695
757 -21.625232724653614 -14.94444462086179 -111.43656039546936 1.369687 1.767521 -111.3405
758 -21.5794979490362 -15.06187073771552 -110.07395386495885 1.351798 1.734254 -109.9726
759 -21.514907699249484 -15.150383916166119 -108.69792985227483 1.330549 1.700357 -108.5928
760 -21.479652433859236 -15.2493329425462 -107.30885287758203 1.30829 1.668467 -107.2003
761 -21.437788305942256 -15.365824736863456 -105.90452699275917 1.284827 1.635925 -105.7911
762 -21.41459560956346 -15.466236730226141 -104.48442558670621 1.259616 1.601652 -104.3679
763 -21.338335583443165 -15.577567666576806 -103.05421830006821 1.230259 1.565326 -102.9321
764 -21.288815496138707 -15.663808708334942 -101.60352431244718 1.202212 1.530047 -101.4787
765 -21.280246630433677 -15.765975004947386 -100.13525118201059 1.170075 1.495851 -100.0076
766 -21.210984259627747 -15.84518226549812 -98.65988577922782 1.142136 1.46328 -98.52911
767 -21.14980503638476 -15.935255316334795 -97.16025369003582 1.115543 1.436157 -97.02601
768 -21.082342140239795 -16.04464680391853 -95.65498710634442 1.089274 1.41068 -95.51571
769 -20.956629238303776 -16.141008223144468 -94.14951655232997 1.062982 1.390693 -94.00229
770 -20.907181403781642 -16.231352518838477 -92.64185442197959 1.036568 1.374673 -92.49143
771 -20.81707753491104 -16.329405261289235 -91.13826257782327 1.009148 1.361424 -90.98226
772 -20.756115387585286 -16.447822465520055 -89.63773838643695 0.984734 1.348472 -89.47609
773 -20.72090175853547 -16.543090835249437 -88.13806100653193 0.9616474 1.333401 -87.97323
774 -20.720788725058302 -16.626449309488336 -86.63378820493948 0.9399983 1.316473 -86.4669
775 -20.59841094219527 -16.728992497468038 -85.1423950058448 0.9191412 1.298308 -84.96724
776 -20.534917862694048 -16.826584694611835 -83.63379523604978 0.8995469 1.282847 -83.45436
777 -20.45235723055149 -16.94320102105087 -82.1355760905873 0.8834484 1.268237 -81.9495
778 -20.438781533164967 -17.04598211640019 -80.63503331734414 0.8679533 1.25271 -80.44554
779 -20.34096618511355 -17.136863814625187 -79.13764385350541 0.8520469 1.234831 -78.9424
780 -20.246294459701776 -17.235886415764146 -77.64096064965456 0.8381739 1.219714 -77.4396
781 -20.167950489382722 -17.34447626823768 -76.14166944376461 0.8255732 1.207956 -75.93444
782 -20.136796830866324 -17.432020019228236 -74.64203077202978 0.8134235 1.199179 -74.432
783 -20.028239158290223 -17.50428812348682 -73.15199734348002 0.8003155 1.189369 -72.93636
784 -19.931634555094995 -17.591654319484046 -71.66455844102576 0.7849788 1.176896 -71.44336
785 -19.86027804713682 -17.716569442916775 -70.18393295423283 0.763954 1.1606 -69.956
786 -19.76981595691202 -17.812911681173794 -68.69618238726085 0.7450432 1.144297 -68.4626
787 -19.71655521707709 -17.90699938999864 -67.20860908869547 0.7252411 1.128317 -66.97132
788 -19.626995076594447 -17.991813813175156 -65.7313781509005 0.710763 1.111896 -65.48911
789 -19.567153654241416 -18.10134846736555 -64.25250421361295 0.6946295 1.096104 -64.00515
790 -19.495900439644856 -18.203814516643174 -62.7779591521561 0.6777408 1.080622 -62.52551
791 -19.466526212117298 -18.304651719981504 -61.301359897291576 0.6587746 1.067484 -61.04536
792 -19.330725798541156 -18.42165032242153 -59.842264958604815 0.6370383 1.049226 -59.57557
793 -19.251115157045856 -18.51566915666567 -58.37501676355819 0.6135026 1.030981 -58.10346
794 -19.24461396695022 -18.6315298770613 -56.90340297036381 0.5856644 1.015669 -56.62762
795 -19.203200327553592 -18.726983039979057 -55.439765608351685 0.5571177 1.005763 -55.1606
796 -19.151584343534477 -18.80058920100816 -53.97957195203188 0.5253982 0.9957028 -53.69802
797 -19.01948581051084 -18.89644683264393 -52.52691901863551 0.4907091 0.9846881 -52.23668
798 -18.936479699863614 -18.992091024249003 -51.073812437664444 0.4561315 0.9709516 -50.77854
799 -18.833827028449843 -19.089382386322676 -49.62458446197884 0.4235407 0.9558653 -49.32287
800 -18.7773253039406 -19.194696366950645 -48.17561536394497 0.3928533 0.9391869 -47.8694
801 -18.72467647578341 -19.30513507908458 -46.72893503542623 0.3621644 0.9230089 -46.41797
802 -18.687145864635912 -19.416349993501985 -45.28377310482797 0.3335672 0.9069681 -44.96842
803 -18.58553917701247 -19.53155376020333 -43.84881037150693 0.3070324 0.8911135 -43.52559
804 -18.47786956856624 -19.622681353301434 -42.408907456996616 0.2806278 0.8754699 -42.07912
805 -18.451693665424823 -19.731765904354155 -40.970386994557884 0.254373 0.8594365 -40.63656
806 -18.41702053974478 -19.830107686957 -39.534451737908164 0.2281179 0.8436096 -39.19717
807 -18.39562517316252 -19.933114082291056 -38.10332658296975 0.202969 0.8253285 -37.76252
808 -18.32162390862194 -20.046978638057688 -36.674860519947295 0.1777994 0.806336 -36.32796
809 -18.267531050515654 -20.145193257727176 -35.246033922088706 0.1537249 0.7865138 -34.89508
810 -18.297796761505833 -20.24905922145967 -33.81858680881681 0.132669 0.7682861 -33.46381
811 -18.206769763169653 -20.364190047292123 -32.398158634875195 0.1133742 0.7522313 -32.03604
812 -18.124679243676212 -20.46973384582692 -30.982187722178214 0.09746084 0.735284 -30.61396
813 -18.06469645858017 -20.55878283329274 -29.566106921206888 0.0848288 0.7168959 -29.19399
814 -18.0332911434745 -20.651901903148023 -28.15287895680921 0.07224084 0.6980984 -27.77753
815 -17.936646507452974 -20.760868266852516 -26.738607929619295 0.06062565 0.6785993 -26.35596
816 -17.83773271049055 -20.87218243386291 -25.338058417988155 0.05256871 0.6586934 -24.94768
817 -17.786684422625132 -20.954665774379606 -23.936889074330814 0.04390241 0.6329309 -23.54342
818 -17.73835324856214 -21.06033940111246 -22.537823525295813 0.03720921 0.6021743 -22.13989
819 -17.685546133001363 -21.19540272223315 -21.14340270957319 0.03232865 0.5653751 -20.73844
820 -17.61619833470832 -21.30200285564848 -19.75092563352424 0.02925888 0.5295576 -19.34063
821 -17.46090825790439 -21.43172097177173 -18.368246246771818 0.02669736 0.4947389 -17.94366
822 -17.383101609130286 -21.552250298565287 -16.981874816181204 0.02516131 0.4624741 -16.55026
823 -17.288202529290658 -21.664773038539686 -15.605249710734146 0.02416042 0.4312538 -15.16614
824 -17.217269967900847 -21.76408025220981 -14.226709252365026 0.02354535 0.3987551 -13.78259
825 -17.13549585115794 -21.86832784408088 -12.853951484921911 0.02158789 0.3670075 -12.40382
826 -17.118057169431065 -21.9481005771474 -11.479524045732731 0.01528089 0.3343854 -11.02737
827 -17.059928638966092 -22.060965739283493 -10.112368952111408 0.008955879 0.3016035 -9.654739
828 -16.987515339473354 -22.164681328501086 -8.74825819055896 -0.0005365659 0.2716196 -8.285137
829 -16.89767550354267 -22.266420075728952 -7.383620250165347 -0.009785478 0.2414501 -6.914129
830 -16.847860357915486 -22.331643445734915 -6.019605413006773 -0.0204447 0.2108318 -5.548032
831 -16.76441462606332 -22.423071893410174 -4.6601214595438325 -0.0311414 0.1812868 -4.183286
832 -16.71589122005744 -22.52355298069321 -3.2994316216081954 -0.04437224 0.1473329 -2.818515
833 -16.62919531936345 -22.648119447356994 -1.945201222528611 -0.05789727 0.1134699 -1.456295
834 -16.590486472023056 -22.734179590449237 -0.5823309896931006 -0.07289734 0.07816926 -0.09070031
835 -16.503004044679255 -22.835118604926542 0.7716895660336165 -0.08864261 0.04590358 1.269419
836 -16.39713551393996 -22.925733471674288 2.124623768352249 -0.1031707 0.0117715 2.629005
837 -16.370657177767427 -23.061634365577735 3.477037208394929 -0.1175645 -0.02016324 3.988036
838 -16.314045335589924 -23.18042397917095 4.827187147677254 -0.1318827 -0.0534628 5.344099
839 -16.226811746318965 -23.293243713815034 6.180523319050898 -0.1458828 -0.08812058 6.704415
840 -16.1366504937828 -23.384356324409964 7.530373922358949 -0.1601769 -0.1221722 8.059835
841 -16.17393949817711 -23.48826665553096 8.882404776024359 -0.175095 -0.1546373 9.415895
842 -16.1187392373604 -23.58265225202331 10.233663588479336 -0.1926087 -0.1870422 10.77107
843 -16.088557468443998 -23.691160738631336 11.581575674058522 -0.2081545 -0.2207459 12.12317
844 -16.06855637607005 -23.80541208707077 12.931238184171853 -0.223104 -0.2534493 13.47733
845 -16.006660398637454 -23.922773437472873 14.278238496478902 -0.235533 -0.2892015 14.83032
846 -15.968929509916894 -24.04665243039273 15.623128669537358 -0.2482197 -0.3237106 16.18093
847 -15.925784494863251 -24.168652943533257 16.970040086710515 -0.2588532 -0.3582793 17.53356
848 -15.892941572328008 -24.274199081833142 18.315513225363038 -0.2709142 -0.3936047 18.88305
849 -15.86470688688923 -24.34366378946967 19.664188231260344 -0.2833573 -0.4284891 20.2333
850 -15.808843533194326 -24.443060961589595 21.006709324675164 -0.2952092 -0.463001 21.58016
851 -15.724547998643944 -24.583791188064353 22.3435468224023 -0.3094675 -0.4966128 22.92653
852 -15.628718370077044 -24.7286086846559 23.679380747327492 -0.3233764 -0.5315032 24.27308
853 -15.550274413141357 -24.847695366019963 25.012731927541907 -0.3380715 -0.5652421 25.61353
854 -15.437338925473057 -24.958746315692803 26.34522859590816 -0.3534582 -0.5991642 26.95489
855 -15.480104215012023 -25.058000936268325 27.679475770008555 -0.3674572 -0.630802 28.29306
856 -15.439898619846996 -25.183531234306518 29.00415854702906 -0.3836725 -0.6611411 29.62384
857 -15.412937428286607 -25.31032923873848 30.325320031688868 -0.3976799 -0.6925713 30.9509
858 -15.364550444018674 -25.402981315633482 31.65326426296821 -0.4139985 -0.7240355 32.28248
859 -15.278415470928916 -25.49053950044272 32.97205276402881 -0.4270073 -0.7566562 33.60651
860 -15.22947485180102 -25.58181241532736 34.288836959615196 -0.4397568 -0.7887161 34.92691
861 -15.132001346611045 -25.677321779178595 35.59863660562659 -0.4515375 -0.8206355 36.24336
862 -15.041653086496396 -25.760680922882152 36.9048809519438 -0.4615286 -0.8517037 37.55497
863 -15.008110488935706 -25.871724516056545 38.21169387703762 -0.4718552 -0.882457 38.86652
864 -14.979661379730372 -25.9587800815846 39.5161114401083 -0.4839122 -0.9115305 40.17377
865 -14.87845047436396 -26.094400832639014 40.81188675114815 -0.4974895 -0.9403596 41.48016
866 -14.873642424067612 -26.161683171789385 42.10881703192421 -0.5125043 -0.9685698 42.77845
867 -14.747132092898312 -26.289092403712374 43.394380193570086 -0.5346231 -0.9956525 44.07602
868 -14.723671119018976 -26.396715689676938 44.687224734162676 -0.5552041 -1.019285 45.37317
869 -14.636275243619004 -26.493334831832072 45.97794395571084 -0.5782583 -1.038533 46.6701
870 -14.539473008402952 -26.6162311760421 47.25971335817833 -0.5999916 -1.053627 47.96111
871 -14.510470179577561 -26.671725447723592 48.546792677062584 -0.6230983 -1.066505 49.24944
872 -14.459361957303297 -26.76039365636407 49.82113218901189 -0.6456359 -1.075808 50.52765
873 -14.42354840492873 -26.84261226347501 51.10111935409521 -0.6740058 -1.087279 51.81041
874 -14.384263262835466 -26.910590879469265 52.37589295339254 -0.7020633 -1.100738 53.08722
875 -14.328357290905464 -27.011868204632258 53.64473110626009 -0.7311397 -1.115793 54.3609
876 -14.332632478613412 -27.090768280244493 54.91132023000396 -0.7624769 -1.130431 55.62948
877 -14.28047207265732 -27.196508909217957 56.17841480932204 -0.7942812 -1.144783 56.90157
878 -14.30094971459884 -27.288853569393495 57.44467643891832 -0.8268987 -1.159941 58.17085
879 -14.269855487786074 -27.36931566050003 58.70547278034269 -0.8597866 -1.174664 59.43408
880 -14.278706611624498 -27.471516366629206 59.96241670006445 -0.8950914 -1.188757 60.69463
881 -14.216007340347403 -27.580944149279638 61.21127480114661 -0.9282884 -1.203865 61.94931
882 -14.12656541798426 -27.673680812421477 62.46329815203666 -0.9621792 -1.218811 63.2074
883 -14.10878509057067 -27.783285079962944 63.70994801421465 -0.9961734 -1.23409 64.45843
884 -14.067124560627484 -27.88359908152634 64.95758404231754 -1.031828 -1.250518 65.71017
885 -13.991253255902183 -27.9695084564347 66.19648884829704 -1.068654 -1.267809 66.9537
886 -13.892777537789781 -28.087616074106545 67.42535547527253 -1.107414 -1.284607 68.19143
887 -13.859398518737905 -28.184868273135468 68.66355225432994 -1.148265 -1.303043 69.43308
888 -13.842506675582612 -28.27873481496466 69.89631544511714 -1.188155 -1.321203 70.66875
889 -13.79871348299268 -28.374979995085248 71.12403086351438 -1.227083 -1.338073 71.90028
890 -13.767512925482343 -28.4542606123351 72.34857208858298 -1.261385 -1.354666 73.12719
891 -13.7536741933677 -28.50921923388758 73.56167773963423 -1.293464 -1.370635 74.34109
892 -13.66087189618466 -28.596725069936934 74.75777257088293 -1.318225 -1.387753 75.54359
893 -13.666283525998 -28.68151731524774 75.93417473182234 -1.337076 -1.406295 76.72276
894 -13.619945106480502 -28.75193500245631 77.09565232696949 -1.359396 -1.424263 77.88694
895 -13.58426302805267 -28.840620938224927 78.24242228847045 -1.377966 -1.443308 79.03738
896 -13.512926973074823 -28.930594506088497 79.35926765317905 -1.3923 -1.459771 80.1599
897 -13.461043561304097 -29.00452366938527 80.46352464314074 -1.402951 -1.475612 81.26768
898 -13.382378630861444 -29.097715832379716 81.5560668666744 -1.407266 -1.495464 82.36682
899 -13.341356488773464 -29.174824465185317 82.64790235478117 -1.406566 -1.518542 83.4619
900 -13.253232190829296 -29.258819335329843 83.73699153658687 -1.402636 -1.542197 84.55751
901 -13.155705425481461 -29.350491677998402 84.82680707519809 -1.397294 -1.566145 85.65524
902 -13.101439559885545 -29.428634159231102 85.91876767942422 -1.394094 -1.587213 86.75113
903 -13.030409261899376 -29.51645320038388 86.99848091522944 -1.391329 -1.608126 87.83653
904 -12.949273460266186 -29.605581178424647 88.07462959508213 -1.385563 -1.630039 88.91917
905 -12.906234656089067 -29.694318428690057 89.14934902887094 -1.3802 -1.654701 89.99811
906 -12.832286128053545 -29.78345551591707 90.2210282240852 -1.372397 -1.681009 91.07568
907 -12.754852406053182 -29.855129801502148 91.29008166700189 -1.363832 -1.705257 92.14962
908 -12.655888078576451 -29.958105590020523 92.34975275677601 -1.356111 -1.726171 93.21864
909 -12.577231512230728 -30.07300666115694 93.40434218201571 -1.348852 -1.747689 94.28214
910 -12.588129704460313 -30.125368551622916 94.46576640394912 -1.343107 -1.769082 95.34468
911 -12.533628743877435 -30.211070328651846 95.51491414477242 -1.341283 -1.790649 96.39851
912 -12.453765489258345 -30.294193111589585 96.56237846146313 -1.346362 -1.812458 97.45206
913 -12.404340425506303 -30.370111841028137 97.61474207019802 -1.357998 -1.835038 98.50801
914 -12.36829568513491 -30.453972459634976 98.67335058759642 -1.375059 -1.861895 99.57007
915 -12.303584804032187 -30.528373438515665 99.7356602201111 -1.397412 -1.887691 100.6364
916 -12.226162881852419 -30.609815656783205 100.80437198930412 -1.426691 -1.913252 101.7103
917 -12.256716031433902 -30.71370696887885 101.87694727120963 -1.463118 -1.9392 102.7874
918 -12.16717729436429 -30.781406342393925 102.95312636571511 -1.507808 -1.964419 103.8682
919 -12.161519617561991 -30.881716410038617 104.0384840468909 -1.561792 -1.988222 104.9566
920 -12.108486612327187 -30.958486023503877 105.13003543964031 -1.62272 -2.010967 106.0502
921 -12.129683124473189 -31.022498056212505 106.22735268767677 -1.686244 -2.034406 107.1475
922 -12.137127891155423 -31.11492393393522 107.32935212487547 -1.748773 -2.056669 108.2514
923 -12.200192385486151 -31.21881674117379 108.43460555299586 -1.806035 -2.079756 109.3616
924 -12.200322674893798 -31.29850049236477 109.55359437508517 -1.855701 -2.102084 110.4821
925 -12.273623409208847 -31.396959530964818 110.67414517611644 -1.897032 -2.123092 111.6084
926 -12.220689106156529 -31.4912009341876 111.8048294488818 -1.928092 -2.145152 112.7436
927 -12.155801833192594 -31.579085848827408 112.93746622080388 -1.949092 -2.166434 113.8811
928 -12.1160461249434 -31.674944770461266 114.07819728191373 -1.958712 -2.18791 115.0263
929 -11.991389220786933 -31.77485269200869 115.2197938499351 -1.956136 -2.210288 116.1788
930 -11.858631944823962 -31.829706228540115 116.37387858954952 -1.940135 -2.235787 117.3414
931 -11.729195620494242 -31.929450927912427 117.52916546355448 -1.913209 -2.261146 118.5076
932 -11.57304598373818 -32.02443368886077 118.69205325054365 -1.87627 -2.286958 119.6839
933 -11.401137109774407 -32.15110922650401 119.85567825438264 -1.83308 -2.31212 120.8659
934 -11.174366028347427 -32.25805426026109 121.02050654980782 -1.781388 -2.338144 122.056
935 -11.087114573162529 -32.357242913366385 122.21690465186093 -1.725066 -2.362701 123.2581
936 -10.94591411619087 -32.434263408979575 123.41566466038661 -1.665951 -2.387598 124.4659
937 -10.886304009456046 -32.552148206286006 124.62808561945324 -1.602097 -2.410925 125.6836
938 -10.689482773844064 -32.63394949249681 125.83781194473819 -1.529042 -2.432251 126.9096
939 -10.56040674698945 -32.718409362917576 127.06383989640484 -1.45419 -2.455779 128.1428
940 -10.376217285917505 -32.84646706716811 128.28985538172188 -1.374919 -2.480551 129.3864
941 -10.170030364700013 -32.95332683060098 129.5258502612804 -1.29261 -2.504395 130.6411
942 -9.942634636094574 -33.09215106329483 130.76981578977907 -1.212752 -2.530425 131.9105
943 -9.786628471274934 -33.20359472682486 132.03622012031423 -1.135332 -2.552624 133.1888
944 -9.66778477591672 -33.29397788505994 133.32181942225478 -1.063477 -2.571936 134.4809
945 -9.484362293042336 -33.39370796205681 134.60668507736233 -0.9982536 -2.593743 135.7808
946 -9.38535747516456 -33.49706167737578 135.90810295901608 -0.9419915 -2.613858 137.0887
947 -9.217901089296777 -33.58216653562887 137.22098632117945 -0.8957984 -2.63369 138.414
948 -9.117293715055453 -33.68136562600775 138.54922601093685 -0.86007 -2.654048 139.7491
949 -9.052645734217007 -33.78903109495824 139.88588101652257 -0.8326782 -2.674907 141.0912
950 -8.932271437239473 -33.9025983259878 141.23609645049996 -0.8166247 -2.693332 142.4513
951 -8.853511639669094 -34.00806884113123 142.5960897325383 -0.8082126 -2.711653 143.8175
952 -8.774972425321055 -34.11190119895392 143.96341605068946 -0.8063071 -2.728963 145.1909
953 -8.707096158113824 -34.2147431292095 145.34140017661025 -0.8107742 -2.750987 146.5742
954 -8.612980509008203 -34.31472020443121 146.72280659889682 -0.8181994 -2.779541 147.9621
955 -8.506489951338727 -34.44680058658809 148.11713503419494 -0.8311338 -2.811042 149.3663
956 -8.42645777554503 -34.58656847690417 149.52126120305994 -0.8465134 -2.846681 150.7791
957 -8.37683677746345 -34.71116248319577 150.9381326200604 -0.8636978 -2.884423 152.2017
958 -8.293345176864507 -34.82594650648938 152.3596919981755 -0.8818614 -2.922677 153.6297
959 -8.20657150757802 -34.94391872015839 153.78863619404098 -0.903141 -2.959476 155.0655
960 -8.104376571932043 -35.073580746994594 155.2224815645042 -0.9252286 -2.995496 156.5082
961 -8.08395497918588 -35.20280765918186 156.65797450463793 -0.9505879 -3.030265 157.949
962 -8.03889192857189 -35.29763570280422 158.09750032445663 -0.9765171 -3.064935 159.3917
963 -7.9766435123120045 -35.410404493272395 159.53240950472315 -1.007339 -3.096653 160.8317
964 -7.904903110579348 -35.554917181960754 160.9637779192836 -1.039444 -3.129506 162.2714
965 -7.8234120755417775 -35.67298561943397 162.3948286123714 -1.075629 -3.162047 163.7088
966 -7.750431752661048 -35.7880883114548 163.82515199262212 -1.112662 -3.196968 165.1447
967 -7.7313801630752685 -35.933710767386486 165.25456635465565 -1.150964 -3.232057 166.5807
968 -7.621638303716785 -36.05041316138973 166.6800417264413 -1.188887 -3.267867 168.0142
969 -7.556732799643326 -36.195131399257974 168.11249177449227 -1.225583 -3.303343 169.4545
970 -7.511858009134148 -36.31953952455728 169.54036798709694 -1.262468 -3.337774 170.8876
971 -7.460098097177366 -36.42311200611063 170.96831463585667 -1.297634 -3.371687 172.3194
972 -7.389820407568818 -36.547476169926874 172.38929731866128 -1.333194 -3.40556 173.7467
973 -7.327212370486577 -36.67640714706639 173.80497275410775 -1.366304 -3.44042 175.1688
974 -7.211229408828532 -36.77632917287635 175.221616663615 -1.398479 -3.475354 176.5929
975 -7.147154202468599 -36.87792506516622 176.63558749051413 -1.427528 -3.511715 178.0112
976 -7.070365217014201 -37.01334188141755 178.04157398779003 -1.453391 -3.547073 179.4251
977 -6.9571624625798725 -37.15545061616412 179.44401301136406 -1.476326 -3.583634 180.8386
978 -6.828763012683993 -37.27242072744364 180.8455212543793 -1.498241 -3.619675 182.2502
979 -6.736177304621722 -37.39244113561069 182.24848823558838 -1.51887 -3.652469 183.6608
980 -6.649803838085021 -37.526811238373334 183.64058227199936 -1.539735 -3.680137 185.0616
981 -6.602494719902515 -37.647028013708116 185.02900151999108 -1.559212 -3.708117 186.4556
982 -6.503180145276817 -37.76041061107354 186.4141406009236 -1.576113 -3.742055 187.8484
983 -6.453512932430742 -37.87844896874489 187.80217263638653 -1.590302 -3.777663 189.2418
984 -6.347226420631545 -37.98580366857839 189.1870327536468 -1.603074 -3.811744 190.6344
985 -6.248178864201097 -38.131229924969716 190.56243098162557 -1.613327 -3.843743 192.0206
986 -6.128728375903169 -38.26880928658673 191.93095171897062 -1.623756 -3.875123 193.4008
987 -6.014696138991837 -38.38832668896982 193.2969808470651 -1.633867 -3.905876 194.7764
988 -5.980879438261444 -38.51177642986259 194.6659569771438 -1.645539 -3.93893 196.1509
989 -5.895574846350405 -38.628827804439226 196.03078279656896 -1.657445 -3.973595 197.5229
990 -5.761517528550811 -38.74445595339288 197.3864910399484 -1.669867 -4.009132 198.8896
991 -5.6669411528037354 -38.87730835729576 198.74229102148027 -1.682304 -4.042827 200.2547
992 -5.570609047562934 -39.00283986892101 200.08976840427408 -1.694878 -4.074851 201.611
993 -5.502679423525053 -39.11063202416013 201.44300589737978 -1.705984 -4.106859 202.9698
994 -5.425070703237091 -39.257215201571306 202.78605444992556 -1.717412 -4.139885 204.3226
995 -5.389753817995468 -39.35296781306589 204.1288998020722 -1.727574 -4.171862 205.6689
996 -5.308768848720001 -39.46702757075618 205.46534151596924 -1.737778 -4.204811 207.0122
997 -5.2538173174395215 -39.566084063793504 206.79939988283067 -1.746442 -4.238781 208.3506
998 -5.159333303513781 -39.678898310145435 208.13192849692402 -1.757196 -4.270954 209.6908
999 -5.058351214722193 -39.80651426405195 209.45672237740388 -1.768399 -4.303818 211.0251
1000 -4.92064447522011 -39.939414226483144 210.76866639755355 -1.780005 -4.335485 212.3505
1001 -4.748898398715648 -40.041861176474065 212.07010527555775 -1.792488 -4.366042 213.6668
1002 -4.640211239791766 -40.1693871442413 213.35958197729147 -1.802728 -4.397364 214.9667
1003 -4.536773535101235 -40.28251215776181 214.63192079561202 -1.814957 -4.428604 216.2478
1004 -4.415238963773422 -40.37265390741589 215.88260588904458 -1.826714 -4.458316 217.5072
1005 -4.370804770257912 -40.4696619984365 217.11382233295205 -1.842513 -4.486884 218.7426
1006 -4.322633483418762 -40.56869142938317 218.31744511383965 -1.859734 -4.515014 219.9508
1007 -4.225927254283274 -40.66440744759972 219.48787788237624 -1.87789 -4.540479 221.1287
1008 -4.15251729930059 -40.753258882279546 220.63911193724292 -1.895168 -4.569335 222.2852
1009 -4.079029326930589 -40.84467027562705 221.75917665961532 -1.917244 -4.598297 223.4108
1010 -3.9705710734705884 -40.943256641788686 222.84422469693922 -1.94167 -4.625178 224.5051
1011 -3.9150440974805703 -41.024632893158966 223.90251549218 -1.971966 -4.651833 225.5672
1012 -3.854079533252135 -41.10986133524391 224.93439050837003 -2.004581 -4.679495 226.6035
1013 -3.805876380037544 -41.18355242893663 225.93150228944904 -2.040151 -4.706339 227.6035
1014 -3.697822835121165 -41.27470798767217 226.89275840256386 -2.073778 -4.731016 228.5742
1015 -3.62518768924064 -41.36211356260546 227.8250282825227 -2.106014 -4.755443 229.5125
1016 -3.5827092019811073 -41.43288164489768 228.72425911567004 -2.139617 -4.778138 230.4146
1017 -3.5257785434706714 -41.50358261112164 229.59266594107018 -2.17419 -4.799162 231.2868
1018 -3.524252377622721 -41.57651022526509 230.42989000908372 -2.207888 -4.818374 232.1263
1019 -3.494916032234348 -41.62205273457667 231.23611740817586 -2.243669 -4.838575 232.9333
1020 -3.4543212941270456 -41.70123483180024 232.01781403675196 -2.280068 -4.860372 233.7189
1021 -3.3571533920724703 -41.75997499677779 232.7837229617285 -2.314971 -4.881633 234.4921
1022 -3.3905335002355947 -41.84016111011252 233.55309092868015 -2.346879 -4.903083 235.2654
1023 -3.3355612701791735 -41.90015902105272 234.3212951847901 -2.372559 -4.923693 236.0372
1024 -3.2571543141952897 -41.95925819168524 235.0857840237563 -2.391165 -4.943065 236.8075
1025 -3.188917347144933 -42.0358770241071 235.84798472477414 -2.40634 -4.961684 237.5762
1026 -3.140062866500681 -42.12267967595705 236.6040135717349 -2.42154 -4.979606 238.3384
1027 -3.1047655765527136 -42.20431904941373 237.36291738324786 -2.438172 -4.997815 239.1021
1028 -3.058384748288478 -42.26127232811874 238.11684934841134 -2.449188 -5.01612 239.8593
1029 -2.972141433661976 -42.32450961713935 238.8639652170807 -2.457471 -5.032857 240.6138
1030 -2.847999897099059 -42.386360750902945 239.60266732859924 -2.464848 -5.049016 241.3652
1031 -2.7662130745714 -42.45267327436116 240.34319612468312 -2.471118 -5.064022 242.113
1032 -2.7116649134063553 -42.496078308502575 241.08557025119123 -2.47794 -5.076752 242.8585
1033 -2.6215325570645724 -42.54831379327811 241.82106293789897 -2.481229 -5.090455 243.6012
1034 -2.510779432428955 -42.615303968397996 242.5468448179572 -2.485941 -5.103671 244.3383
1035 -2.460426453283176 -42.67014324547819 243.28013066900743 -2.487604 -5.118722 245.0752
1036 -2.3558741072569784 -42.72717643767484 244.0118392063652 -2.493249 -5.131839 245.8164
1037 -2.2538805922117127 -42.79199966006493 244.74804923656902 -2.49473 -5.147361 246.5623
1038 -2.14710647483894 -42.84889316626236 245.49187183807075 -2.497272 -5.164438 247.3157
1039 -2.0807696948264267 -42.910140130718126 246.24328576802384 -2.498606 -5.182585 248.0723
1040 -2.0012475157323677 -42.967758152470765 246.9977180926305 -2.503085 -5.199298 248.8329
1041 -1.9172126513431444 -43.0303427187598 247.75696332618253 -2.506486 -5.218219 249.5991
1042 -1.8410588271624142 -43.098104206802844 248.51781718954058 -2.508505 -5.237784 250.3665
1043 -1.7490097648427878 -43.15796160442561 249.2832222370082 -2.505563 -5.256841 251.1395
1044 -1.633422450482165 -43.236101486445015 250.05295103908458 -2.503453 -5.273084 251.9216
1045 -1.5344840018205623 -43.31645038437081 250.83278562444454 -2.508541 -5.289235 252.7116
1046 -1.4186220823662683 -43.38666831068094 251.6185899209975 -2.507121 -5.306929 253.5088
1047 -1.3117107374305448 -43.4491957765394 252.40396025715447 -2.498934 -5.321532 254.3037
1048 -1.1953257701987885 -43.51048265503294 253.18847534625854 -2.491981 -5.336196 255.099
1049 -1.1022248190624107 -43.57368724963279 253.98169815471024 -2.485561 -5.351123 255.9
1050 -1.0170239811025121 -43.61918208905283 254.78298269581597 -2.475778 -5.3702 256.7068
1051 -0.8842731595293818 -43.702816103326725 255.58735558549654 -2.461593 -5.39272 257.5259
1052 -0.8399123981301406 -43.78024661802527 256.405213597145 -2.442073 -5.414196 258.3481
1053 -0.715956386632216 -43.82473169628782 257.22300525968905 -2.418788 -5.432422 259.1759
1054 -0.5912421776308685 -43.88213189987396 258.0433747769381 -2.398099 -5.451575 260.0072
1055 -0.5026217279114166 -43.95456964800279 258.8723792141123 -2.3794 -5.472421 260.8436
1056 -0.37027929273934473 -44.013458400963096 259.7046096869601 -2.357178 -5.492976 261.6878
1057 -0.3376695426885597 -44.07893161857079 260.55509791559336 -2.331649 -5.513461 262.5408
1058 -0.23630322579791463 -44.140428267099146 261.41466097515786 -2.305211 -5.536213 263.4078
1059 -0.08221236124650397 -44.20849536190232 262.2739589644932 -2.278446 -5.560785 264.2827
1060 0.05964379541228143 -44.26282842438435 263.14595249813914 -2.24888 -5.58502 265.167
1061 0.20518812642862447 -44.340788158443324 264.0237320361158 -2.217026 -5.60834 266.0593
1062 0.3807539608386652 -44.40975333561959 264.90594102387604 -2.181048 -5.632766 266.9604
1063 0.4957441570476534 -44.46878767608521 265.8066910408611 -2.144562 -5.657825 267.8693
1064 0.6188450533273708 -44.5420990719502 266.7145077489544 -2.107091 -5.684566 268.7872
1065 0.7524044506627022 -44.59767561671509 267.62862475229286 -2.072995 -5.710527 269.7117
1066 0.8972405552126852 -44.678562497977765 268.5464766107926 -2.039857 -5.735484 270.6435
1067 1.06034608860039 -44.74618154931149 269.4650189748477 -2.008137 -5.759967 271.578
1068 1.2070816325831646 -44.83101352796601 270.3880852772711 -1.977183 -5.786935 272.5156
1069 1.3037787462010333 -44.90252600281985 271.3166301637522 -1.948577 -5.813039 273.4511
1070 1.4848421263084952 -44.97669301528971 272.23230892534025 -1.923694 -5.837506 274.3868
1071 1.630485289436555 -45.056350571979536 273.153229559139 -1.903306 -5.862752 275.322
1072 1.7413133475987912 -45.128341912950255 274.0779571168414 -1.886301 -5.888992 276.2556
1073 1.8769597727663874 -45.18481406163068 275.0005918353842 -1.871958 -5.914599 277.1894
1074 1.9215612472270391 -45.247165130047435 275.9301588928127 -1.860171 -5.940087 278.1217
1075 2.0789836956721155 -45.34192662052266 276.8454912451222 -1.850165 -5.965237 279.0549
1076 2.2231983192759426 -45.43271741971846 277.75736006099993 -1.84113 -5.989292 279.9822
1077 2.319019133884013 -45.500188087958676 278.67469887441354 -1.834878 -6.011766 280.9067
1078 2.4150436480250903 -45.5587232577276 279.5897789208401 -1.829538 -6.033194 281.8284
1079 2.5234988385491244 -45.626670970195875 280.4998795292125 -1.824423 -6.05424 282.7472
1080 2.6008045981168904 -45.69059951612554 281.4100357162853 -1.820378 -6.076007 283.6626
1081 2.7128787582468883 -45.76789584979652 282.31125872312 -1.819188 -6.097253 284.5738
1082 2.8084987400322485 -45.83672344116236 283.2028564577846 -1.820078 -6.118356 285.4729
1083 2.884686844826359 -45.900395296748144 284.0805258158684 -1.821293 -6.140076 286.3559
1084 2.973110433428217 -45.989494582894 284.9322357763197 -1.824665 -6.162957 287.2165
1085 3.0942188144674274 -46.03452494711903 285.76632782639444 -1.831132 -6.186044 288.0602
1086 3.196749389271521 -46.08675363371158 286.5889487837029 -1.835812 -6.20897 288.8905
1087 3.277506776202384 -46.12308540642796 287.41093910024773 -1.838573 -6.232745 289.7169
1088 3.373112388896544 -46.19729183777138 288.2271010467318 -1.841599 -6.257807 290.5416
1089 3.464692423231394 -46.23718646420952 289.0454730180019 -1.843827 -6.281585 291.3657
1090 3.5354002368376367 -46.311603075622145 289.8593718175052 -1.844053 -6.305431 292.1857
1091 3.6455887462645715 -46.36664052979976 290.66515754709894 -1.843243 -6.332348 293.0004
1092 3.7024906163893245 -46.419568218388115 291.47373285313853 -1.840209 -6.360716 293.8122
1093 3.7952798862832364 -46.517572782611914 292.2705354106657 -1.836186 -6.387429 294.6199
1094 3.825291315672107 -46.564267905528844 293.0776036585096 -1.829836 -6.414405 295.4284
1095 3.92421272950901 -46.65491810331209 293.8700651768222 -1.823832 -6.440313 296.2317
1096 4.021442466556026 -46.71476588783753 294.66145009436497 -1.81794 -6.46419 297.0309
1097 4.065139014303622 -46.78017607877082 295.45527161660664 -1.814744 -6.486179 297.8283
1098 4.27052887384191 -46.84266965907919 296.2220481726672 -1.812035 -6.506511 298.6243
1099 4.3681898378678925 -46.91393007223329 297.011356480764 -1.809517 -6.524789 299.4226
1100 4.490664607663074 -46.97262492446419 297.80053318158974 -1.807621 -6.541554 300.2232
