0 0.0 0.0 0.0 0.0 -1.110223e-16 2.220446e-16
1 -0.035639562531539985 -0.05531744576535174 1.197605075733007 -0.01401751 -0.02820321 1.198998
2 -0.0024440939654536836 -0.0896218861147147 2.382235475760853 -0.02787365 -0.0560812 2.384181
3 0.002137163355706566 -0.11345415263578996 3.573846329603473 -0.0418032 -0.08410629 3.575628
4 -0.030767028471820113 -0.13180065241324762 4.765324910427516 -0.05573543 -0.1121362 4.767291
5 -0.0867908802488918 -0.16403249552001253 5.9589804610589026 -0.06970674 -0.1402442 5.962283
6 -0.033109178894962114 -0.20584554896777799 7.147931545962366 -0.08362554 -0.1682458 7.152769
7 0.010895362787272891 -0.18734502094964306 8.340018530322366 -0.09756958 -0.1962977 8.3454
8 0.02012545297883373 -0.20026663470902395 9.531685635011899 -0.1114989 -0.2243193 9.536762
9 0.05530937880686742 -0.2350349848583809 10.722627811054577 -0.1254307 -0.2523452 10.72832
10 0.024972532562301208 -0.25176148654098734 11.914045217553074 -0.1393621 -0.2803697 11.91983
11 0.07149543491445265 -0.2772221464854823 13.105356463186462 -0.1533004 -0.3084073 13.11191
12 0.01222817531348424 -0.31299144213610813 14.295321287732323 -0.1671408 -0.3362948 14.30348
13 -0.011922411496838758 -0.3198155183555731 15.488613141745379 -0.181814 -0.3654237 15.49659
14 0.0035843094932182587 -0.3245417850964058 16.679873107566728 -0.1950729 -0.3924445 16.68758
15 0.036760235373598925 -0.34428271661024346 17.87307945079609 -0.2081761 -0.4191514 17.88104
16 0.02711169660050118 -0.3415516478545391 19.068989256884226 -0.2220687 -0.4450814 19.07663
17 0.0275976406238831 -0.3780660431039328 20.262380424044995 -0.2372951 -0.4715143 20.27019
18 0.03501884851735729 -0.41076979860839247 21.456793791112155 -0.2531559 -0.4977817 21.46468
19 0.05296677055361457 -0.41683404288097553 22.65122768428941 -0.2707637 -0.5247441 22.65883
20 0.047696482331732015 -0.42524835027819635 23.845780350739698 -0.2887908 -0.5527301 23.85296
21 0.07085865545842583 -0.4168533472908782 25.039886983280677 -0.3071147 -0.5812326 25.04684
22 0.11201745613379535 -0.4081068436050154 26.235855245729216 -0.3273512 -0.6069839 26.2431
23 0.06936398361757193 -0.4196487806890352 27.43406694702115 -0.3472488 -0.6329432 27.44168
24 -0.03124717769517525 -0.45317556277773285 28.62520521964661 -0.3677985 -0.6565642 28.63712
25 -0.07414139356436257 -0.48127072813940797 29.815754666208107 -0.3892136 -0.6824261 29.8283
26 -0.03817651183774039 -0.4803899429921193 31.01534627134441 -0.4112762 -0.7087202 31.02794
27 0.053685933669376074 -0.5193146869073786 32.215746395606494 -0.4357161 -0.7356474 32.23193
28 0.033568309141001104 -0.5240929187476021 33.404438189572645 -0.4596533 -0.7632533 33.42024
29 0.051822148185381625 -0.5563366528592467 34.599022300548164 -0.4846981 -0.7915945 34.6148
30 0.06518234020725883 -0.5554852754479608 35.79726791698902 -0.509819 -0.8182722 35.81256
31 0.07123439806269269 -0.5797944924704764 36.99434390255159 -0.5367057 -0.8457827 37.00928
32 0.08664005225083724 -0.5933476663852593 38.19239103731181 -0.5627412 -0.8734675 38.2069
33 -0.012650971012063222 -0.5993958035471061 39.387464690042876 -0.5904619 -0.9001114 39.40549
34 0.013791169051656338 -0.6205193095304097 40.58455577261121 -0.6181703 -0.9268582 40.60244
35 0.002537390998708481 -0.6573724707043387 41.780832208781305 -0.6466319 -0.9531287 41.79871
36 -0.04745058799795894 -0.6451268006325016 42.97753872970854 -0.675668 -0.9776312 42.99592
37 -0.12564829242194975 -0.6883801488331343 44.174569936045664 -0.708016 -1.000412 44.19563
38 -0.1905029328735724 -0.6915198711750536 45.37330155767604 -0.7358613 -1.020365 45.39563
39 -0.2241085173995268 -0.6921290878337131 46.573721186883745 -0.7617275 -1.037444 46.59612
40 -0.2526379958762774 -0.688508041358483 47.7790408082413 -0.784447 -1.051207 47.80149
41 -0.17411200756616946 -0.7157015066478093 48.97946272370187 -0.8050204 -1.064092 49.00454
42 -0.1905848939334579 -0.7064503643350568 50.17841383917039 -0.822002 -1.07385 50.20348
43 -0.2363866832261854 -0.6870006372292412 51.37866672785566 -0.8402902 -1.085315 51.40457
44 -0.18594823092876966 -0.6731258012320984 52.57901037954743 -0.859463 -1.098286 52.60583
45 -0.1764333253447771 -0.6513315740216832 53.784386273286444 -0.8753783 -1.112635 53.81125
46 -0.167341219148275 -0.6437247637253517 54.9885015661775 -0.892873 -1.127883 55.0152
47 -0.1395097834308466 -0.6381699764460614 56.19348368909427 -0.9118602 -1.143152 56.22027
48 -0.14953899491482592 -0.6466919738179904 57.40122837383575 -0.9332309 -1.160687 57.42777
49 -0.199993537184339 -0.6690379400636636 58.6051265544697 -0.956215 -1.175655 58.63262
50 -0.17773923037021672 -0.6573266164028364 59.811166737961244 -0.981436 -1.190278 59.83857
51 -0.1254292521276824 -0.6474784686152014 61.01387238028875 -1.006715 -1.2056 61.04209
52 -0.14407814097718383 -0.669217785909613 62.21742178432219 -1.031126 -1.22132 62.24563
53 -0.19917525751574466 -0.7241403333101937 63.41706565684194 -1.053863 -1.237483 63.44747
54 -0.1933060048875187 -0.7252486189852858 64.61746731195593 -1.078473 -1.251701 64.64755
55 -0.1882803810132166 -0.7640371500489298 65.82003396452143 -1.103193 -1.267101 65.8504
56 -0.23853912710790334 -0.7604566918572708 67.01655533499759 -1.129538 -1.281112 67.04761
57 -0.21142066574814525 -0.7663885331712821 68.21009303535568 -1.15768 -1.293922 68.24107
58 -0.21336050346819294 -0.7947512349924488 69.40441338254067 -1.18693 -1.309417 69.43527
59 -0.2662145827316593 -0.8075251358771071 70.59449780348668 -1.215316 -1.324678 70.62616
60 -0.2753923343556885 -0.8155157186913812 71.7846946369749 -1.243226 -1.339456 71.816
61 -0.28351640340964185 -0.811054411691859 72.97123087535613 -1.268567 -1.355743 73.00219
62 -0.29041607326899416 -0.8318011305417214 74.15668204608514 -1.292838 -1.37147 74.18749
63 -0.2691197912500402 -0.8467403633194795 75.33472124179009 -1.310252 -1.390125 75.36554
64 -0.26081162221568016 -0.834846567329924 76.51005192697629 -1.320138 -1.407515 76.54079
65 -0.2627417350793074 -0.853118524086706 77.68563068094585 -1.33092 -1.427085 77.7163
66 -0.2629906609166142 -0.8583136767413245 78.86414019311314 -1.33795 -1.448797 78.8946
67 -0.2431594194994606 -0.8656275006423844 80.03794963249281 -1.340942 -1.468534 80.06843
68 -0.23648609460596576 -0.8825456439611923 81.20404680066942 -1.34229 -1.485826 81.23454
69 -0.22901017531031598 -0.9095946195078476 82.36849400036272 -1.335651 -1.506096 82.39913
70 -0.2317635793330083 -0.9273413251247044 83.52754777480894 -1.323865 -1.530312 83.55801
71 -0.22430846694350265 -0.9547593580503712 84.68700449430249 -1.309268 -1.555472 84.71745
72 -0.21489146965380088 -0.9770391471626231 85.84664840952351 -1.292993 -1.580587 85.87696
73 -0.14617274968609106 -0.988211264982236 86.99915823736119 -1.273121 -1.605074 87.03114
74 -0.10596247031313762 -1.0147876644952472 88.1514176931361 -1.247131 -1.630673 88.18383
75 -0.05103343217033727 -1.0324037356647053 89.30018627183472 -1.216671 -1.656163 89.33336
76 0.0025220500812033406 -1.0570454031520506 90.44957244646022 -1.182745 -1.683163 90.48344
77 0.017367122536436103 -1.0705723147776918 91.60347603030537 -1.144128 -1.710419 91.63655
78 0.10687863267040469 -1.0787499786934684 92.75577806221342 -1.10175 -1.736086 92.79129
79 0.17391581661009287 -1.0912887322498792 93.91077156070148 -1.056015 -1.76065 93.94713
80 0.25902958529865794 -1.1044446247748199 95.06438575315427 -1.006119 -1.785071 95.10262
81 0.33001019207508653 -1.120004886769396 96.21629463127846 -0.953966 -1.809543 96.25538
82 0.3062592522944258 -1.1176742044932673 97.37548985578125 -0.8975398 -1.834871 97.41317
83 0.3504525305508131 -1.1516352585923888 98.5348941571073 -0.8410031 -1.861916 98.57222
84 0.39382126436602066 -1.156131737096499 99.70340667433516 -0.7820453 -1.891643 99.73968
85 0.4951077355201783 -1.1574317474794027 100.87532626544399 -0.7233569 -1.922457 100.9141
86 0.5615830984750835 -1.12303932715596 102.05536563993677 -0.6655319 -1.953029 102.0947
87 0.841241894152069 -1.1141297451436298 103.20777644141016 -0.6077182 -1.983093 103.2788
88 0.8531003974068156 -1.1698183391542063 104.39935871269593 -0.5505715 -2.012875 104.47
89 1.0068942707529196 -1.1499226140554175 105.58868792370154 -0.4977483 -2.041118 105.6679
90 0.8650189401511362 -1.1843136474406917 106.78043904879249 -0.4483272 -2.069739 106.8672
91 0.9280223956335905 -1.2101535311473246 107.98431793345918 -0.4053771 -2.098282 108.0719
92 1.135573340070585 -1.2128447347795734 109.17406017825029 -0.3651076 -2.127 109.2786
93 1.1921280302020214 -1.23851346525534 110.3863725190075 -0.3290753 -2.156853 110.4916
94 1.3019066813972962 -1.2369617655733984 111.59783278683423 -0.2985283 -2.185665 111.7073
95 1.372602075554498 -1.2784177851165597 112.8120611094531 -0.2726718 -2.213402 112.9237
96 1.4143811291377137 -1.31402425709087 114.03006449541678 -0.2537792 -2.240145 114.1425
97 1.4979067019764791 -1.3181983857127102 115.24787099182612 -0.2415523 -2.267804 115.3628
98 1.7007479820875002 -1.3163053906431204 116.45450620584275 -0.2340717 -2.29683 116.586
99 1.7475376517740044 -1.3210294393551865 117.67959039764335 -0.2325711 -2.327575 117.8116
100 1.7750242589601377 -1.3601195587972126 118.9073466347472 -0.2372931 -2.358001 119.0399
101 1.5597436412714532 -1.4103503720564727 120.11925255173362 -0.246444 -2.388148 120.2714
102 1.5505982918422794 -1.4571683628184904 121.34861471705744 -0.2562318 -2.417424 121.5013
103 1.5964640501721978 -1.4813934328206697 122.58900173376458 -0.2696789 -2.444635 122.7424
104 1.62756234089405 -1.5374606999515703 123.82821291269555 -0.2835717 -2.4715 123.9829
105 1.555322749238222 -1.5385590045069129 125.06768466003146 -0.2970155 -2.498919 125.2241
106 1.6086346020123656 -1.554499754913188 126.3129059597876 -0.3168152 -2.521615 126.4702
107 1.6034668632308198 -1.5489272856165621 127.56321911366325 -0.336076 -2.543289 127.7202
108 1.5838889123911182 -1.560107349433759 128.81296284527818 -0.3532043 -2.561295 128.9699
109 1.5598326825852584 -1.5626292324297917 130.06316098113717 -0.3704424 -2.578125 130.2201
110 1.5681882145994557 -1.582890477142621 131.31867857257075 -0.384545 -2.59617 131.4756
111 1.5642921819387494 -1.5977660051972937 132.57669063461958 -0.3976226 -2.614808 132.7335
112 1.6289092886949073 -1.6273227757705213 133.83729633605006 -0.4133731 -2.631357 133.9959
113 1.563418964671475 -1.6581167375719712 135.0988169997674 -0.4299121 -2.64614 135.2593
114 1.5625214140357435 -1.6562702636618514 136.36226926219686 -0.4438867 -2.660056 136.5226
115 1.5217055981742134 -1.6583872992559987 137.62867858518806 -0.4570556 -2.675992 137.7895
116 1.476200533402201 -1.6602749546254445 138.89536584756985 -0.472057 -2.693213 139.0568
117 1.463430846304801 -1.6776029590699757 140.1692507311156 -0.490815 -2.711316 140.3306
118 1.3975182825879109 -1.6957404194290124 141.44307204921387 -0.5099508 -2.728134 141.606
119 1.4214775255013874 -1.7079490400561215 142.71727365050975 -0.5316574 -2.744134 142.8802
120 1.395564434285863 -1.7157974048971327 143.9900130554649 -0.5501461 -2.759529 144.153
121 1.379124668108871 -1.7443827497325515 145.2609107107837 -0.5681071 -2.775354 145.4241
122 1.3357783705408004 -1.7592870030304324 146.53026192631165 -0.586224 -2.79483 146.694
123 1.317527749215967 -1.8015655105998638 147.79684589578662 -0.6015689 -2.818864 147.9611
124 1.2706870653138342 -1.8387669014395902 149.06170468219884 -0.6184009 -2.844547 149.227
125 1.2564151512090433 -1.881410989094621 150.32677509799058 -0.6344428 -2.875057 150.4924
126 1.223598188495067 -1.8921689847020258 151.59063970868635 -0.6492857 -2.908757 151.7562
127 1.2688454496714596 -1.9184767218607972 152.85866001573297 -0.6669047 -2.939717 153.0248
128 1.255611699984617 -1.9418004415126513 154.12235429314813 -0.6841745 -2.969914 154.2883
129 1.236701963005591 -1.962946431581637 155.38748683374484 -0.703475 -2.997619 155.5533
130 1.1578676252786237 -2.0208710181200282 156.64771441345383 -0.7212308 -3.024885 156.8169
131 1.1211430455548976 -2.0598699282002113 157.90790326720958 -0.7401339 -3.051707 158.0778
132 1.135005234025482 -2.0815221468013094 159.17247205851754 -0.7581397 -3.079341 159.3422
133 1.1129053000164606 -2.118467103030364 160.43371253024642 -0.7785169 -3.10733 160.6037
134 1.1583195021557984 -2.153716848008076 161.69327656136483 -0.7989665 -3.135262 161.8641
135 1.0889633254842566 -2.1656539212390684 162.95389663125465 -0.8210143 -3.16234 163.1262
136 1.1014460183155639 -2.205228300648013 164.2178702130275 -0.8448485 -3.191224 164.3903
137 1.1492162473173848 -2.227666633785785 165.4789430461715 -0.8676072 -3.221845 165.6519
138 1.1618720133780203 -2.2408795492640037 166.7418062717647 -0.8915914 -3.252329 166.9143
139 1.1187386498559149 -2.2747592442940388 168.0034145987613 -0.9159259 -3.282708 168.1765
140 1.0588813742260044 -2.293196576531451 169.26741421277524 -0.9418036 -3.313952 169.4414
141 1.0777819596187983 -2.2998241589020503 170.53120403500836 -0.9682551 -3.3446 170.7047
142 1.0308929671165572 -2.327832303137462 171.79666263585577 -0.9957698 -3.373848 171.9707
143 0.9838382003186341 -2.3874250406653004 173.05862637312288 -1.024319 -3.402447 173.2343
144 0.9914527075730828 -2.422577093526366 174.3227986068501 -1.053647 -3.431925 174.4983
145 0.9588992759055581 -2.4613972286663848 175.58316695956464 -1.083166 -3.461238 175.759
146 0.8610995204048469 -2.479831892448708 176.8473543013112 -1.111965 -3.491932 177.0264
147 0.8206905826992594 -2.4939187279530115 178.11005701479723 -1.14094 -3.523533 178.2891
148 0.7588042123749064 -2.535156819809692 179.36864569477498 -1.167498 -3.555449 179.5492
149 0.7372251646226019 -2.572482179513145 180.6300711611316 -1.193384 -3.587083 180.8107
150 0.7242482314380008 -2.5617744951679797 181.8921191172098 -1.220912 -3.617217 182.0722
151 0.6612984478111857 -2.5880130544533353 183.15540816506106 -1.249819 -3.644685 183.3367
152 0.5780082271873166 -2.59257214985311 184.4099445461268 -1.280267 -3.669131 184.5934
153 0.5206655927570528 -2.606511079614325 185.65890346206507 -1.311919 -3.694209 185.8431
154 0.4528124064320631 -2.621839007133396 186.9068640651073 -1.342768 -3.722358 187.0923
155 0.34262987448989146 -2.6558256972864203 188.1487213475807 -1.371475 -3.752664 188.3388
156 0.2421956653840896 -2.6846584838715186 189.3918257392056 -1.400872 -3.781861 189.5856
157 0.13771220110674673 -2.6865139104370384 190.6333158808861 -1.429913 -3.811043 190.8308
158 0.07584498798430045 -2.691684581113931 191.8712870292794 -1.45692 -3.839753 192.0697
159 -0.012610591519661665 -2.746235399876783 193.10130982037714 -1.482347 -3.868861 193.3035
160 -0.0800995933021281 -2.7637760283086124 194.33076588890566 -1.504387 -3.897568 194.5344
161 -0.03273123367823683 -2.7924303449069776 195.5567074670291 -1.525428 -3.929306 195.761
162 -0.011534813761160952 -2.8166232779102813 196.77745605278267 -1.54334 -3.962116 196.9816
163 -0.021149880570636867 -2.843483256597616 197.9947858422437 -1.561315 -3.994523 198.1987
164 0.004205840281737656 -2.8564250129969047 199.2077500773229 -1.577337 -4.025379 199.4115
165 -0.16127014292960543 -2.8760521044707628 200.4043889742862 -1.593225 -4.055718 200.6192
166 -0.13490875947035666 -2.9265075701232544 201.60496451271635 -1.607052 -4.084508 201.8207
167 -0.17805502155986602 -2.97908666701512 202.79822363484186 -1.619569 -4.112611 203.0155
168 -0.2735793858739338 -2.9976418247339547 203.98244445114491 -1.629855 -4.142166 204.2033
169 -0.3535544730486808 -3.011032433689075 205.15879932826033 -1.639698 -4.168995 205.3821
170 -0.4454636724090165 -3.037992027567658 206.32562881043665 -1.649074 -4.196218 206.5525
171 -0.5619696251876932 -3.0897431836858424 207.47582853256168 -1.655974 -4.223531 207.7094
172 -0.536453386227263 -3.1182162024389326 208.6183234133806 -1.663162 -4.25023 208.8522
173 -0.6162152787027618 -3.1519081616997355 209.74494326936747 -1.670517 -4.277047 209.9818
174 -0.7029280201997893 -3.192953792502968 210.85302233291847 -1.680916 -4.301812 211.0937
175 -0.7474800127872891 -3.2371904816918056 211.94857304550052 -1.692609 -4.32686 212.1907
176 -0.8076144759604965 -3.2603630079464416 213.03121452915053 -1.705386 -4.351615 213.2749
177 -0.7962312571414261 -3.2707057479089165 214.10187069317212 -1.717659 -4.376802 214.3453
178 -0.8009923697142695 -3.2918402535195166 215.16133032649688 -1.730641 -4.402081 215.4046
179 -0.7837402577737256 -3.327616797767114 216.20455663507587 -1.744177 -4.426871 216.4482
180 -0.697016221087749 -3.330301534104266 217.238483787467 -1.758097 -4.450451 217.4854
181 -0.6780105742145384 -3.3694493990588077 218.26025143544987 -1.775959 -4.472509 218.5077
182 -0.6406016066687831 -3.3779440850225284 219.26366468707732 -1.796549 -4.494237 219.5114
183 -0.7150738884170281 -3.415185235392249 220.24420108475582 -1.82019 -4.513126 220.495
184 -0.7415035940715754 -3.435326341538526 221.21032945632308 -1.844527 -4.532452 221.4612
185 -0.7707679911557099 -3.442029056031225 222.15187084461877 -1.871601 -4.553298 222.4026
186 -0.8023768663560189 -3.4497746607658875 223.0721900340986 -1.900504 -4.574348 223.3228
187 -0.7868113362423649 -3.455940790321462 223.96917460990278 -1.93108 -4.594192 224.2192
188 -0.7900578662884641 -3.488449763818843 224.8433767675813 -1.963226 -4.613875 225.0932
189 -0.8548746263427013 -3.493419122175488 225.69490750374976 -1.999321 -4.634336 225.9462
190 -0.8951762588317929 -3.513173794533199 226.52437878931408 -2.03611 -4.65549 226.7758
191 -0.955391790166512 -3.498892480244544 227.3359178443036 -2.076063 -4.674144 227.5885
192 -0.9630380701395999 -3.52595332914656 228.13003129152713 -2.113952 -4.692285 228.382
193 -0.9492899755634256 -3.5547787091280854 228.9073999125702 -2.149429 -4.710568 229.159
194 -1.0297663184812726 -3.59089920349417 229.66081254217985 -2.182836 -4.728951 229.9166
195 -1.113683735770366 -3.605036500932567 230.39793046845875 -2.215172 -4.746558 230.6577
196 -1.1470830786130664 -3.6232806170793235 231.128345677348 -2.24791 -4.762455 231.3882
197 -1.1907341662803208 -3.64517439820637 231.85494882175243 -2.278813 -4.778921 232.1156
198 -1.2005490102078176 -3.634748910181387 232.57833669953524 -2.30914 -4.795655 232.8383
199 -1.1678858419776403 -3.651600742558505 233.29991289321453 -2.338553 -4.813178 233.56
200 -1.18695487243678 -3.665410734242098 234.01781640192934 -2.3648 -4.830531 234.2776
201 -1.1887180474356467 -3.655654281838677 234.73229001779168 -2.389577 -4.847959 234.9915
202 -1.1988742192792168 -3.6673030400346738 235.44336725121713 -2.414706 -4.864866 235.7021
203 -1.245280257460608 -3.6849703889109624 236.1485756287893 -2.437161 -4.881579 236.4085
204 -1.3201259008220154 -3.7343873766089044 236.84641988539508 -2.45827 -4.896919 237.1116
205 -1.4154901998717275 -3.7533158800048763 237.53980727517003 -2.475218 -4.912132 237.8114
206 -1.4128882642869256 -3.7826705208736797 238.23574509627238 -2.489243 -4.929647 238.5076
207 -1.3923628539091732 -3.800238619294469 238.92785875030307 -2.501543 -4.947554 239.1999
208 -1.4175065041694668 -3.809988654616996 239.6155445190687 -2.511949 -4.965562 239.8878
209 -1.4671807710547022 -3.8324439285296514 240.30112152269623 -2.520293 -4.98174 240.5753
210 -1.5271304430443418 -3.851477268221862 240.9870862140678 -2.528203 -4.99821 241.2639
211 -1.506124242164956 -3.871229737789897 241.68013343624793 -2.534352 -5.01566 241.9573
212 -1.508189734544987 -3.888543391182566 242.3763193414625 -2.538348 -5.032044 242.6535
213 -1.4958779140358156 -3.8955990672082486 243.0787792310025 -2.543393 -5.04817 243.3559
214 -1.4854480434858421 -3.9019908031049386 243.7819608741542 -2.545596 -5.064282 244.059
215 -1.4826354650906515 -3.9101343293972377 244.48649130365126 -2.546852 -5.080295 244.7634
216 -1.4682720223828105 -3.9242779437619886 245.1944526134128 -2.546619 -5.094783 245.4715
217 -1.4435746762200767 -3.9468445195273856 245.90861234598302 -2.545576 -5.109038 246.1863
218 -1.4274330841824188 -3.951647027634631 246.63042090710664 -2.543734 -5.126143 246.9081
219 -1.429080953306511 -3.972174059062419 247.35818076275692 -2.542056 -5.145191 247.6359
220 -1.4139726083487463 -3.9844164268061286 248.09177940996167 -2.541896 -5.164585 248.3695
221 -1.3884348343816486 -4.006212317103883 248.83321112046505 -2.542204 -5.185382 249.1114
222 -1.3755757650584028 -4.0341349203690555 249.5787630010019 -2.540944 -5.205979 249.8573
223 -1.3510277585189188 -4.056314881546944 250.33106015788812 -2.535403 -5.22737 250.61
224 -1.2831970629466698 -4.079794484541459 251.08872804551592 -2.529259 -5.246305 251.3708
225 -1.256746839988482 -4.112530201724215 251.8619828836327 -2.529475 -5.263872 252.145
226 -1.2463797860061174 -4.153737086664316 252.64497860510903 -2.534412 -5.282956 252.9289
227 -1.2014323567831022 -4.177984377438836 253.43061434473418 -2.53173 -5.300222 253.716
228 -1.1543119645314912 -4.194938047922225 254.22394491382957 -2.522827 -5.316153 254.5107
229 -1.118103605906384 -4.212276126515768 255.01795326609314 -2.516895 -5.328791 255.3056
230 -1.1428794358305747 -4.237766695605494 255.82367792149165 -2.508908 -5.345294 256.1119
231 -1.1320258882211818 -4.255840857640289 256.6414337095213 -2.495854 -5.364407 256.9296
232 -1.1449975814679187 -4.297593488626831 257.4689826834757 -2.476437 -5.385775 257.7578
233 -1.0676763450064208 -4.321798756069252 258.3006721006683 -2.451908 -5.406872 258.5928
234 -1.0342531595612896 -4.363180790252341 259.13627057673597 -2.426274 -5.425049 259.4295
235 -0.967193748986156 -4.384633468046941 259.9729132097871 -2.401831 -5.445288 260.2685
236 -0.9045064482880427 -4.4066108463952895 260.80521677984683 -2.377452 -5.467449 261.1028
237 -0.8711614074353149 -4.423504989233666 261.64216849717184 -2.347909 -5.488513 261.9398
238 -0.8319416621658641 -4.449575642373069 262.4806335988898 -2.315586 -5.509575 262.7787
239 -0.8163482742500827 -4.488885830453607 263.3230463814325 -2.282743 -5.533299 263.6212
240 -0.7296984562188011 -4.509501767962222 264.16124128462195 -2.249292 -5.557575 264.4631
241 -0.6594531762832931 -4.5438832749803915 264.9982416377276 -2.211671 -5.580169 265.3026
242 -0.5514466791974418 -4.57362133759649 265.83512563063704 -2.169031 -5.601556 266.1456
243 -0.5381582684370536 -4.591825159319911 266.67948084731967 -2.120601 -5.622751 266.9886
244 -0.42943513046834175 -4.615208627336405 267.5197380829605 -2.070929 -5.642388 267.8345
245 -0.35804142924467597 -4.637523201028667 268.36579131330745 -2.020152 -5.662313 268.6821
246 -0.29664543769892765 -4.644289692019066 269.2123650390832 -1.972336 -5.683949 269.5293
247 -0.2230928781099458 -4.659632800192461 270.06301531322265 -1.923826 -5.705921 270.3816
248 -0.12948422974071383 -4.6715623892772475 270.91190423366794 -1.875688 -5.726987 271.2341
249 -0.06506417980359214 -4.687646928436686 271.76588949252846 -1.829452 -5.750154 272.0891
250 -0.0008763611978366143 -4.7073163223232015 272.6189037528007 -1.783337 -5.773108 272.9432
251 0.11111019270302769 -4.70964283620071 273.46501399479257 -1.741198 -5.793806 273.7954
252 0.16291240328367446 -4.733719022161768 274.3200187819684 -1.700845 -5.814912 274.6511
253 0.23125257772759505 -4.76072724468109 275.17045417303655 -1.660663 -5.835884 275.5035
254 0.3138330281789452 -4.787833634108339 276.0180506384654 -1.622669 -5.858238 276.3544
255 0.4057870279412833 -4.781739815573038 276.86342303524947 -1.585579 -5.879709 277.2037
256 0.4493867452868638 -4.819653882293467 277.7103450886883 -1.550632 -5.901149 278.0516
257 0.4972100211834288 -4.834851327023212 278.5548452718394 -1.517863 -5.921904 278.8967
258 0.570399111046782 -4.876401435265467 279.3900403120486 -1.489305 -5.941918 279.7354
259 0.6073527200845317 -4.866032126892615 280.2229882962684 -1.466242 -5.96075 280.5687
260 0.6200434605608762 -4.8747798729048455 281.0442334136943 -1.447757 -5.978025 281.3897
261 0.5854162566556284 -4.8870538710628 281.8571232813812 -1.431895 -5.99441 282.2031
262 0.6015082754503078 -4.898480816599412 282.65765172440916 -1.419054 -6.010847 283.0036
263 0.5893988190765321 -4.925250821422562 283.441592204632 -1.412086 -6.026687 283.7879
264 0.6041957063004078 -4.945620585805695 284.20869804587716 -1.411252 -6.04017 284.5553
265 0.5899401301495563 -4.959271964566484 284.958471851605 -1.414317 -6.053988 285.3052
266 0.6222572069950638 -4.985316529526015 285.68815819837687 -1.417779 -6.069167 286.0359
267 0.6335263910535175 -4.993955303321227 286.39631808984626 -1.423417 -6.085125 286.744
268 0.6124303680802676 -5.006965796824617 287.08527571112893 -1.435822 -6.10138 287.4331
269 0.5196896680027602 -5.013352135521844 287.7466274918509 -1.454441 -6.117454 288.1005
270 0.6130037689992454 -5.012792736744633 288.3910968004244 -1.477649 -6.132605 288.7511
271 0.5938852889194584 -5.022262484030059 289.0295075016684 -1.506373 -6.149396 289.389
272 0.5663625147289127 -5.038921881726021 289.6584567426936 -1.545617 -6.167037 290.0173
273 0.545258396561906 -5.033128935945888 290.2712305367087 -1.597157 -6.182453 290.6281
274 0.5546894565672152 -5.057797161341861 290.8765448002553 -1.665044 -6.196964 291.23
275 0.5606070540982264 -5.0937719410594955 291.456917844636 -1.742378 -6.210196 291.8062
276 0.47974864619057356 -5.083897097883646 292.0315011093104 -1.834488 -6.224247 292.379
277 0.3492496778958477 -5.099339449521598 292.5851062817121 -1.942994 -6.237015 292.9374
278 0.10878893286923125 -5.1490071014266166 293.07181483588846 -2.067997 -6.247853 293.4679
279 0.019839842929963797 -5.124456981221939 293.6128578477156 -2.209538 -6.257666 293.9981
280 -0.2201019340500235 -5.167776270340794 294.0924476105618 -2.367902 -6.271075 294.5121
281 -0.33000620447575724 -5.1720722572202495 294.5877056317921 -2.543375 -6.28527 294.9879
282 -0.4105320831742545 -5.204388431691074 295.0978978958822 -2.739392 -6.297631 295.4667
283 -0.5157945819876136 -5.199186994460068 295.56934914099594 -2.949047 -6.307941 295.9018
284 -0.8476235314433274 -5.246690962649186 295.9441984866048 -3.178542 -6.314604 296.3492
285 -0.9503871908762971 -5.267651340622335 296.43212648040225 -3.425572 -6.32098 296.7828
286 -1.282048376510966 -5.266413943840594 296.75455541042345 -3.687333 -6.328231 297.1641
287 -1.4789484617902204 -5.270982283813463 297.2017501433451 -3.968958 -6.33276 297.5634
288 -1.7406545371378384 -5.308692968321177 297.6075170141282 -4.268559 -6.336992 297.9439
289 -2.004681682603559 -5.336415896121944 297.97014167776734 -4.586321 -6.339444 298.2617
290 -2.3574336159131954 -5.323363889684399 298.2907544553718 -4.922654 -6.345184 298.5997
291 -2.6800670770371107 -5.348027649877123 298.5889458186897 -5.270323 -6.347814 298.8694
292 -3.0654564655091314 -5.32397591245401 298.8591416947002 -5.635576 -6.343982 299.1672
293 -3.4077808968480223 -5.336566045843655 299.1709047233979 -6.014393 -6.339964 299.4337
294 -3.7891430662876475 -5.328292320133004 299.3644291789666 -6.404391 -6.33231 299.6092
295 -3.7269005028593583 -5.331618290976041 299.8094685116787 -6.808874 -6.331276 299.805
296 -4.146782525740915 -5.331192911104262 299.94636717331514 -7.216405 -6.326098 299.9751
297 -4.51844851059724 -5.305003093848528 300.1246496233597 -7.620091 -6.315633 300.0619
298 -4.941273206551733 -5.272633000862999 300.14086343195316 -8.027228 -6.304576 300.1811
299 -5.3427370276761526 -5.27071688339264 300.22864077854683 -8.436151 -6.292308 300.22
300 -5.742074216945755 -5.338268009651681 300.336581944982 -8.849753 -6.282888 300.2873
301 -6.15317954794023 -5.311215048701715 300.4314218999206 -9.270289 -6.271213 300.3291
302 -6.565607383989946 -5.390460889511011 300.5166025688237 -9.696194 -6.256955 300.284
303 -7.0032817913654535 -5.401308216541516 300.56316659616016 -10.13605 -6.242546 300.2712
304 -7.435292268556532 -5.371740217686438 300.4499454569244 -10.58129 -6.224323 300.2293
305 -7.902398462855727 -5.376482142862744 300.40255842281215 -11.03111 -6.199526 300.097
306 -8.358301461355186 -5.386990055070719 300.2940468147639 -11.48794 -6.178297 299.9941
307 -8.848916116706802 -5.387411072944175 300.2184960636944 -11.94318 -6.15018 299.7982
308 -9.26073709079608 -5.394762352458027 299.95439370230645 -12.40289 -6.123531 299.6328
309 -9.738395241047265 -5.348526554887226 299.8169197752126 -12.8598 -6.094784 299.4338
310 -10.153691561281917 -5.368787329208508 299.4760471163729 -13.3109 -6.063773 299.1429
311 -10.638344329624962 -5.329729610747063 299.2716055575082 -13.7634 -6.028358 298.8742
312 -11.030094397905394 -5.365864546056545 298.8562371863382 -14.21251 -5.989762 298.5219
313 -11.41406841263902 -5.386464374922126 298.44042904743753 -14.66311 -5.950116 298.1811
314 -11.893685497210658 -5.358645201072823 298.0942975702004 -15.11616 -5.913525 297.8016
315 -12.324806372135663 -5.375041400908847 297.62982878112643 -15.56917 -5.871992 297.3601
316 -12.78720707878249 -5.357749419619691 297.1936862267974 -16.02426 -5.830931 296.9179
317 -13.276774667771816 -5.3532797595935255 296.7154735351639 -16.47064 -5.783464 296.4013
318 -13.707904817958784 -5.3616940610368955 296.18709053008143 -16.90392 -5.737737 295.8766
319 -14.117057479546514 -5.3975343168735455 295.58765791595516 -17.32241 -5.692386 295.2843
320 -14.603480583740483 -5.374918235944341 295.0487504004586 -17.72918 -5.645499 294.6844
321 -14.992184307244898 -5.4029066938377515 294.4063803488664 -18.12343 -5.596317 294.0467
322 -15.392680978707642 -5.387625153396498 293.71845218005444 -18.50534 -5.550791 293.3496
323 -15.671062315688975 -5.377695155930651 292.965112306601 -18.87203 -5.509383 292.6362
324 -15.970052523941593 -5.370009895816897 292.1730901208038 -19.21381 -5.47294 291.8625
325 -16.38005730580059 -5.332891103475764 291.4310642139401 -19.53852 -5.435497 291.0794
326 -16.678403730927737 -5.31830241143776 290.5886163924612 -19.84548 -5.397191 290.2408
327 -16.911813331982987 -5.3151449061729865 289.722542004259 -20.12922 -5.364689 289.3905
328 -17.204513827494246 -5.320611785577867 288.84851329601145 -20.38184 -5.330467 288.5047
329 -17.501073715350113 -5.310353514027306 287.92965330708563 -20.61251 -5.29613 287.5677
330 -17.696567405251727 -5.333235802051808 286.98177987680475 -20.81155 -5.265003 286.6208
331 -17.783897481410257 -5.342327537424741 285.9826717662872 -20.97738 -5.231887 285.6322
332 -17.865352170250002 -5.3276761389209355 284.9733805281835 -21.11659 -5.198232 284.6297
333 -18.007380394042848 -5.3252189267091925 283.9402536663923 -21.22691 -5.169612 283.5931
334 -18.208779183839354 -5.297868861181185 282.8837163304666 -21.30702 -5.143301 282.5205
335 -18.290936319189523 -5.268498427329647 281.7963975488195 -21.35871 -5.118237 281.4312
336 -18.380111811276453 -5.262698729242618 280.67938482347836 -21.38358 -5.092068 280.3112
337 -18.256233549358967 -5.265034130272343 279.54798989681376 -21.37724 -5.068634 279.1733
338 -18.207662527892005 -5.267110658476012 278.38251806924853 -21.34556 -5.044246 278.0075
339 -18.15749077785644 -5.274392409820421 277.20406848260865 -21.28976 -5.02153 276.8295
340 -18.06049765575886 -5.2833797079049525 276.01445996182423 -21.20924 -5.001358 275.6388
341 -17.93060935770888 -5.280889913636626 274.80989514504466 -21.11193 -4.983245 274.4313
342 -17.956658319977095 -5.2955390466309815 273.581393189064 -21.0019 -4.965436 273.2075
343 -17.76460939491275 -5.332873277905178 272.3467921431383 -20.88617 -4.946924 271.963
344 -17.600822762998718 -5.341571026942954 271.0945973486079 -20.77685 -4.927465 270.705
345 -17.574435687403525 -5.346408792073124 269.8127898356486 -20.66591 -4.906062 269.4279
346 -17.51197027175585 -5.340009390727935 268.5174798232923 -20.55522 -4.883412 268.136
347 -17.411849470355545 -5.332849292788761 267.21132243080643 -20.44759 -4.861751 266.8306
348 -17.29181780690304 -5.332118464157429 265.89175525412185 -20.34586 -4.838516 265.5097
349 -17.187647370003464 -5.310416793242326 264.5620705754763 -20.24967 -4.817703 264.1794
350 -17.129607445434527 -5.323840038384353 263.22870529578927 -20.15628 -4.799526 262.8481
351 -17.024242071814168 -5.347213593107686 261.89940134467594 -20.07085 -4.780284 261.5173
352 -16.95016660387398 -5.3636254191152455 260.57205500469325 -19.99327 -4.760491 260.1902
353 -16.880664695965436 -5.397678449908155 259.2318788036212 -19.9213 -4.738614 258.8499
354 -16.893589043602812 -5.378564109882777 257.8916926243463 -19.8553 -4.717988 257.5113
355 -16.82979480645725 -5.397227488494063 256.5507861164533 -19.79675 -4.696286 256.1702
356 -16.76860138530743 -5.423044247341626 255.20497462953747 -19.74591 -4.673674 254.8239
357 -16.706263233816458 -5.429986694635687 253.85622731073002 -19.70344 -4.648388 253.4746
358 -16.64171032042074 -5.457962420905277 252.5058714178159 -19.66817 -4.618642 252.1232
359 -16.666442684562718 -5.507469238762723 251.15622157167857 -19.63934 -4.586765 250.7731
360 -16.611796432560038 -5.496158584786515 249.799887164407 -19.61368 -4.556415 249.4162
361 -16.592549135110907 -5.499344785616185 248.44775083037328 -19.59029 -4.529158 248.0644
362 -16.633639014410406 -5.5091681332072024 247.08956120649253 -19.56928 -4.501374 246.706
363 -16.570251569435282 -5.53131610082658 245.7230152454558 -19.55134 -4.473848 245.3382
364 -16.51243270056434 -5.568203718525097 244.35596556395623 -19.538 -4.445003 243.9698
365 -16.52379098995988 -5.580128761871092 242.9815050434511 -19.52666 -4.411335 242.5957
366 -16.51929362688716 -5.590070540797407 241.60779022978627 -19.51383 -4.37826 241.2224
367 -16.543138370950977 -5.554754790292187 240.22413146609642 -19.50318 -4.346093 239.8385
368 -16.48618947744592 -5.6029236656453145 238.84500476296694 -19.49325 -4.316996 238.4577
369 -16.489051650931625 -5.59165162509868 237.4601623137458 -19.48099 -4.286446 237.0732
370 -16.58265492211669 -5.555030388894956 236.0740883272388 -19.46668 -4.255713 235.6839
371 -16.681683299270897 -5.541846815717439 234.68441082769385 -19.45014 -4.223798 234.2911
372 -16.660576425903457 -5.562050984630577 233.28578446433187 -19.4304 -4.186692 232.8928
373 -16.697685200289065 -5.559566055490569 231.8850689893639 -19.4066 -4.152924 231.4922
374 -16.67115267000026 -5.598841348501161 230.48448168118944 -19.38129 -4.121142 230.0914
375 -16.629542947620024 -5.63419769335573 229.08129163662565 -19.35555 -4.091351 228.6877
376 -16.636392802411454 -5.653446431334041 227.6764230248688 -19.33238 -4.061083 227.2832
377 -16.629111238582198 -5.680565855553977 226.26389847633197 -19.30936 -4.031202 225.8709
378 -16.626856128957158 -5.655039823947366 224.84689984287746 -19.28821 -4.003413 224.4541
379 -16.624243890581543 -5.6281153812342275 223.42649103953974 -19.26526 -3.975161 223.0339
380 -16.674103740596273 -5.629697383540818 222.00355044252623 -19.24098 -3.945563 221.6106
381 -16.634648416529974 -5.635006546076381 220.5792561388586 -19.2149 -3.915755 220.1863
382 -16.673178252829672 -5.648071821165489 219.14948869922878 -19.19066 -3.884537 218.7565
383 -16.630305901873946 -5.6669143555831845 217.72134865630716 -19.16474 -3.851913 217.3282
384 -16.640335759631448 -5.660003870124857 216.28406435983513 -19.14051 -3.816692 215.8915
385 -16.601219611234374 -5.673382090038277 214.84485517684763 -19.11492 -3.783819 214.4523
386 -16.604386861216618 -5.68277228581521 213.4026215577516 -19.08395 -3.744539 213.0109
387 -16.587025932598543 -5.6888059017332395 211.96131308918547 -19.0532 -3.706671 211.5703
388 -16.619142073965797 -5.6895571941388585 210.51407553939885 -19.02208 -3.670204 210.1235
389 -16.678669294363893 -5.697195920549487 209.06322309041187 -18.99038 -3.634175 208.6722
390 -16.702037300035812 -5.67269540133091 207.60922250411457 -18.96021 -3.596747 207.2186
391 -16.717076450919368 -5.657690607904182 206.14813500794912 -18.92786 -3.559153 205.7582
392 -16.67150631316125 -5.650831525730911 204.68471333694606 -18.89614 -3.524788 204.2948
393 -16.67611998937104 -5.63853309575012 203.22096425878652 -18.86476 -3.487637 202.8318
394 -16.724601888228786 -5.637665460670483 201.75769760369715 -18.83712 -3.453039 201.3684
395 -16.70774297689123 -5.643498481643785 200.29784357989928 -18.80904 -3.419171 199.9091
396 -16.708927968387563 -5.653117836423255 198.8285018152806 -18.78081 -3.384783 198.4404
397 -16.75833348660958 -5.671085903142527 197.3645628107218 -18.75193 -3.350644 196.9762
398 -16.731343353739778 -5.719983077848845 195.90399198766855 -18.72357 -3.313855 195.5153
399 -16.70307815276055 -5.775934644137839 194.44491995233088 -18.69718 -3.276436 194.0556
400 -16.72301503701122 -5.751339288945327 192.98911403890068 -18.67123 -3.241513 192.6001
401 -16.735110467355042 -5.777099206673345 191.53275073826845 -18.64803 -3.205048 191.1441
402 -16.73174782102665 -5.815649480927198 190.0801268055038 -18.62849 -3.170622 189.6915
403 -16.773462618924565 -5.833098653330751 188.63175805935253 -18.61037 -3.138275 188.2429
404 -16.777141828182277 -5.817961682308227 187.18302794980434 -18.59411 -3.107703 186.7945
405 -16.819790559919685 -5.846220088054152 185.74148036988132 -18.57686 -3.075839 185.3525
406 -16.82620624344106 -5.849309979062098 184.2970591455539 -18.56047 -3.044236 183.9085
407 -16.869896171086555 -5.847561745092468 182.8574697958346 -18.546 -3.011131 182.4687
408 -16.92417098821137 -5.869644459679312 181.42111032187321 -18.5334 -2.977267 181.0316
409 -16.971839272810122 -5.9007362631516145 179.99117541594873 -18.52315 -2.942176 179.601
410 -16.988476465700472 -5.935828952527768 178.56557971806166 -18.51524 -2.908289 178.1753
411 -17.038571182923835 -5.943091931614725 177.14144815361612 -18.51072 -2.873542 176.7507
412 -17.09092957891367 -5.972156244449248 175.72888633645206 -18.51025 -2.838653 175.3373
413 -17.117434776752088 -6.016564317950807 174.3216870821901 -18.51326 -2.803213 173.9296
414 -17.243550204350164 -6.032336019603515 172.93498346347062 -18.51829 -2.769552 172.5375
415 -17.29175680901704 -6.059922061495076 171.554367738626 -18.52671 -2.736025 171.1562
416 -17.36452729811356 -6.0837150502788795 170.1917371296118 -18.5371 -2.701364 169.7919
417 -17.410645164168795 -6.128690397748107 168.84796088631586 -18.55169 -2.66695 168.4471
418 -17.499053854398326 -6.170809880029213 167.5304706215574 -18.5681 -2.633527 167.1265
419 -17.61570567334705 -6.188499460573724 166.23052598828409 -18.58704 -2.599237 165.8218
420 -17.63787562522693 -6.210367856151111 164.9475440569193 -18.60503 -2.565877 164.539
421 -17.67983002509815 -6.240341446404366 163.688220694219 -18.62542 -2.533595 163.2792
422 -17.832936157372266 -6.285848575078878 162.46598181839283 -18.64444 -2.502804 162.0471
423 -17.849249906829026 -6.322505272058832 161.25617166991944 -18.66211 -2.473852 160.8371
424 -17.892627224139325 -6.362927113803258 160.07329720599313 -18.68207 -2.447586 159.6532
425 -17.94879559287612 -6.3838469137239935 158.9141232578362 -18.70043 -2.422217 158.4929
426 -17.991942934801898 -6.406475097097579 157.7816637352916 -18.71715 -2.396857 157.3598
427 -18.00018308709846 -6.4177065816308945 156.671825621319 -18.73344 -2.370798 156.2503
428 -18.053790509927587 -6.471610394088346 155.59273575284408 -18.74892 -2.347373 155.1689
429 -18.020047080478218 -6.466060424398033 154.54131585290807 -18.76231 -2.322647 154.1173
430 -18.088340325886 -6.506948453567213 153.5147702191429 -18.7779 -2.297427 153.0881
431 -18.12359492660437 -6.524510982013778 152.5143769424868 -18.79239 -2.274461 152.0873
432 -18.12807809133859 -6.555870601795189 151.53836692545974 -18.80437 -2.252345 151.1111
433 -18.182256296213865 -6.578593637937569 150.59085222696166 -18.81642 -2.23022 150.1621
434 -18.211373752672433 -6.608345884764855 149.66910376959265 -18.82738 -2.209938 149.2397
435 -18.268783455850826 -6.668138060103464 148.77219405597916 -18.83766 -2.187753 148.3393
436 -18.33694251466037 -6.697403760265503 147.89687589656495 -18.84754 -2.164801 147.4612
437 -18.418358022001016 -6.717621261444707 147.03838841719465 -18.85476 -2.144196 146.5989
438 -18.469742210064165 -6.730975430515103 146.19466589674704 -18.86279 -2.123511 145.7538
439 -18.475152298678807 -6.720175701445716 145.36287318130513 -18.87376 -2.100874 144.9223
440 -18.494772926279296 -6.734479807537301 144.54427767892898 -18.88239 -2.078341 144.1037
441 -18.476660675824416 -6.74558181366129 143.74302631806617 -18.88627 -2.059412 143.3024
442 -17.703253748017087 -6.861504471845469 143.70841506064698 -18.89195 -2.042113 142.5198
443 -17.81469590045066 -6.904942441113973 142.94989286933296 -18.90126 -2.02299 141.7522
444 -18.03003845617828 -6.876096075644745 142.22208320077056 -18.90872 -2.005121 140.9929
445 -17.90146714309753 -6.885414670410014 141.48235163839925 -18.91348 -1.989403 140.2422
446 -17.958225508281274 -6.8701197450089815 140.74170847909807 -18.91945 -1.974562 139.4994
447 -17.876762965025353 -6.91817189640623 140.0136554508258 -18.92677 -1.960534 138.7654
448 -17.95063715850726 -6.9006023966679635 139.29603258509735 -18.93511 -1.944374 138.044
449 -17.782526537463077 -6.949716846892815 138.6033875667602 -18.94438 -1.928158 137.3298
450 -17.59897098192748 -7.0466441767261525 137.92587620283157 -18.95464 -1.914991 136.6214
451 -17.724125657159547 -7.030440426313171 137.23273837656893 -18.96431 -1.905325 135.917
452 -17.814891451219957 -7.018983528663213 136.5376983123814 -18.97372 -1.895274 135.2161
453 -17.823058718343358 -7.038353242815284 135.83865484924735 -18.97911 -1.881347 134.5169
454 -17.74310710368415 -7.072202900740685 135.14674006815022 -18.98311 -1.86792 133.8197
455 -17.712604187030472 -7.076626642906778 134.45135590837816 -18.99097 -1.854861 133.1238
456 -17.736812280152044 -7.050174639894146 133.75678038084712 -19.00389 -1.83902 132.4286
457 -17.740257759555014 -7.0894970401733595 133.0694274613007 -19.0082 -1.829069 131.7402
458 -17.8111554583828 -7.102339780367564 132.39293079767685 -19.00738 -1.823556 131.0599
459 -17.885812125207284 -7.109328196130284 131.71447390515914 -19.01169 -1.813487 130.3774
460 -17.810594932448662 -7.1333541594606515 131.0339452400762 -19.02656 -1.799997 129.6926
461 -17.76164608117269 -7.12594061970743 130.33823119201617 -19.02976 -1.790406 128.9952
462 -17.748395836542947 -7.147938884584955 129.63016045214644 -19.02968 -1.783236 128.2867
463 -17.711813527337917 -7.170015332259306 128.90855283832 -19.03291 -1.773597 127.5639
464 -17.646670460352066 -7.18899553653759 128.17940585000196 -19.03689 -1.762349 126.8317
465 -17.62259466866996 -7.159649225374903 127.43899132399304 -19.04093 -1.751742 126.0904
466 -17.526172357669495 -7.205631483110304 126.6947165171751 -19.0431 -1.739549 125.3386
467 -17.669083171685667 -7.208562075664846 125.94480953066243 -19.0406 -1.721883 124.5754
468 -17.821241956359895 -7.170785002109129 125.1778587930521 -19.03398 -1.704964 123.7928
469 -17.837332896026656 -7.154069626393006 124.37629901725474 -19.02609 -1.689113 122.9911
470 -17.883695170892427 -7.155174978063736 123.55867962469365 -19.01737 -1.671608 122.1724
471 -17.834817990583915 -7.175829493658585 122.72486731514454 -19.00788 -1.651373 121.3372
472 -17.766508747179977 -7.188092729952953 121.87906202117838 -18.99551 -1.630463 120.4889
473 -17.764187899046405 -7.206769166518572 121.01222438707084 -18.9811 -1.606831 119.6223
474 -17.730263986912767 -7.17420373197956 120.13108025170885 -18.96236 -1.583863 118.7404
475 -17.696365559805972 -7.195590060176104 119.23206010648687 -18.94089 -1.56236 117.841
476 -17.774949213471906 -7.20062595925274 118.31460980602314 -18.91249 -1.539442 116.9209
477 -17.856920805262096 -7.1579980444018565 117.38183436436591 -18.88164 -1.51858 115.9843
478 -17.85646135177077 -7.148852901168235 116.42422939818324 -18.84566 -1.49574 115.0276
479 -17.810666366690896 -7.166943727584866 115.45414989312084 -18.80738 -1.472691 114.0573
480 -17.771438527976006 -7.20506864394302 114.46918089290894 -18.76261 -1.449607 113.0721
481 -17.88030459093637 -7.19177794486288 113.47198096857205 -18.71096 -1.425819 112.0705
482 -17.770275593881028 -7.184581152995468 112.45573425064683 -18.65467 -1.402779 111.0501
483 -17.774192290678023 -7.196527701440918 111.41406123613295 -18.59273 -1.382089 110.0104
484 -17.705688411343186 -7.190519293380462 110.35835272382964 -18.52665 -1.362588 108.9547
485 -17.76811032032609 -7.172223569147992 109.28798350420598 -18.45845 -1.343346 107.8847
486 -17.853581984129562 -7.1592589837955325 108.20091193901384 -18.38974 -1.32609 106.7965
487 -17.852494573350437 -7.136752996211239 107.09541619266939 -18.32377 -1.307555 105.6929
488 -17.914069508073144 -7.085158342017305 105.96541781646326 -18.25676 -1.288139 104.5622
489 -17.83463214817264 -7.063874802801163 104.81499884750653 -18.18725 -1.269054 103.4111
490 -17.817195007851275 -7.0918613396295465 103.64841682611979 -18.11737 -1.244731 102.2464
491 -17.724011522701876 -7.131952549846482 102.47791448443749 -18.04504 -1.219976 101.074
492 -17.76202912141944 -7.109646633580248 101.28395530759924 -17.972 -1.195663 99.88171
493 -17.728001869419817 -7.125799515788782 100.07207885455351 -17.89756 -1.172886 98.67175
494 -17.788038672861852 -7.071157847771889 98.8484803081974 -17.82503 -1.151222 97.4478
495 -17.722097618240163 -7.076988327374223 97.60870722906074 -17.75374 -1.126795 96.20855
496 -17.57802487319256 -7.051243633087985 96.35929242658297 -17.68421 -1.102525 94.95275
497 -17.564569466837902 -7.048371765385796 95.08185784774744 -17.6127 -1.077492 93.67749
498 -17.56920623151096 -7.064249155559389 93.79555538390208 -17.54366 -1.049972 92.39323
499 -17.498682016197193 -7.055380991548853 92.49254936219019 -17.4771 -1.022258 91.09028
500 -17.516027204969383 -7.056530151206398 91.17523815743851 -17.40999 -0.9990056 89.77477
501 -17.511709222256478 -7.071245158726712 89.85314280716946 -17.35065 -0.9753403 88.45413
502 -17.511328672091732 -7.047780544384558 88.50763082322916 -17.29334 -0.9584784 87.10974
503 -17.601755632611813 -7.030974094171453 87.13736238004199 -17.23975 -0.9440549 85.73751
504 -17.774493566485127 -6.9795376692558655 85.7621916596463 -17.18834 -0.9218292 84.35171
505 -17.816328847245273 -6.986590484395021 84.36635923044904 -17.13847 -0.8925921 82.95643
506 -17.84811557654977 -6.997551880226371 82.96241401491247 -17.09087 -0.8621183 81.55322
507 -17.917302292522887 -6.99555994740495 81.5364015536506 -17.04828 -0.8330614 80.12646
508 -18.094998751212874 -6.921980252017793 80.10583522499445 -17.00912 -0.8053784 78.68382
509 -18.135769446383897 -6.922885466807582 78.64965952716376 -16.97362 -0.7771295 77.22778
510 -18.196428707392112 -6.932927233598209 77.17998396606323 -16.9389 -0.7478602 75.75752
511 -18.284797440148388 -6.918062550161817 75.7088720362842 -16.90538 -0.7187593 74.28435
512 -18.357140826851836 -6.91441542172815 74.23436111125851 -16.87364 -0.688618 72.80871
513 -18.345421492553267 -6.913365253371719 72.75963783841364 -16.84487 -0.6588975 71.33452
514 -18.400615390067728 -6.945433326706458 71.28782797261185 -16.82112 -0.6266962 69.86187
515 -18.386112903894826 -7.037044598604984 69.82235356711847 -16.79851 -0.5936207 68.39401
516 -18.4352579987946 -7.0651506033694975 68.35358204731467 -16.77917 -0.561778 66.92462
517 -18.551030824731807 -7.08905031097245 66.89019335302545 -16.76019 -0.5300473 65.45693
518 -18.62520598632104 -7.117148460504206 65.42217053032408 -16.74127 -0.4983233 63.98723
519 -18.743246746183303 -7.141616712463213 63.96199205831115 -16.72374 -0.4662392 62.52254
520 -18.839032126756443 -7.1763938233635685 62.501841957350415 -16.70738 -0.4342216 61.05928
521 -18.94286053394407 -7.193124112448229 61.03441803429749 -16.69261 -0.4028967 59.5885
522 -19.050956185986742 -7.214664054270664 59.56812937121231 -16.67728 -0.3696661 58.11853
523 -19.194805161173914 -7.249201986821249 58.107491509252014 -16.66067 -0.331875 56.651
524 -19.238594039067912 -7.288546400576425 56.64559633827893 -16.64289 -0.2928006 55.18855
525 -19.328285298443195 -7.324887038887099 55.194840024686144 -16.62286 -0.2553499 53.73519
526 -19.394250013410662 -7.363525320806201 53.73818948728299 -16.60088 -0.2238776 52.27704
527 -19.514511063399972 -7.390513704122393 52.286644957581785 -16.57777 -0.1950878 50.82074
528 -19.618095125847567 -7.4019963738833985 50.8360109735166 -16.55446 -0.1667537 49.36683
529 -19.671303260304374 -7.43213041720685 49.38134284857138 -16.53154 -0.1361189 47.91138
530 -19.72139622318123 -7.471420870081053 47.931839246578264 -16.5059 -0.1018661 46.46111
531 -19.877730615113933 -7.460913982575704 46.492363795508034 -16.47825 -0.06682977 45.01382
532 -19.907897520023475 -7.5119532716252655 45.054874312382964 -16.45171 -0.03390796 43.57573
533 -20.023710691004855 -7.536446462144432 43.620434070708136 -16.42535 -0.004286154 42.13696
534 -20.184667541447567 -7.527512413481713 42.18997417512387 -16.40183 0.02267275 40.69789
535 -20.27107841742195 -7.527698004129776 40.756002694787504 -16.38003 0.0513988 39.26177
536 -20.36311585567202 -7.547203342320627 39.321660216355106 -16.35679 0.08060552 37.82483
537 -20.50375209765233 -7.577982598313791 37.90039435753439 -16.33245 0.1118254 36.39684
538 -20.55275975983005 -7.6149634853010495 36.47438202620569 -16.30758 0.1414094 34.97003
539 -20.62887343462004 -7.645828265530882 35.050645735130075 -16.28474 0.1706823 33.54441
540 -20.760705963549874 -7.672396748232985 33.63687611621621 -16.264 0.1998713 32.12471
541 -20.934537699812903 -7.681236835920683 32.230332267851104 -16.24608 0.2279988 30.70783
542 -21.023426179024106 -7.683343014836136 30.80962830089995 -16.22987 0.257281 29.28474
543 -21.07496791953908 -7.724018583519227 29.393615349296507 -16.21276 0.2860073 27.8676
544 -21.22214887463098 -7.742350752746413 27.990779174300474 -16.19488 0.3156601 26.45737
545 -21.355769502835436 -7.754709646238562 26.589529968919024 -16.17482 0.3455316 25.05017
546 -21.451728477234692 -7.752482505740071 25.188287844228775 -16.15363 0.3743586 23.6461
547 -21.58990756429217 -7.811475990960858 23.798219883608695 -16.13407 0.4041376 22.24839
548 -21.691737890236887 -7.833522781657417 22.409923503857303 -16.11623 0.4323654 20.85659
549 -21.80234947978048 -7.8581979531677035 21.030132050742978 -16.10044 0.4615578 19.47255
550 -21.937080585765642 -7.893263341744022 19.652610110926375 -16.08658 0.4926781 18.08843
551 -22.04789299983187 -7.916324153277726 18.2768294944482 -16.07258 0.5236603 16.70842
552 -22.29732609727135 -7.909852318269175 16.92379628603003 -16.0573 0.5539333 15.33299
553 -22.469270450628766 -7.935197934447987 15.563770050641436 -16.04039 0.5822458 13.9623
554 -22.605658974783594 -7.925299917683473 14.202982337978284 -16.01956 0.6052059 12.59501
555 -22.80085228924135 -7.88275223833641 12.843768819115873 -15.99987 0.6277813 11.22152
556 -22.93465123815741 -7.872011963975498 11.481480854450654 -15.98184 0.653636 9.852998
557 -23.011936675250336 -7.893298467564023 10.117845475572233 -15.96753 0.6821976 8.487382
558 -23.19846611353936 -7.903889328300113 8.765731177212977 -15.95764 0.7126679 7.122797
559 -23.28189053144686 -7.92294848617019 7.40902656219317 -15.94956 0.7443265 5.763789
560 -23.347719900244645 -7.964338725861448 6.047297537581434 -15.93877 0.7787213 4.400318
561 -23.427744258107598 -7.978086153485156 4.687837914488377 -15.9259 0.8125999 3.038918
562 -23.505677676613804 -7.98779407648171 3.326801194923812 -15.90918 0.8446651 1.676097
563 -23.54155911048959 -7.990965469943847 1.9596369784291623 -15.88963 0.8754178 0.3089439
564 -23.684927294768357 -7.982311185722311 0.5946248898636302 -15.87121 0.9045038 -1.063172
565 -23.78392260677701 -8.000065886884036 -0.7754486503483438 -15.85397 0.9332548 -2.436523
566 -23.888092720681648 -8.02993398858681 -2.1486009365377567 -15.83843 0.9601236 -3.813595
567 -23.959300499680896 -8.03210842137559 -3.525838528475857 -15.8232 0.9870965 -5.192326
568 -23.99032448945982 -8.017499794646561 -4.909901661570421 -15.80825 1.014088 -6.57647
569 -24.11575040064122 -8.022948164049216 -6.294167919193994 -15.79123 1.041956 -7.966034
570 -24.26686298041757 -8.021189148082883 -7.677447717131552 -15.7739 1.070725 -9.357139
571 -24.236237557463294 -8.08251513016921 -9.074283086735294 -15.75586 1.10059 -10.75522
572 -24.28827808499491 -8.09416214759171 -10.46838440828276 -15.73852 1.129671 -12.14993
573 -24.356019878177452 -8.108941159248461 -11.864615037610118 -15.72233 1.159922 -13.54746
574 -24.389183947625252 -8.132265597691413 -13.267992582524169 -15.70577 1.188722 -14.95103
575 -24.488408039796955 -8.15797241540771 -14.672683432973693 -15.6909 1.214563 -16.35914
576 -24.572812571509854 -8.183684691002092 -16.075419754023052 -15.67519 1.238904 -17.76435
577 -24.673024964800053 -8.192910671112244 -17.481204452402594 -15.65947 1.258378 -19.17351
578 -24.74915211762199 -8.189100477114083 -18.89002644751799 -15.64353 1.279114 -20.58415
579 -24.820818805298064 -8.171714175244322 -20.308084353299286 -15.62986 1.298206 -22.00393
580 -24.92041401214327 -8.188421040865277 -21.725170831182194 -15.61782 1.320134 -23.42439
581 -24.979059464780434 -8.18763505750084 -23.144834563196273 -15.60601 1.342475 -24.84504
582 -25.09882739341276 -8.199834306459383 -24.562751428370312 -15.59027 1.362532 -26.26783
583 -25.19275025641986 -8.191827000898838 -25.98000025248632 -15.57331 1.381668 -27.68798
584 -25.33610870433926 -8.185507778648764 -27.4004153781944 -15.55401 1.401278 -29.11536
585 -25.40343849077312 -8.190607027329238 -28.831574972816075 -15.53676 1.423844 -30.54783
586 -25.511517828529442 -8.196392143066019 -30.25305415166115 -15.5214 1.450596 -31.97309
587 -25.617920516416934 -8.20088155511774 -31.672370563554832 -15.50772 1.474487 -33.39613
588 -25.654040234106184 -8.214461453241043 -33.09595761380677 -15.49326 1.496909 -34.81999
589 -25.768073698141382 -8.19844782283616 -34.516065022947856 -15.47662 1.519635 -36.24448
590 -25.925540055771492 -8.14494322912339 -35.927677288816334 -15.46088 1.542757 -37.66558
591 -26.034843528270233 -8.123334155860318 -37.340183932983514 -15.4441 1.566849 -39.08217
592 -26.136623186908 -8.121249737807988 -38.75372461962291 -15.42668 1.593713 -40.49901
593 -26.26180888486306 -8.150392391887594 -40.163118830349525 -15.40927 1.621146 -41.91388
594 -26.31056989917201 -8.151910934237163 -41.5713280182267 -15.39245 1.647343 -43.32259
595 -26.387434129226786 -8.17045524707028 -42.971448915707924 -15.37523 1.670185 -44.72465
596 -26.431133452830835 -8.166700802844243 -44.376779521825256 -15.35699 1.68978 -46.13041
597 -26.440004191780115 -8.162469302037817 -45.78456454416369 -15.33783 1.710257 -47.53795
598 -26.52689820236453 -8.127191171272294 -47.18781135161214 -15.3171 1.733637 -48.94398
599 -26.540098887637495 -8.183607996498186 -48.58958399313457 -15.29715 1.757778 -50.3466
600 -26.58517599698967 -8.187915137573576 -49.99112996128981 -15.27696 1.78328 -51.7485
601 -26.644835607814347 -8.187061623462315 -51.39445739087954 -15.25676 1.808697 -53.15272
602 -26.74520568098983 -8.230750530808603 -52.78573985435905 -15.23749 1.833987 -54.54794
603 -26.843058661432707 -8.217495597164621 -54.184192199624185 -15.21771 1.859642 -55.9495
604 -26.918916500667738 -8.216747789061772 -55.58507331472662 -15.19945 1.883021 -57.35212
605 -27.005618719115038 -8.216773513400927 -56.98194616181886 -15.1841 1.905888 -58.75141
606 -27.037006298519707 -8.219042473225041 -58.381114182181115 -15.17008 1.927806 -60.15069
607 -27.143643284474614 -8.227809344871975 -59.775911283501586 -15.15697 1.949198 -61.54936
608 -27.335682276000263 -8.205106544109027 -61.164869987593015 -15.14226 1.969588 -62.95149
609 -27.398144969452147 -8.224674167044787 -62.562829116646284 -15.12801 1.98995 -64.35076
610 -27.47143722596346 -8.251384891657924 -63.96085878089742 -15.11338 2.0103 -65.75074
611 -27.504491080543517 -8.250034256087215 -65.35647156977619 -15.10121 2.031551 -67.14653
612 -27.52398092790155 -8.253298572193179 -66.74877247747766 -15.09141 2.052437 -68.53878
613 -27.55864596442625 -8.266495633434786 -68.14427132377826 -15.08303 2.071234 -69.93462
614 -27.641178063090244 -8.297427738016887 -69.53023128173962 -15.07453 2.08736 -71.32326
615 -27.65403129839757 -8.253217038200848 -70.91471930305468 -15.06438 2.102811 -72.70839
616 -27.731157928016454 -8.244230965525956 -72.29953763168177 -15.05383 2.117081 -74.09527
617 -27.784486764488747 -8.275162068283478 -73.67923955457915 -15.04316 2.130723 -75.47624
618 -27.892545464441163 -8.270844683260894 -75.05532236927897 -15.03084 2.146554 -76.85642
619 -27.967714140527256 -8.278868615743386 -76.42345188971152 -15.01678 2.16346 -78.22646
620 -28.020920487622345 -8.272463274660442 -77.78941349627424 -14.99833 2.179823 -79.59325
621 -28.106016664230857 -8.264731140443411 -79.14725826570411 -14.9793 2.191194 -80.9536
622 -28.088968038232135 -8.240848338808593 -80.51079993676578 -14.95957 2.200916 -82.31728
623 -28.13476902862737 -8.228048747316876 -81.87340960279691 -14.94128 2.214391 -83.68053
624 -28.228821820552678 -8.208291859051627 -83.22463920139262 -14.92467 2.232509 -85.03495
625 -28.29537841388694 -8.198291538453438 -84.57224530719198 -14.90817 2.250863 -86.38401
626 -28.23557285641062 -8.220748688823322 -85.91366164393915 -14.89187 2.268643 -87.72673
627 -28.26360791755295 -8.256049741828923 -87.25676450123916 -14.87398 2.282365 -89.0704
628 -28.319762128969575 -8.293425053294062 -88.59286606519943 -14.85657 2.296993 -90.40801
629 -28.342193512971058 -8.301510344343676 -89.925951311859 -14.83919 2.311152 -91.74112
630 -28.534447792517145 -8.24326135808237 -91.24653620618452 -14.82426 2.326927 -93.07672
631 -28.602064932422305 -8.25963346820442 -92.56852592850697 -14.81076 2.341502 -94.40039
632 -28.747989119402657 -8.28973363882479 -93.88424969369736 -14.79798 2.357904 -95.72436
633 -28.76449583905209 -8.267697241033858 -95.20525858159318 -14.78703 2.374193 -97.04551
634 -28.831783549057047 -8.278234624456033 -96.52153643163622 -14.77603 2.389834 -98.36341
635 -29.008917049862404 -8.239274793651672 -97.82229742223254 -14.76703 2.407843 -99.6766
636 -29.026663618439116 -8.212706510035575 -99.12927304735739 -14.75854 2.426874 -100.9838
637 -29.076424961499093 -8.20379290106582 -100.43492974802606 -14.75176 2.444391 -102.2903
638 -29.08644517272775 -8.208575931379897 -101.73733320658718 -14.7441 2.462669 -103.5926
639 -29.18141673855822 -8.196195717427516 -103.0333273499467 -14.7396 2.480363 -104.892
640 -29.247834940938986 -8.186001120160252 -104.32551687865528 -14.73425 2.498308 -106.1858
641 -29.347663160284654 -8.14757586283402 -105.60817686368745 -14.73066 2.514949 -107.4728
642 -29.346089904346503 -8.175900164117575 -106.89806292649243 -14.72824 2.530663 -108.7629
643 -29.3750873862222 -8.172893248265957 -108.18084103112741 -14.72729 2.547386 -110.0459
644 -29.41896236661321 -8.179193087128272 -109.46338006996483 -14.72555 2.56369 -111.3291
645 -29.556482427448607 -8.17774332513005 -110.73238333277664 -14.72479 2.582153 -112.6054
646 -29.588560293298936 -8.16588101833763 -112.00375810782963 -14.72153 2.600374 -113.8771
647 -29.72536944566218 -8.12811661886677 -113.26652086771854 -14.7196 2.617244 -115.1477
648 -29.72074516410466 -8.153734493921458 -114.52976776134693 -14.7178 2.634202 -116.4111
649 -29.6809030021467 -8.135460026825083 -115.78711643623065 -14.71582 2.650909 -117.6691
650 -29.69649186980045 -8.142294107794925 -117.04181812284726 -14.71284 2.667793 -118.9238
651 -29.733339003755308 -8.148051861012746 -118.29099284224931 -14.70983 2.685657 -120.1734
652 -29.82656988353381 -8.150746264133225 -119.52832377238222 -14.70566 2.703911 -121.4141
653 -29.886214900068204 -8.158995551562546 -120.75775755285173 -14.70294 2.719941 -122.6449
654 -29.95678113175901 -8.150054361006601 -121.97799284444118 -14.70054 2.735913 -123.8671
655 -29.998414224971206 -8.190332703829698 -123.19111185824363 -14.69881 2.751503 -125.0815
656 -30.058286945078372 -8.176313913375159 -124.39525303593217 -14.6983 2.767801 -126.2871
657 -30.063262130310175 -8.193182367330829 -125.59334486947127 -14.69852 2.784821 -127.4852
658 -30.07650597170949 -8.210706091212662 -126.77846019417275 -14.70118 2.801395 -128.6704
659 -30.054887870815424 -8.216895280144287 -127.95326625017098 -14.70614 2.817529 -129.8453
660 -30.074944256610635 -8.219411225064269 -129.11681229178643 -14.71233 2.833172 -131.0089
661 -30.046288391117642 -8.235096248247809 -130.2696730195769 -14.71896 2.848691 -132.1621
662 -30.08463781221752 -8.26790700588177 -131.40617132901198 -14.72488 2.863999 -133.2996
663 -30.101150431292826 -8.265561719671824 -132.52399729599784 -14.73334 2.880267 -134.4174
664 -30.135988176012393 -8.277454754118706 -133.62012493929973 -14.74314 2.895211 -135.514
665 -30.155793923896663 -8.278844497635584 -134.70029600236737 -14.74619 2.913166 -136.5942
666 -30.17542519918104 -8.287058170555037 -135.76021758528606 -14.75233 2.928943 -137.6542
667 -30.15723768992944 -8.30395201892622 -136.79279034486208 -14.75847 2.946711 -138.6869
668 -30.129536107746862 -8.331965611981822 -137.80100129067534 -14.76466 2.964758 -139.6957
669 -30.159465063108776 -8.35062402861522 -138.78111865694365 -14.77357 2.979529 -140.6763
670 -30.133398987215454 -8.378485591325898 -139.7353217032288 -14.78487 2.993256 -141.6311
671 -30.15712094145282 -8.372885207937303 -140.66028477004664 -14.79743 3.006784 -142.5562
672 -30.211501598829095 -8.361800139172065 -141.5547299056446 -14.80845 3.020005 -143.4522
673 -30.231981944074064 -8.37696688339362 -142.4234036699528 -14.81802 3.032842 -144.3211
674 -30.212295846702 -8.41215568662983 -143.25642952328633 -14.8233 3.044707 -145.155
675 -30.24103791168492 -8.420076854285961 -144.06426648073472 -14.81877 3.055661 -145.9633
676 -30.23092946267388 -8.435744606344358 -144.84559476340021 -14.79757 3.065594 -146.7445
677 -30.24412204923963 -8.428196927395941 -145.60139336616635 -14.75456 3.071965 -147.4992
678 -30.124899490478153 -8.471968859573662 -146.31860326801993 -14.68816 3.079106 -148.2245
679 -30.03354606413706 -8.512549300884281 -147.01864328698153 -14.59929 3.086043 -148.926
680 -29.845636143950358 -8.51899839406367 -147.66927573419085 -14.49202 3.08883 -149.5947
681 -29.86824623867372 -8.556697922320382 -148.31090232700853 -14.3642 3.087775 -150.225
682 -29.778678594805356 -8.582411743998597 -148.93091544862094 -14.21312 3.08933 -150.8335
683 -29.593198734466185 -8.573676441583526 -149.51079818866785 -14.03648 3.090778 -151.4162
684 -29.073370523814315 -8.722542701100211 -149.69583364524033 -13.83342 3.086577 -151.9504
685 -28.887853923416586 -8.7426291132906 -150.23717526484037 -13.60854 3.07671 -152.4769
686 -28.65848734513307 -8.757515427274802 -150.71987805105823 -13.36041 3.06086 -152.9502
687 -28.451054901280038 -8.772144707497581 -151.2285192760856 -13.08243 3.04676 -153.424
688 -28.22159404868848 -8.806439287986498 -151.7207579000202 -12.77723 3.032264 -153.8743
689 -27.82165665598534 -8.816296876522802 -152.04321068215592 -12.44653 3.015235 -154.2672
690 -27.41745613979806 -8.827538555965013 -152.3912415221705 -12.0933 2.992923 -154.6664
691 -27.087291697096582 -8.824141429382152 -152.80079170204056 -11.71655 2.969218 -155.0328
692 -26.845164051836818 -8.827664185994568 -153.23609974325137 -11.31815 2.947184 -155.331
693 -26.441275816185613 -8.822468432565994 -153.55342321965026 -10.90107 2.926439 -155.6301
694 -26.101944246933382 -8.832573538427166 -153.90833744974023 -10.46589 2.901563 -155.8564
695 -25.6478575058224 -8.884148331964534 -154.11223880780042 -10.02043 2.872763 -156.0826
696 -25.17986726129622 -8.93282713450145 -154.2638954093379 -9.567123 2.844586 -156.2778
697 -24.732111563296055 -9.004268401858761 -154.10892261479717 -9.106293 2.815747 -156.4059
698 -24.313775732640817 -9.067890596200012 -153.87443465599716 -8.642035 2.787238 -156.5389
699 -23.851883163969195 -9.161347129314116 -153.95728086748096 -8.174402 2.7555 -156.6351
700 -23.386751720861206 -9.193474653540203 -154.05776348233738 -7.699412 2.722687 -156.6631
701 -22.91474689790048 -9.220543299222195 -154.13964593451584 -7.221458 2.690343 -156.6903
702 -22.48435688731121 -9.307528545920844 -153.9232279949943 -6.734167 2.665011 -156.651
703 -22.000620091876982 -9.371514119751838 -153.99182302553257 -6.24316 2.64127 -156.6171
704 -21.50488230468414 -9.417872698461945 -153.99876229776552 -5.751237 2.615199 -156.5444
705 -21.09841490730217 -9.43648042860699 -153.68716645487225 -5.261917 2.593307 -156.3936
706 -20.613776361605535 -9.49309735924708 -153.55262439722875 -4.779011 2.569364 -156.2439
707 -20.106995692137865 -9.551785501420554 -153.4410055526275 -4.305429 2.552946 -156.0244
708 -19.605732581759945 -9.532545575505287 -153.32452551348757 -3.838336 2.542408 -155.8078
709 -19.119687098153967 -9.561745041334309 -153.12034460901674 -3.375344 2.534833 -155.5541
710 -18.717922252137235 -9.633355373983468 -152.7335136137746 -2.922418 2.530704 -155.2209
711 -18.344707620383133 -9.689084299655885 -152.3310257223132 -2.480572 2.522617 -154.8906
712 -17.925257227797623 -9.71781248584195 -151.9218935505651 -2.057963 2.510377 -154.4839
713 -17.382153065978034 -9.776618617294995 -152.09075593008694 -1.653879 2.499815 -154.0795
714 -17.070254188862183 -9.799147255332871 -151.596938058934 -1.268487 2.493093 -153.6401
715 -16.766898741979414 -9.867854471606893 -151.05889778333014 -0.8983582 2.487045 -153.1409
716 -16.157559476016772 -9.902558858425673 -151.14040434461745 -0.5510777 2.478814 -152.6325
717 -15.761634744175124 -9.892362975517939 -150.61511248421405 -0.2261366 2.467171 -152.0606
718 -15.436863000635359 -9.951892518011205 -150.06084380576516 0.06230717 2.456904 -151.4836
719 -15.181160911405051 -9.995162982528203 -149.4560599739556 0.323482 2.446327 -150.8797
720 -14.921151043952452 -10.02652737186571 -148.80516126394585 0.5523554 2.433161 -150.2166
721 -14.772722208812187 -10.054474619995968 -148.1265380183539 0.7484821 2.422189 -149.5497
722 -14.782379422674795 -10.08812462689505 -147.39683780513602 0.9129124 2.410623 -148.838
723 -14.736761504052504 -10.105087589758606 -146.6603889191879 1.04825 2.40293 -148.1125
724 -14.681115835735575 -10.095133760059845 -145.88959930046053 1.163229 2.393425 -147.3483
725 -14.597689452991876 -10.088806838152001 -145.10588375890512 1.265054 2.383452 -146.5668
726 -14.536512099261664 -10.100656028473324 -144.29749438905648 1.348496 2.371923 -145.7604
727 -14.492983129207477 -10.123552968537492 -143.4630525016361 1.40767 2.359471 -144.9267
728 -14.467899973958 -10.117040874030732 -142.60964659400253 1.44478 2.346915 -144.0738
729 -14.507325025134682 -10.180092350183964 -141.73639227111622 1.463451 2.332663 -143.1977
730 -14.535960814328055 -10.198733446000086 -140.84243353550028 1.469675 2.319985 -142.3032
731 -14.585732912413006 -10.233056323637259 -139.92782115895326 1.468738 2.305914 -141.3867
732 -14.631594032167719 -10.281152214608872 -138.9942606480899 1.471319 2.290968 -140.4509
733 -14.695849021223898 -10.342568067577236 -138.0396126238477 1.479967 2.274698 -139.4923
734 -14.81255889546617 -10.382256245370922 -137.0703671757708 1.489345 2.260154 -138.5154
735 -14.857484831286618 -10.426208812219535 -136.07490872276782 1.499366 2.246738 -137.5181
736 -14.936525218907677 -10.446151150264194 -135.06449707858758 1.504842 2.234017 -136.5045
737 -14.981715480950186 -10.454718614420578 -134.03443029023913 1.505414 2.220167 -135.4735
738 -15.019125534706545 -10.488018335811548 -132.98392343569546 1.504501 2.205688 -134.4219
739 -15.02140266294331 -10.52022234499406 -131.91419780906983 1.503329 2.190202 -133.3518
740 -15.07777419783416 -10.570210764530101 -130.82971957295152 1.501627 2.17614 -132.2648
741 -15.180322522763877 -10.609712668822555 -129.73057185302423 1.49856 2.159629 -131.1603
742 -15.102035279771993 -10.671685723726158 -128.6136020277887 1.49165 2.144473 -130.039
743 -15.1416783396762 -10.71508365445822 -127.47556423878096 1.48238 2.128143 -128.8996
744 -15.237673172265911 -10.764670144239183 -126.32493493836998 1.470024 2.111152 -127.7441
745 -15.315826035536828 -10.786876813277958 -125.15986026846475 1.458443 2.092643 -126.5764
746 -15.401297857754177 -10.82729752007076 -123.97532907957472 1.447721 2.073753 -125.3883
747 -15.427102874964909 -10.861903374866715 -122.77258513544962 1.436723 2.053638 -124.185
748 -15.459992769556466 -10.879248039810701 -121.55332830800687 1.426398 2.032685 -122.9654
749 -15.54743568157464 -10.916948742667836 -120.32577649436726 1.41804 2.009877 -121.7344
750 -15.617506704629667 -10.967572876950934 -119.08581550100735 1.413177 1.9844 -120.4917
751 -15.654101255199809 -11.018287032180517 -117.82686129985747 1.410381 1.956743 -119.2315
752 -15.74932401782159 -11.033109011027733 -116.54954947606082 1.407398 1.927293 -117.9509
753 -15.884312101965296 -11.085662263572145 -115.26362772477025 1.405768 1.897027 -116.6572
754 -15.957673790851802 -11.13450774136139 -113.95728409955508 1.402662 1.864276 -115.3483
755 -15.99929678559537 -11.19100112815455 -112.6395443844151 1.396732 1.832056 -114.0291
756 -16.069830671181244 -11.238320084345919 -111.30771853112753 1.385028 1.800206 -112.695
757 -16.113371446998215 -11.25098978797587 -109.95349639833057 1.369687 1.767521 -111.3405
758 -16.291902381221004 -11.300284043686066 -108.59766679934347 1.351798 1.734254 -109.9726
759 -16.428406818195423 -11.322642921601293 -107.22423489863827 1.330549 1.700357 -108.5928
760 -16.54601551880266 -11.377795203363778 -105.83726153748859 1.30829 1.668467 -107.2003
761 -16.553073294389467 -11.440196830682288 -104.4288900102115 1.284827 1.635925 -105.7911
762 -16.600689532001837 -11.487178831261616 -103.00662637129388 1.259616 1.601652 -104.3679
763 -16.74705232110137 -11.52229154082308 -101.57797383014916 1.230259 1.565326 -102.9321
764 -16.781087553338935 -11.558559994520241 -100.12472608654762 1.202212 1.530047 -101.4787
765 -16.833639668464425 -11.619267747332708 -98.65506959364552 1.170075 1.495851 -100.0076
766 -16.935530312716203 -11.658800683921623 -97.18000024564842 1.142136 1.46328 -98.52911
767 -17.036912816847114 -11.674091326770036 -95.67992016816073 1.115543 1.436157 -97.02601
768 -17.133472802002363 -11.700759239362041 -94.17250177249389 1.089274 1.41068 -95.51571
769 -17.274217538974032 -11.763465998101687 -92.66658357177509 1.062982 1.390693 -94.00229
770 -17.374942638367113 -11.789262969748775 -91.15898904737467 1.036568 1.374673 -92.49143
771 -17.521946062066146 -11.835550896279615 -89.65740025460242 1.009148 1.361424 -90.98226
772 -17.70922357524919 -11.886111278041637 -88.16351851649459 0.984734 1.348472 -89.47609
773 -17.855608991924985 -11.956513615464113 -86.66920826543871 0.9616474 1.333401 -87.97323
774 -17.976846034833972 -11.976873753637733 -85.16765162188008 0.9399983 1.316473 -86.4669
775 -18.110104404982607 -11.99373275971106 -83.67376304432653 0.9191412 1.298308 -84.96724
776 -18.140454751774623 -11.994685471838928 -82.16098188953158 0.8995469 1.282847 -83.45436
777 -18.252253288773783 -12.023524227891494 -80.66040012012465 0.8834484 1.268237 -81.9495
778 -18.3769865527396 -12.081692609075493 -79.16259007884975 0.8679533 1.25271 -80.44554
779 -18.507770057643135 -12.143542225620662 -77.66623690142795 0.8520469 1.234831 -78.9424
780 -18.629284618074855 -12.18356654332963 -76.16875198016395 0.8381739 1.219714 -77.4396
781 -18.700353779054122 -12.210292652702536 -74.66540952309037 0.8255732 1.207956 -75.93444
782 -18.731113454745497 -12.240735662884534 -73.16351815883613 0.8134235 1.199179 -74.432
783 -18.96930180856181 -12.232753384099494 -71.68689713206734 0.8003155 1.189369 -72.93636
784 -19.14166373666567 -12.245911111312562 -70.2038064301712 0.7849788 1.176896 -71.44336
785 -19.270856715076714 -12.28170143697765 -68.72226142634948 0.763954 1.1606 -69.956
786 -19.46821977135035 -12.297267832651956 -67.24183159771533 0.7450432 1.144297 -68.4626
787 -19.525847432803776 -12.33056216378129 -65.75182016751943 0.7252411 1.128317 -66.97132
788 -19.58207370355708 -12.371855693649767 -64.27109088787752 0.710763 1.111896 -65.48911
789 -19.697349673076385 -12.398239445391896 -62.79167806273991 0.6946295 1.096104 -64.00515
790 -19.778247018957128 -12.449614277411616 -61.31496695484639 0.6777408 1.080622 -62.52551
791 -19.838285801148025 -12.483876798900445 -59.83625204975458 0.6587746 1.067484 -61.04536
792 -19.93488398103254 -12.539954418275162 -58.37043741015994 0.6370383 1.049226 -59.57557
793 -20.0071460159614 -12.528024417717825 -56.89984891071689 0.6135026 1.030981 -58.10346
794 -20.103753450421816 -12.56501313925336 -55.42729603682428 0.5856644 1.015669 -56.62762
795 -20.172104171499974 -12.599022865557236 -53.961952308970055 0.5571177 1.005763 -55.1606
796 -20.272848503934654 -12.657641237284999 -52.50364436594753 0.5253982 0.9957028 -53.69802
797 -20.32956506284675 -12.698589235516986 -51.0435259644948 0.4907091 0.9846881 -52.23668
798 -20.344619912579482 -12.701651605467951 -49.58499227107396 0.4561315 0.9709516 -50.77854
799 -20.436739699096744 -12.749147792613796 -48.132572578722275 0.4235407 0.9558653 -49.32287
800 -20.555195551130563 -12.80494099465902 -46.68459113679361 0.3928533 0.9391869 -47.8694
801 -20.647513318372113 -12.868796115233703 -45.23709242018099 0.3621644 0.9230089 -46.41797
802 -20.77571037648265 -12.922555511968845 -43.79385101585289 0.3335672 0.9069681 -44.96842
803 -20.90939560057168 -12.97205383440413 -42.3577479381497 0.3070324 0.8911135 -43.52559
804 -20.992136530197495 -12.989254920768413 -40.91342268142438 0.2806278 0.8754699 -42.07912
805 -21.050563336601382 -13.0249571031732 -39.47216024851926 0.254373 0.8594365 -40.63656
806 -21.166948977218123 -13.064280137753158 -38.037694677392054 0.2281179 0.8436096 -39.19717
807 -21.235070725444206 -13.08838304985321 -36.60452833487094 0.202969 0.8253285 -37.76252
808 -21.308287420603786 -13.115441563685822 -35.17174650577081 0.1777994 0.806336 -36.32796
809 -21.39771381010426 -13.1638110795887 -33.74213785080424 0.1537249 0.7865138 -34.89508
810 -21.42417754002795 -13.224590765520489 -32.31213263625128 0.132669 0.7682861 -33.46381
811 -21.533123098786373 -13.257624542119796 -30.888687219791446 0.1133742 0.7522313 -32.03604
812 -21.654232971240642 -13.304922826857688 -29.47237255014393 0.09746084 0.735284 -30.61396
813 -21.785462556795732 -13.344747743493041 -28.058864409577982 0.0848288 0.7168959 -29.19399
814 -21.742987542002435 -13.3871319197993 -26.643495133007242 0.07224084 0.6980984 -27.77753
815 -21.815376306165312 -13.430379592109924 -25.22424677626969 0.06062565 0.6785993 -26.35596
816 -21.903674932436832 -13.460538696743694 -23.818897176154746 0.05256871 0.6586934 -24.94768
817 -21.96022126592883 -13.511147736343041 -22.41642571618082 0.04390241 0.6329309 -23.54342
818 -22.05688957453912 -13.579391376222189 -21.017538561333698 0.03720921 0.6021743 -22.13989
819 -22.10821320559651 -13.641973214476474 -19.617935223990447 0.03232865 0.5653751 -20.73844
820 -22.18143717958294 -13.716729581906705 -18.22358417491551 0.02925888 0.5295576 -19.34063
821 -22.22178960042597 -13.786687470677066 -16.828513689210464 0.02669736 0.4947389 -17.94366
822 -22.2120286196187 -13.840514648123644 -15.435813328403995 0.02516131 0.4624741 -16.55026
823 -22.207130710906846 -13.845109922918141 -14.051357197913502 0.02416042 0.4312538 -15.16614
824 -22.190675298976362 -13.866918286154544 -12.667695114518878 0.02354535 0.3987551 -13.78259
825 -22.21081958389513 -13.867375698858522 -11.288705465096463 0.02158789 0.3670075 -12.40382
826 -22.329907597866622 -13.914533636398401 -9.917825180019488 0.01528089 0.3343854 -11.02737
827 -22.338284654201424 -13.954715152911854 -8.545401851905813 0.008955879 0.3016035 -9.654739
828 -22.413261816494014 -14.013029361667162 -7.178735595146253 -0.0005365659 0.2716196 -8.285137
829 -22.387936968211296 -14.049350701890337 -5.808079515207471 -0.009785478 0.2414501 -6.914129
830 -22.453814200374634 -14.113998929887236 -4.444718627688357 -0.0204447 0.2108318 -5.548032
831 -22.494571522673283 -14.146453803421224 -3.0806055485065618 -0.0311414 0.1812868 -4.183286
832 -22.521912803483197 -14.220802568990504 -1.7176482783343359 -0.04437224 0.1473329 -2.818515
833 -22.59013803295468 -14.288760579410136 -0.3583469929347809 -0.05789727 0.1134699 -1.456295
834 -22.550900570748762 -14.331751741269814 1.006545741386206 -0.07289734 0.07816926 -0.09070031
835 -22.617566190093573 -14.40044318017468 2.3637674279528023 -0.08864261 0.04590358 1.269419
836 -22.65153859061584 -14.44615996327278 3.7226662495823244 -0.1031707 0.0117715 2.629005
837 -22.705086214970237 -14.508302369403339 5.0796714969357115 -0.1175645 -0.02016324 3.988036
838 -22.829253146612103 -14.55672769217394 6.4296560497057245 -0.1318827 -0.0534628 5.344099
839 -22.854927690007766 -14.62258151459629 7.788648645809303 -0.1458828 -0.08812058 6.704415
840 -22.855990965100116 -14.659028833706378 9.144081297362014 -0.1601769 -0.1221722 8.059835
841 -22.931574326236454 -14.69551462961088 10.498013052747854 -0.175095 -0.1546373 9.415895
842 -22.963623547396942 -14.723165923533061 11.85302756972697 -0.1926087 -0.1870422 10.77107
843 -23.014718745261447 -14.779332186100982 13.203504023796306 -0.2081545 -0.2207459 12.12317
844 -23.06782325592469 -14.836231469035924 14.55590362748988 -0.223104 -0.2534493 13.47733
845 -23.107524193937046 -14.887390760099423 15.90787300673065 -0.235533 -0.2892015 14.83032
846 -23.175683588280343 -14.939089295901274 17.256272339568817 -0.2482197 -0.3237106 16.18093
847 -23.234406371415357 -14.9891339747854 18.607184308609813 -0.2588532 -0.3582793 17.53356
848 -23.317469513220843 -15.050869056606855 19.953217705614534 -0.2709142 -0.3936047 18.88305
849 -23.354386346115426 -15.127993537133941 21.30126658327196 -0.2833573 -0.4284891 20.2333
850 -23.391738448425276 -15.179133676016951 22.647131697250064 -0.2952092 -0.463001 21.58016
851 -23.387755036974877 -15.219194992644486 23.993394841089867 -0.3094675 -0.4966128 22.92653
852 -23.38739615161922 -15.28530148559665 25.338845510123203 -0.3233764 -0.5315032 24.27308
853 -23.4686278209346 -15.356348878528934 26.675450966379834 -0.3380715 -0.5652421 25.61353
854 -23.514863450748898 -15.404902850382445 28.015652028667965 -0.3534582 -0.5991642 26.95489
855 -23.59956096162144 -15.459310061417606 29.350478631013466 -0.3674572 -0.630802 28.29306
856 -23.696779392632067 -15.50976582801462 30.677189450156753 -0.3836725 -0.6611411 29.62384
857 -23.823736939481098 -15.579285731786982 31.996780702251268 -0.3976799 -0.6925713 30.9509
858 -23.855552099346106 -15.636228918080276 33.32723433095283 -0.4139985 -0.7240355 32.28248
859 -23.971913307164574 -15.687706144512795 34.64560413655359 -0.4270073 -0.7566562 33.60651
860 -24.074770660123207 -15.724959949837611 35.96191681440389 -0.4397568 -0.7887161 34.92691
861 -24.147464830990717 -15.774180610647013 37.275876904954686 -0.4515375 -0.8206355 36.24336
862 -24.261863495935938 -15.81800915751349 38.582160890605884 -0.4615286 -0.8517037 37.55497
863 -24.26432276615563 -15.904955415744348 39.89122548289998 -0.4718552 -0.882457 38.86652
864 -24.28396543378981 -15.986149871699702 41.19618327075428 -0.4839122 -0.9115305 40.17377
865 -24.261087608944504 -16.071721137275823 42.49995643193692 -0.4974895 -0.9403596 41.48016
866 -24.301902778820146 -16.124137071166697 43.796939421603895 -0.5125043 -0.9685698 42.77845
867 -24.38664567640401 -16.18471947799019 45.09079375349188 -0.5346231 -0.9956525 44.07602
868 -24.450174873390612 -16.219994412836474 46.38628590523156 -0.5552041 -1.019285 45.37317
869 -24.54665215476865 -16.246855820910113 47.67969226267529 -0.5782583 -1.038533 46.6701
870 -24.529107622092543 -16.27070744476667 48.97063388594006 -0.5999916 -1.053627 47.96111
871 -24.606572743295747 -16.293802408997248 50.256697542604485 -0.6230983 -1.066505 49.24944
872 -24.651942470092877 -16.345927185069314 51.53327103791628 -0.6456359 -1.075808 50.52765
873 -24.71016567314128 -16.380731501025615 52.81460174108569 -0.6740058 -1.087279 51.81041
874 -24.74110211669648 -16.423963339703317 54.09068406157758 -0.7020633 -1.100738 53.08722
875 -24.838644015269786 -16.468585026247784 55.36026167463423 -0.7311397 -1.115793 54.3609
876 -24.878419130524026 -16.496168072066407 56.62838967422171 -0.7624769 -1.130431 55.62948
877 -24.973125035354474 -16.529187680547118 57.89699952699305 -0.7942812 -1.144783 56.90157
878 -24.99450684113611 -16.577614746993177 59.165685076011094 -0.8268987 -1.159941 58.17085
879 -25.067914644680375 -16.60000678042392 60.42709631141891 -0.8597866 -1.174664 59.43408
880 -25.142604202283273 -16.644741150811612 61.68521063458002 -0.8950914 -1.188757 60.69463
881 -25.217831207507235 -16.699163454039834 62.93698190181273 -0.9282884 -1.203865 61.94931
882 -25.321975751276177 -16.759895108299386 64.1898298564803 -0.9621792 -1.218811 63.2074
883 -25.343056795419745 -16.769283128530095 65.441202130837 -0.9961734 -1.23409 64.45843
884 -25.356166964634173 -16.828373453227037 66.69209405833335 -1.031828 -1.250518 65.71017
885 -25.398208313579605 -16.855302436468126 67.93528726483726 -1.068654 -1.267809 66.9537
886 -25.50439195161125 -16.883661515796284 69.16885155620517 -1.107414 -1.284607 68.19143
887 -25.555540297282878 -16.918305639057973 70.40977340880328 -1.148265 -1.303043 69.43308
888 -25.635148111060992 -16.95127211209608 71.64321459274392 -1.188155 -1.321203 70.66875
889 -25.697103154689852 -16.982484813044675 72.87352084195686 -1.227083 -1.338073 71.90028
890 -25.79370361936217 -17.02910346003994 74.09632710417931 -1.261385 -1.354666 73.12719
891 -25.803340513516975 -17.0674861617716 75.3101109315888 -1.293464 -1.370635 74.34109
892 -25.87114822455779 -17.115694442725463 76.51010695617217 -1.318225 -1.387753 75.54359
893 -25.906707927030755 -17.175483022424878 77.68752017512402 -1.337076 -1.406295 76.72276
894 -25.98163809496805 -17.21032559356441 78.84911716590581 -1.359396 -1.424263 77.88694
895 -25.98259207167685 -17.260678004232766 79.99876210030658 -1.377966 -1.443308 79.03738
896 -26.00309462101091 -17.291359428197467 81.12088773499251 -1.3923 -1.459771 80.1599
897 -26.05127185135261 -17.35070570555118 82.22619216514869 -1.402951 -1.475612 81.26768
898 -26.067438771675914 -17.393157454118803 83.32458095809035 -1.407266 -1.495464 82.36682
899 -26.05822107097484 -17.434771631263487 84.41907471537651 -1.406566 -1.518542 83.4619
900 -26.117085052793705 -17.478807004377774 85.51247866341406 -1.402636 -1.542197 84.55751
901 -26.18992200252253 -17.52979588562782 86.60687717826644 -1.397294 -1.566145 85.65524
902 -26.200548733630015 -17.56881498841793 87.70222806950059 -1.394094 -1.587213 86.75113
903 -26.25637937075384 -17.611589704583523 88.78555231570267 -1.391329 -1.608126 87.83653
904 -26.246872968695623 -17.669740835179297 89.86682511673641 -1.385563 -1.630039 88.91917
905 -26.30670170273514 -17.71902946586933 90.9432728177795 -1.3802 -1.654701 89.99811
906 -26.33162039755287 -17.77955242900949 92.01920317433347 -1.372397 -1.681009 91.07568
907 -26.29370389176512 -17.814097043595936 93.09222575402177 -1.363832 -1.705257 92.14962
908 -26.309360878242714 -17.850645966180956 94.1607386480335 -1.356111 -1.726171 93.21864
909 -26.33263640564571 -17.88947197117784 95.22351743901736 -1.348852 -1.747689 94.28214
910 -26.317212663458765 -17.92702604122182 96.2855125977041 -1.343107 -1.769082 95.34468
911 -26.318716550824508 -17.97788449168635 97.33833608134424 -1.341283 -1.790649 96.39851
912 -26.33294649664004 -18.0159803379906 98.39133904732223 -1.346362 -1.812458 97.45206
913 -26.318472726325247 -18.071517047992685 99.44603418773534 -1.357998 -1.835038 98.50801
914 -26.311753544717206 -18.119049860277457 100.50748569587164 -1.375059 -1.861895 99.57007
915 -26.22863542164256 -18.13635436166519 101.57097838083627 -1.397412 -1.887691 100.6364
916 -26.349396462943208 -18.197692408377975 102.63701133036994 -1.426691 -1.913252 101.7103
917 -26.488441025081663 -18.2448496735362 103.70499421277749 -1.463118 -1.9392 102.7874
918 -26.539736971068802 -18.313567075218305 104.78360836004812 -1.507808 -1.964419 103.8682
919 -26.68385224019712 -18.375194688526527 105.86227802289537 -1.561792 -1.988222 104.9566
920 -26.778035397540886 -18.429732851065683 106.95239069501172 -1.62272 -2.010967 106.0502
921 -26.711613474115346 -18.465830416760095 108.04917557325192 -1.686244 -2.034406 107.1475
922 -26.668508677423755 -18.505536113811843 109.15351526788118 -1.748773 -2.056669 108.2514
923 -26.833832707264197 -18.575367179229332 110.25085184964311 -1.806035 -2.079756 109.3616
924 -26.906124681346064 -18.59057938523897 111.37023916438797 -1.855701 -2.102084 110.4821
925 -26.895089746684935 -18.607077197489165 112.49731827875084 -1.897032 -2.123092 111.6084
926 -27.04431980872449 -18.663072960194587 113.62191832780948 -1.928092 -2.145152 112.7436
927 -26.830501267013403 -18.68428649705678 114.73934026718527 -1.949092 -2.166434 113.8811
928 -26.70584331425737 -18.74177356219859 115.87652645912223 -1.958712 -2.18791 115.0263
929 -26.82642069451432 -18.7947803697022 117.02169676715009 -1.956136 -2.210288 116.1788
930 -26.88400602924273 -18.806473599370925 118.18320104549181 -1.940135 -2.235787 117.3414
931 -26.85601539824994 -18.863621154419672 119.34825091991162 -1.913209 -2.261146 118.5076
932 -26.610385302850837 -18.843775805056953 120.49933061194338 -1.87627 -2.286958 119.6839
933 -26.693472318996903 -18.92267342628243 121.67682550172292 -1.83308 -2.31212 120.8659
934 -26.63925733733933 -18.940569253581707 122.86696322340438 -1.781388 -2.338144 122.056
935 -26.608825342342247 -18.962651124992647 124.07004506125604 -1.725066 -2.362701 123.2581
936 -26.53443352859094 -19.00229550523071 125.27660606882937 -1.665951 -2.387598 124.4659
937 -26.36565627763156 -19.02584543116831 126.48423780607045 -1.602097 -2.410925 125.6836
938 -26.274346730551837 -19.04573054242996 127.70903778168412 -1.529042 -2.432251 126.9096
939 -26.111514583467695 -19.10544281237475 128.93249957732058 -1.45419 -2.455779 128.1428
940 -25.914439969823658 -19.170522080534813 130.16146857161533 -1.374919 -2.480551 129.3864
941 -25.798102839870335 -19.2307406984235 131.41225024243994 -1.29261 -2.504395 130.6411
942 -25.6899311638971 -19.29730670401083 132.67806977005094 -1.212752 -2.530425 131.9105
943 -25.586747213083473 -19.333450859930533 133.95422971860296 -1.135332 -2.552624 133.1888
944 -25.42596302413569 -19.365156605571954 135.2380527962296 -1.063477 -2.571936 134.4809
945 -25.28904740478303 -19.408324331713885 136.53183033033412 -0.9982536 -2.593743 135.7808
946 -25.153046265431826 -19.454415860584756 137.833195654977 -0.9419915 -2.613858 137.0887
947 -25.05739026734649 -19.477649429023426 139.15579057861746 -0.8957984 -2.63369 138.414
948 -25.039468288350697 -19.4982675595401 140.49124431128416 -0.86007 -2.654048 139.7491
949 -24.978032118577154 -19.54586302578812 141.8315346108926 -0.8326782 -2.674907 141.0912
950 -24.92750310174969 -19.57261611553037 143.19065208047903 -0.8166247 -2.693332 142.4513
951 -24.865306350089355 -19.596391192268648 144.5553773906702 -0.8082126 -2.711653 143.8175
952 -24.858451456359816 -19.648818976354065 145.92786970938027 -0.8063071 -2.728963 145.1909
953 -24.728152247776652 -19.694730134745 147.30443724616742 -0.8107742 -2.750987 146.5742
954 -24.618828952229972 -19.753969673206075 148.6870709534973 -0.8181994 -2.779541 147.9621
955 -24.5678642404463 -19.802690774158798 150.08991310576505 -0.8311338 -2.811042 149.3663
956 -24.495762002315843 -19.867562296202216 151.49991433388564 -0.8465134 -2.846681 150.7791
957 -24.47372420790639 -19.934239521936394 152.92138505301892 -0.8636978 -2.884423 152.2017
958 -24.441878777487577 -20.0056747497488 154.34787030063626 -0.8818614 -2.922677 153.6297
959 -24.43910151920308 -20.060481493698095 155.78325078518773 -0.903141 -2.959476 155.0655
960 -24.398370119696487 -20.112520712250827 157.22505571835325 -0.9252286 -2.995496 156.5082
961 -24.3452040846954 -20.17457195519818 158.6641803249904 -0.9505879 -3.030265 157.949
962 -24.312633876837825 -20.215287059956573 160.10658771685902 -0.9765171 -3.064935 159.3917
963 -24.384700266713637 -20.235263466779312 161.54532445430073 -1.007339 -3.096653 160.8317
964 -24.360814412540925 -20.258520317433614 162.98537123322913 -1.039444 -3.129506 162.2714
965 -24.316473691789714 -20.297629091333665 164.42237903946864 -1.075629 -3.162047 163.7088
966 -24.265781290695127 -20.405176698163345 165.85425316873648 -1.112662 -3.196968 165.1447
967 -24.160298461414392 -20.460031571589443 167.28626524854354 -1.150964 -3.232057 166.5807
968 -24.11165335841483 -20.530194551762296 168.71817082161616 -1.188887 -3.267867 168.0142
969 -24.055200639025045 -20.59109982929997 170.15698035405387 -1.225583 -3.303343 169.4545
970 -24.003681611416628 -20.63365992505722 171.5894104692879 -1.262468 -3.337774 170.8876
971 -24.004998276868157 -20.7003642646272 173.02048935481437 -1.297634 -3.371687 172.3194
972 -23.977799657984793 -20.755414693709167 174.4473134046249 -1.333194 -3.40556 173.7467
973 -24.04602673677711 -20.825710776549574 175.86684974729346 -1.366304 -3.44042 175.1688
974 -23.96669452482437 -20.861072570516903 177.28909176912205 -1.398479 -3.475354 176.5929
975 -23.97682084271579 -20.907594005435794 178.7073562263024 -1.427528 -3.511715 178.0112
976 -23.95473413554227 -20.960494255947182 180.12077266663238 -1.453391 -3.547073 179.4251
977 -23.94222663019778 -21.013382180337977 181.5338867457887 -1.476326 -3.583634 180.8386
978 -23.936571644277006 -21.07964581978427 182.94455004088343 -1.498241 -3.619675 182.2502
979 -23.89136283251108 -21.14393535570234 184.35349162270543 -1.51887 -3.652469 183.6608
980 -23.82468106104059 -21.20394698823866 185.7518455306139 -1.539735 -3.680137 185.0616
981 -23.804664744871214 -21.255257249973603 187.14517422049894 -1.559212 -3.708117 186.4556
982 -23.78743665409682 -21.32552546687087 188.53661047208482 -1.576113 -3.742055 187.8484
983 -23.73233557794471 -21.378521424758468 189.9284395266887 -1.590302 -3.777663 189.2418
984 -23.712748164382354 -21.410744338080658 191.32100457566557 -1.603074 -3.811744 190.6344
985 -23.68889968100349 -21.47539058702841 192.70589865549533 -1.613327 -3.843743 192.0206
986 -23.640567118764064 -21.551086641748658 194.083570452103 -1.623756 -3.875123 193.4008
987 -23.58606442298468 -21.61227606598835 195.45710918466352 -1.633867 -3.905876 194.7764
988 -23.548806221525243 -21.6653367069372 196.8305266184054 -1.645539 -3.93893 196.1509
989 -23.530482967768428 -21.726093419213726 198.20154824308756 -1.657445 -3.973595 197.5229
990 -23.514483288699115 -21.786680728070845 199.56732980055864 -1.669867 -4.009132 198.8896
991 -23.407025745083285 -21.83461981382421 200.927823373631 -1.682304 -4.042827 200.2547
992 -23.39731335627343 -21.905829252361762 202.28265480868805 -1.694878 -4.074851 201.611
993 -23.396234227152483 -21.961799343642863 203.64072383479177 -1.705984 -4.106859 202.9698
994 -23.51044852379659 -22.04452624535833 204.98660663430837 -1.717412 -4.139885 204.3226
995 -23.528508961561556 -22.08481120633894 206.3326008494815 -1.727574 -4.171862 205.6689
996 -23.449427470412832 -22.137009523378158 207.6729985895844 -1.737778 -4.204811 207.0122
997 -23.44150028714103 -22.236301080016577 209.00814724510622 -1.746442 -4.238781 208.3506
998 -23.382094565948577 -22.284806884689527 210.34658100799763 -1.757196 -4.270954 209.6908
999 -23.293530407380054 -22.335352122054466 211.67743171656784 -1.768399 -4.303818 211.0251
1000 -23.223382861144447 -22.41158341718213 212.99920732896402 -1.780005 -4.335485 212.3505
1001 -23.25991244953123 -22.48000123708997 214.3136348989082 -1.792488 -4.366042 213.6668
1002 -23.151569298104583 -22.523465013875885 215.60870192301562 -1.802728 -4.397364 214.9667
1003 -23.138656427282076 -22.575266336292977 216.88912863970188 -1.814957 -4.428604 216.2478
1004 -23.03123163429734 -22.62068095617232 218.14352363975027 -1.826714 -4.458316 217.5072
1005 -23.026406170209153 -22.661358647435396 219.37867583254064 -1.842513 -4.486884 218.7426
1006 -23.1105855161105 -22.697311753988465 220.58385478671872 -1.859734 -4.515014 219.9508
1007 -23.070255452700902 -22.75767617101953 221.75993137423458 -1.87789 -4.540479 221.1287
1008 -23.072214977788224 -22.819068289815927 222.91528872848957 -1.895168 -4.569335 222.2852
1009 -23.069551631276603 -22.88538705106617 224.03952012625055 -1.917244 -4.598297 223.4108
1010 -23.016757424544775 -22.942512020145177 225.13165620627004 -1.94167 -4.625178 224.5051
1011 -22.944293047741564 -22.992928109021786 226.19085018223382 -1.971966 -4.651833 225.5672
1012 -22.903971219022125 -23.0503545212276 227.22565594747618 -2.004581 -4.679495 226.6035
1013 -22.927302308878325 -23.09866941529696 228.22520942603208 -2.040151 -4.706339 227.6035
1014 -22.926804486670196 -23.146095797162815 229.19564680677036 -2.073778 -4.731016 228.5742
1015 -22.87000939014117 -23.214678225663977 230.13058717681335 -2.106014 -4.755443 229.5125
1016 -22.883292599201322 -23.255261636468102 231.03258782967265 -2.139617 -4.778138 230.4146
1017 -22.87641052463255 -23.298178539783756 231.90464339978524 -2.17419 -4.799162 231.2868
1018 -22.863122337867903 -23.333683689580454 232.74418358022834 -2.207888 -4.818374 232.1263
1019 -22.838148291486903 -23.36579660175516 233.55120428519263 -2.243669 -4.838575 232.9333
1020 -22.787451328607883 -23.39236304716652 234.33586433791803 -2.280068 -4.860372 233.7189
1021 -22.77057621840082 -23.423176742491712 235.1093462293453 -2.314971 -4.881633 234.4921
1022 -22.84454202592044 -23.473846623305487 235.8783928699727 -2.346879 -4.903083 235.2654
1023 -22.835302502231066 -23.506283975600724 236.65015832908455 -2.372559 -4.923693 236.0372
1024 -22.75345351366883 -23.56370641676848 237.41441414616523 -2.391165 -4.943065 236.8075
1025 -22.733358617586997 -23.57891838078386 238.1830762494904 -2.40634 -4.961684 237.5762
1026 -22.70752635443831 -23.623142829440216 238.94391655494593 -2.42154 -4.979606 238.3384
1027 -22.6832834073562 -23.664094526274535 239.70653121461893 -2.438172 -4.997815 239.1021
1028 -22.647864232848033 -23.69283453656292 240.46265802882854 -2.449188 -5.01612 239.8593
1029 -22.60965847867028 -23.735028944226215 241.21523954439192 -2.457471 -5.032857 240.6138
1030 -22.614410017094897 -23.76312889896632 241.9663089878099 -2.464848 -5.049016 241.3652
1031 -22.555205328082728 -23.80893046316767 242.71053096709545 -2.471118 -5.064022 242.113
1032 -22.55165452119239 -23.82711077451747 243.45594072731706 -2.47794 -5.076752 242.8585
1033 -22.516210688661197 -23.873391449234198 244.19648357794307 -2.481229 -5.090455 243.6012
1034 -22.50476101448321 -23.889470170111256 244.93345281427264 -2.485941 -5.103671 244.3383
1035 -22.471252191449395 -23.942487603004192 245.66783501637065 -2.487604 -5.118722 245.0752
1036 -22.43124940931319 -23.98917877140858 246.4066185258837 -2.493249 -5.131839 245.8164
1037 -22.374655627299777 -24.02373912614279 247.1497286533635 -2.49473 -5.147361 246.5623
1038 -22.335286514971646 -24.06717045873851 247.9010431268275 -2.497272 -5.164438 247.3157
1039 -22.256203914683482 -24.11649565011263 248.65210079504786 -2.498606 -5.182585 248.0723
1040 -22.189095486814626 -24.159322504332373 249.40872095422722 -2.503085 -5.199298 248.8329
1041 -22.158119427200138 -24.208914133507026 250.17292849481325 -2.506486 -5.218219 249.5991
1042 -22.09641432887499 -24.26187307925267 250.93626161769748 -2.508505 -5.237784 250.3665
1043 -22.049556595639945 -24.30515398893544 251.70686653612591 -2.505563 -5.256841 251.1395
1044 -21.961868255770607 -24.32764840278559 252.48388227183887 -2.503453 -5.273084 251.9216
1045 -21.927855833713803 -24.386989502762017 253.27109795482824 -2.508541 -5.289235 252.7116
1046 -21.84632219270033 -24.45100479811283 254.06172886832724 -2.507121 -5.306929 253.5088
1047 -21.760850554226003 -24.499089224918837 254.85073379321253 -2.498934 -5.321532 254.3037
1048 -21.705673697358193 -24.528766299216503 255.6437282779552 -2.491981 -5.336196 255.099
1049 -21.683613405379823 -24.593037542479156 256.4420061634915 -2.485561 -5.351123 255.9
1050 -21.61822082527874 -24.629969248183855 257.2455892261549 -2.475778 -5.3702 256.7068
1051 -21.509640740478343 -24.6800737679193 258.05635002744697 -2.461593 -5.39272 257.5259
1052 -21.385718726334233 -24.72662418726589 258.8683423191869 -2.442073 -5.414196 258.3481
1053 -21.358726372337465 -24.7683508456967 259.6951781657145 -2.418788 -5.432422 259.1759
1054 -21.309466298007177 -24.829677040965485 260.52322834836093 -2.398099 -5.451575 260.0072
1055 -21.242488108766747 -24.868932769360214 261.3564882587558 -2.3794 -5.472421 260.8436
1056 -21.130625456465918 -24.924442268802164 262.19194945342673 -2.357178 -5.492976 261.6878
1057 -21.062191370947893 -24.980668332219814 263.04096993068146 -2.331649 -5.513461 262.5408
1058 -20.972197377414112 -25.010707687326434 263.90346882321444 -2.305211 -5.536213 263.4078
1059 -20.865998710726988 -25.05369320858003 264.77159568408524 -2.278446 -5.560785 264.2827
1060 -20.784664620796196 -25.103444434943462 265.6515715672045 -2.24888 -5.58502 265.167
1061 -20.654391681022858 -25.148896560759233 266.53402318351993 -2.217026 -5.60834 266.0593
1062 -20.5626891891369 -25.196927129179905 267.4302128807599 -2.181048 -5.632766 266.9604
1063 -20.486715476895018 -25.240011147835954 268.3359888762807 -2.144562 -5.657825 267.8693
1064 -20.357688996406036 -25.30302986881697 269.2437555726628 -2.107091 -5.684566 268.7872
1065 -20.282474741107286 -25.347899316624446 270.1650949830813 -2.072995 -5.710527 269.7117
1066 -20.17699151894594 -25.39201477369511 271.09078355662155 -2.039857 -5.735484 270.6435
1067 -20.10425092499192 -25.45621455807284 272.0210969550879 -2.008137 -5.759967 271.578
1068 -20.00747419177307 -25.49958692995057 272.9535841048145 -1.977183 -5.786935 272.5156
1069 -19.923774542037982 -25.555490084343187 273.88445959488564 -1.948577 -5.813039 273.4511
1070 -19.823308997556094 -25.60151093369924 274.81426658753225 -1.923694 -5.837506 274.3868
1071 -19.777161858296573 -25.67323300997192 275.74613484880814 -1.903306 -5.862752 275.322
1072 -19.74285123727219 -25.740363288140205 276.67721109416243 -1.886301 -5.888992 276.2556
1073 -19.72920706187414 -25.781762364738487 277.61045480993687 -1.871958 -5.914599 277.1894
1074 -19.609050969779382 -25.828227936608336 278.534237969383 -1.860171 -5.940087 278.1217
1075 -19.613668945020898 -25.872532180240775 279.46676715972336 -1.850165 -5.965237 279.0549
1076 -19.543713086436203 -25.92566293134615 280.3902544987739 -1.84113 -5.989292 279.9822
1077 -19.454144649057323 -25.983596393388623 281.30887608962695 -1.834878 -6.011766 280.9067
1078 -19.436048007907843 -26.02588401110493 282.2296924848714 -1.829538 -6.033194 281.8284
1079 -19.319801796164498 -26.077827679573456 283.1398854374383 -1.824423 -6.05424 282.7472
1080 -19.222883011705544 -26.121843428182583 284.04934499531174 -1.820378 -6.076007 283.6626
1081 -19.179541294051216 -26.166289304362945 284.95867678746316 -1.819188 -6.097253 284.5738
1082 -19.08318822639522 -26.21806732998968 285.8513480937817 -1.820078 -6.118356 285.4729
1083 -19.004617061917997 -26.259491963688426 286.730138629951 -1.821293 -6.140076 286.3559
1084 -18.963521305313424 -26.323758111428436 287.58766313198504 -1.824665 -6.162957 287.2165
1085 -18.925532528176458 -26.380317262647665 288.42894931211816 -1.831132 -6.186044 288.0602
1086 -18.85798543523917 -26.423479800491446 289.25570198338 -1.835812 -6.20897 288.8905
1087 -18.842877786187437 -26.44573216223518 290.0820108996353 -1.838573 -6.232745 289.7169
1088 -18.798958416536262 -26.470973232571925 290.90554069743115 -1.841599 -6.257807 290.5416
1089 -18.708068607034743 -26.540266689812153 291.7220262310326 -1.843827 -6.281585 291.3657
1090 -18.653886543698732 -26.595691499150703 292.5387030810256 -1.844053 -6.305431 292.1857
1091 -18.717533895267362 -26.62556544977432 293.3508101138122 -1.843243 -6.332348 293.0004
1092 -18.67632058363743 -26.665098792703002 294.1611012752606 -1.840209 -6.360716 293.8122
1093 -18.630396159633325 -26.728691517425275 294.9654370083598 -1.836186 -6.387429 294.6199
1094 -18.60812076975057 -26.758771876177732 295.7735454516389 -1.829836 -6.414405 295.4284
1095 -18.558540733715468 -26.798983136683834 296.5747464482903 -1.823832 -6.440313 296.2317
1096 -18.497093388804018 -26.835633800503146 297.3711172284159 -1.81794 -6.46419 297.0309
1097 -18.405610980207232 -26.901256901400195 298.16084190707494 -1.814744 -6.486179 297.8283
1098 -18.389115927621713 -26.965054020319993 298.9543748741045 -1.812035 -6.506511 298.6243
1099 -18.33937025826554 -27.011244152002305 299.7499973698419 -1.809517 -6.524789 299.4226
1100 -18.196482644921943 -27.052912143291916 300.53682131997044 -1.807621 -6.541554 300.2232
