0 0.0 0.0 0.0 0.0 -1.110223e-16 2.220446e-16
1 0.0067394081803128884 -0.008433913744946873 1.199362983054432 -0.01401751 -0.02820321 1.198998
2 0.0010837944620838303 -0.0488337341505416 2.3842527614624514 -0.02787365 -0.0560812 2.384181
3 0.03386162528451595 -0.08997729751853414 3.5749492857043217 -0.0418032 -0.08410629 3.575628
4 0.04891821120814786 -0.12310794166950997 4.766467706919389 -0.05573543 -0.1121362 4.767291
5 0.05741431069255434 -0.14533613607733517 5.961635001024292 -0.06970674 -0.1402442 5.962283
6 0.03915678283813654 -0.17427164053439262 7.152040032116844 -0.08362554 -0.1682458 7.152769
7 0.0262939887560402 -0.15355464665914628 8.344833141670762 -0.09756958 -0.1962977 8.3454
8 0.013151485496825611 -0.18203391762888818 9.536193228629921 -0.1114989 -0.2243193 9.536762
9 0.0519075705829695 -0.22287657640218517 10.726831652576996 -0.1254307 -0.2523452 10.72832
10 0.12083788719602576 -0.23251447861023444 11.916718730790244 -0.1393621 -0.2803697 11.91983
11 0.126015607381329 -0.2421058764853518 13.109160052583956 -0.1533004 -0.3084073 13.11191
12 0.13588939677031145 -0.2588040653456761 14.300978836208504 -0.1671408 -0.3362948 14.30348
13 -0.02381971279958245 -0.259291242566086 15.483800898351493 -0.181814 -0.3654237 15.49659
14 -0.10958215546705047 -0.2755776940746025 16.67196867147397 -0.1950729 -0.3924445 16.68758
15 -0.12211300241457207 -0.30106376598385987 17.865461512663753 -0.2081761 -0.4191514 17.88104
16 -0.06367776235503167 -0.2981300523371434 19.059981304621253 -0.2220687 -0.4450814 19.07663
17 -0.1466353108066673 -0.3428503975762295 20.250205716627644 -0.2372951 -0.4715143 20.27019
18 -0.24591877795133454 -0.38359755350496477 21.440260490079208 -0.2531559 -0.4977817 21.46468
19 -0.23038353235211081 -0.42098109065464806 22.634158457004748 -0.2707637 -0.5247441 22.65883
20 -0.2286335452265538 -0.43582499134870323 23.828658873742917 -0.2887908 -0.5527301 23.85296
21 -0.17991156735666347 -0.4635773823769891 25.021702706081914 -0.3071147 -0.5812326 25.04684
22 -0.2280319345740873 -0.5082933907268797 26.21660669462662 -0.3273512 -0.6069839 26.2431
23 -0.28598642580004296 -0.5494149354942975 27.413525284859446 -0.3472488 -0.6329432 27.44168
24 -0.32332035581648216 -0.5589253534716743 28.608754453274653 -0.3677985 -0.6565642 28.63712
25 -0.3453612258101716 -0.5810181817694546 29.799998905000386 -0.3892136 -0.6824261 29.8283
26 -0.3418290410769907 -0.6012556112395683 30.999954003215745 -0.4112762 -0.7087202 31.02794
27 -0.2612276023185398 -0.5953901113637738 32.20177899334248 -0.4357161 -0.7356474 32.23193
28 -0.2246670879384426 -0.6061051964746638 33.390040011426464 -0.4596533 -0.7632533 33.42024
29 -0.22498535819793275 -0.6225151984192994 34.585085897476326 -0.4846981 -0.7915945 34.6148
30 -0.28263337839749564 -0.64189610628933 35.78186192626003 -0.509819 -0.8182722 35.81256
31 -0.2811625722138694 -0.6560675771935123 36.979115235626395 -0.5367057 -0.8457827 37.00928
32 -0.40988832092181837 -0.6730412510227858 38.170282535306676 -0.5627412 -0.8734675 38.2069
33 -0.3931158319215786 -0.6952153028222309 39.369166732281194 -0.5904619 -0.9001114 39.40549
34 -0.5825587480680623 -0.7245469074115896 40.551293412351875 -0.6181703 -0.9268582 40.60244
35 -0.6280518596881323 -0.7521265204416324 41.74700736496974 -0.6466319 -0.9531287 41.79871
36 -0.6470028326400454 -0.7420862533350057 42.944628050065845 -0.675668 -0.9776312 42.99592
37 -0.641335811222858 -0.7654021888172492 44.1447504163575 -0.708016 -1.000412 44.19563
38 -0.6372917804617435 -0.7431124177081727 45.34502550768457 -0.7358613 -1.020365 45.39563
39 -0.6143409714483266 -0.7742935985142951 46.54529130615281 -0.7617275 -1.037444 46.59612
40 -0.6030958766409212 -0.7797397697023959 47.750889215827264 -0.784447 -1.051207 47.80149
41 -0.5658251983151734 -0.7771594428533707 48.953603990394804 -0.8050204 -1.064092 49.00454
42 -0.5416172764461333 -0.7813732927433468 50.152452161303216 -0.822002 -1.07385 50.20348
43 -0.5240795812698924 -0.7777162377531525 51.35360250484101 -0.8402902 -1.085315 51.40457
44 -0.4886508190596628 -0.736088339426811 52.553841377561774 -0.859463 -1.098286 52.60583
45 -0.4145055151084166 -0.7461390655645547 53.757127720782364 -0.8753783 -1.112635 53.81125
46 -0.4639476269888578 -0.7558173320453336 54.96024699054028 -0.892873 -1.127883 55.0152
47 -0.40535191269206344 -0.7667236943737767 56.16408873867483 -0.9118602 -1.143152 56.22027
48 -0.36787303795983356 -0.739010200169614 57.37100535933729 -0.9332309 -1.160687 57.42777
49 -0.38528591492453906 -0.7231705959823456 58.575937610972964 -0.956215 -1.175655 58.63262
50 -0.3899106010057652 -0.712913770094616 59.7821874786502 -0.981436 -1.190278 59.83857
51 -0.39728736713494445 -0.7386300483095476 60.98577313753837 -1.006715 -1.2056 61.04209
52 -0.3847045763893696 -0.7615298754330384 62.18937972534676 -1.031126 -1.22132 62.24563
53 -0.3538356857959111 -0.7550854249020976 63.39112977422918 -1.053863 -1.237483 63.44747
54 -0.40349979033493016 -0.7689850364722072 64.59043794461013 -1.078473 -1.251701 64.64755
55 -0.3073212133155996 -0.7732831398045469 65.7897825858748 -1.103193 -1.267101 65.8504
56 -0.34459131279023736 -0.7728087836973365 66.98678420070975 -1.129538 -1.281112 67.04761
57 -0.37414907998156344 -0.7601976569865505 68.18021209452894 -1.15768 -1.293922 68.24107
58 -0.369437529466616 -0.7433672626270637 69.37474289640994 -1.18693 -1.309417 69.43527
59 -0.37418512691096284 -0.7407557780520493 70.56605658124857 -1.215316 -1.324678 70.62616
60 -0.3882843704375676 -0.7643137437186802 71.75599893975576 -1.243226 -1.339456 71.816
61 -0.40521314371272754 -0.7708814444453466 72.94243243165177 -1.268567 -1.355743 73.00219
62 -0.43091063544934594 -0.790346058314729 74.12764687541093 -1.292838 -1.37147 74.18749
63 -0.39061485593454714 -0.7895988374220609 75.305283810436 -1.310252 -1.390125 75.36554
64 -0.3791724444918329 -0.8106560731074729 76.48045970009748 -1.320138 -1.407515 76.54079
65 -0.35542148614539876 -0.8371767571817124 77.65564289510066 -1.33092 -1.427085 77.7163
66 -0.35771383555412883 -0.8388346296422448 78.83416048870589 -1.33795 -1.448797 78.8946
67 -0.324727030696799 -0.8518267420638148 80.00762478124024 -1.340942 -1.468534 80.06843
68 -0.30724416223986273 -0.8503406198749552 81.17373176742089 -1.34229 -1.485826 81.23454
69 -0.31029463577347 -0.8682064226593005 82.33837605862018 -1.335651 -1.506096 82.39913
70 -0.26523745557123135 -0.8796875052638891 83.49663605279525 -1.323865 -1.530312 83.55801
71 -0.23923864222441377 -0.9029211668956288 84.65591663586423 -1.309268 -1.555472 84.71745
72 -0.20142311754420747 -0.928384316470073 85.81491650344701 -1.292993 -1.580587 85.87696
73 -0.11217286236966717 -0.9211572693017857 86.96604992042937 -1.273121 -1.605074 87.03114
74 -0.08367855734196646 -0.9623766938136498 88.11822788351706 -1.247131 -1.630673 88.18383
75 -0.009607774909596217 -0.9891575950904461 89.26574392920735 -1.216671 -1.656163 89.33336
76 0.06370663895449852 -1.0273576956682835 90.413668024656 -1.182745 -1.683163 90.48344
77 0.09311447463739318 -1.0299444328058294 91.56736873208251 -1.144128 -1.710419 91.63655
78 0.27368047058672784 -1.04905098488612 92.70881957121114 -1.10175 -1.736086 92.79129
79 0.35739552447146067 -1.0634968872736854 93.86270184058625 -1.056015 -1.76065 93.94713
80 0.4810064214005366 -1.096422154074327 95.0124319868047 -1.006119 -1.785071 95.10262
81 0.5162598126646831 -1.1173398513345583 96.16590243728824 -0.953966 -1.809543 96.25538
82 0.5744491308620396 -1.1473634927723368 97.32349290543013 -0.8975398 -1.834871 97.41317
83 0.7263330473527334 -1.1551367583343952 98.47422988025359 -0.8410031 -1.861916 98.57222
84 0.8084067653964655 -1.1879586324552731 99.64020981048203 -0.7820453 -1.891643 99.73968
85 0.9137544301641825 -1.1887084930248661 100.8117717911419 -0.7233569 -1.922457 100.9141
86 0.9435760683183312 -1.2161515752491812 101.99348761355641 -0.6655319 -1.953029 102.0947
87 1.0233829408839734 -1.25900688801867 103.17591450908205 -0.6077182 -1.983093 103.2788
88 1.14674944401976 -1.293104390599768 104.3619702493686 -0.5505715 -2.012875 104.47
89 1.2497829817596398 -1.3203551266642215 105.5566224393352 -0.4977483 -2.041118 105.6679
90 1.3144040202261138 -1.339650024213018 106.7553859377294 -0.4483272 -2.069739 106.8672
91 1.4107218469053973 -1.350334118534242 107.95728869183695 -0.4053771 -2.098282 108.0719
92 1.4169968493248464 -1.3902279468773642 109.16432653422592 -0.3651076 -2.127 109.2786
93 1.4844190736408913 -1.4248296444410795 110.37586088968031 -0.3290753 -2.156853 110.4916
94 1.5237710356029608 -1.457102033826143 111.59122077733751 -0.2985283 -2.185665 111.7073
95 1.5845917205219364 -1.4810075748919185 112.80645582832706 -0.2726718 -2.213402 112.9237
96 1.6578747563349445 -1.4903019618284077 114.02345573359298 -0.2537792 -2.240145 114.1425
97 1.718310759721366 -1.5116771114649274 115.24244597138707 -0.2415523 -2.267804 115.3628
98 1.799710654579754 -1.519855920149077 116.46327514545604 -0.2340717 -2.29683 116.586
99 1.800649463447375 -1.54130176975741 117.68907368559134 -0.2325711 -2.327575 117.8116
100 1.8031845851336517 -1.5941010477995985 118.91662194865731 -0.2372931 -2.358001 119.0399
101 1.8463207515231161 -1.6331968866435322 120.14714850957101 -0.246444 -2.388148 120.2714
102 1.8252882000479596 -1.6772219158932473 121.37646796511657 -0.2562318 -2.417424 121.5013
103 1.8513939145918956 -1.7138974204695212 122.61712257944389 -0.2696789 -2.444635 122.7424
104 1.827655198675267 -1.731534894631571 123.85763875466638 -0.2835717 -2.4715 123.9829
105 1.7572370760674432 -1.7805740009369118 125.09624540384142 -0.2970155 -2.498919 125.2241
106 1.754546682097906 -1.8025205087376128 126.34251321579507 -0.3168152 -2.521615 126.4702
107 1.763699565090363 -1.8305626001547326 127.59250145835358 -0.336076 -2.543289 127.7202
108 1.767077680535091 -1.867433318744385 128.8419000429308 -0.3532043 -2.561295 128.9699
109 1.8010964277485482 -1.8797922243700045 130.09180820886996 -0.3704424 -2.578125 130.2201
110 1.7558349680343954 -1.8956990951809551 131.34660027414503 -0.384545 -2.59617 131.4756
111 1.684877167098796 -1.9124395049450045 132.60259213631338 -0.3976226 -2.614808 132.7335
112 1.7551604315099385 -1.9447055000880742 133.86282817609023 -0.4133731 -2.631357 133.9959
113 1.774767783235426 -1.9746028464997767 135.12591698375414 -0.4299121 -2.64614 135.2593
114 1.779096474970418 -1.9964575217552252 136.38917446744404 -0.4438867 -2.660056 136.5226
115 1.8356658081132675 -2.032168727576153 137.65447585697532 -0.4570556 -2.675992 137.7895
116 1.859046745898874 -2.0596243905818503 138.92146852197388 -0.472057 -2.693213 139.0568
117 1.8815429065691887 -2.09509926741455 140.19484257426242 -0.490815 -2.711316 140.3306
118 1.906161679591232 -2.129055551034571 141.46980730741515 -0.5099508 -2.728134 141.606
119 1.922335961706594 -2.1313215711167803 142.7441879704176 -0.5316574 -2.744134 142.8802
120 1.9171982637893268 -2.176014190330158 144.01642020232364 -0.5501461 -2.759529 144.153
121 1.9891167481659409 -2.1990614482390214 145.28550049673132 -0.5681071 -2.775354 145.4241
122 2.0218811199980284 -2.248464741810809 146.5542949470519 -0.586224 -2.79483 146.694
123 2.1126798627368073 -2.25638067449044 147.8184343521172 -0.6015689 -2.818864 147.9611
124 2.1010652522121265 -2.2870647174073517 149.08428163083832 -0.6184009 -2.844547 149.227
125 2.1499035480687874 -2.3156033496062767 150.34888660077385 -0.6344428 -2.875057 150.4924
126 2.181920092082517 -2.354231544542756 151.6122271111454 -0.6492857 -2.908757 151.7562
127 2.1841766530371145 -2.4157666166854423 152.8798324336295 -0.6669047 -2.939717 153.0248
128 2.2384296956888554 -2.4668071337193673 154.1416144384881 -0.6841745 -2.969914 154.2883
129 2.2695575611756142 -2.494752340799601 155.40637338695092 -0.703475 -2.997619 155.5533
130 2.243147170202332 -2.5332374290293362 156.66953016756932 -0.7212308 -3.024885 156.8169
131 2.273467493468737 -2.541450545497813 157.93046584379888 -0.7401339 -3.051707 158.0778
132 2.3275769765417835 -2.5445249274093906 159.1941342808531 -0.7581397 -3.079341 159.3422
133 2.3556296155072403 -2.553087618215132 160.45576837763952 -0.7785169 -3.10733 160.6037
134 2.362289379279153 -2.5880449238952306 161.71614140856735 -0.7989665 -3.135262 161.8641
135 2.3447267962508542 -2.5976920900872833 162.97856535535809 -0.8210143 -3.16234 163.1262
136 2.3459775744367515 -2.6409306708546416 164.24247991941405 -0.8448485 -3.191224 164.3903
137 2.337442858748109 -2.657388143627907 165.50452051871534 -0.8676072 -3.221845 165.6519
138 2.3461454573655827 -2.708651910522283 166.7664454638237 -0.8915914 -3.252329 166.9143
139 2.3752940383556806 -2.769148662212584 168.0274587051469 -0.9159259 -3.282708 168.1765
140 2.389519076356275 -2.8095556398791155 169.29228390150527 -0.9418036 -3.313952 169.4414
141 2.3617106143962237 -2.8483302373860533 170.555331442886 -0.9682551 -3.3446 170.7047
142 2.3732019701296547 -2.8719996325664927 171.82169482386922 -0.9957698 -3.373848 171.9707
143 2.3260003318332343 -2.922959807345148 173.08403114416993 -1.024319 -3.402447 173.2343
144 2.3515588494996984 -2.9409153262688004 174.34832914922367 -1.053647 -3.431925 174.4983
145 2.408882655144441 -2.97829285486434 175.60785763837842 -1.083166 -3.461238 175.759
146 2.409009137350185 -3.019570779083949 176.87528431515756 -1.111965 -3.491932 177.0264
147 2.4255494205771897 -3.060811831412971 178.13793036946555 -1.14094 -3.523533 178.2891
148 2.4152417553597325 -3.1130571787877335 179.39758911060758 -1.167498 -3.555449 179.5492
149 2.4138624017227706 -3.1604514832627033 180.6588602639441 -1.193384 -3.587083 180.8107
150 2.421379269032298 -3.203866257278082 181.92025106494236 -1.220912 -3.617217 182.0722
151 2.4445605734473523 -3.228650238466046 183.18492443663763 -1.249819 -3.644685 183.3367
152 2.465268772052735 -3.2588728812783336 184.4416970254507 -1.280267 -3.669131 184.5934
153 2.4583504268932828 -3.2984918023930434 185.69140231982132 -1.311919 -3.694209 185.8431
154 2.489686668067222 -3.3256957854277664 186.94061112954776 -1.342768 -3.722358 187.0923
155 2.4917759739591494 -3.3536636590166724 188.1874945356178 -1.371475 -3.752664 188.3388
156 2.4933866044783435 -3.379648060906885 189.43471107862294 -1.400872 -3.781861 189.5856
157 2.4539698943238117 -3.4035086355086626 190.67973919266106 -1.429913 -3.811043 190.8308
158 2.489163988523505 -3.4643482068894746 191.9172717273593 -1.45692 -3.839753 192.0697
159 2.5593988337508087 -3.482593190405637 193.1495421664616 -1.482347 -3.868861 193.3035
160 2.5953773679416208 -3.511267663914138 194.38011438421051 -1.504387 -3.897568 194.5344
161 2.6622739581225017 -3.521159329911782 195.60544070217276 -1.525428 -3.929306 195.761
162 2.685856332983984 -3.5731228008258222 196.8252789558484 -1.54334 -3.962116 196.9816
163 2.690854602861183 -3.610180764428381 198.04236870147355 -1.561315 -3.994523 198.1987
164 2.7128159025319714 -3.639645807213983 199.25511028556735 -1.577337 -4.025379 199.4115
165 2.692986643564268 -3.676704598433555 200.46256447515267 -1.593225 -4.055718 200.6192
166 2.717915703723232 -3.7104879987585546 201.66375535251188 -1.607052 -4.084508 201.8207
167 2.822820234487676 -3.7457706626790204 202.85381571524556 -1.619569 -4.112611 203.0155
168 2.7796140290896982 -3.765698139925039 204.0410748526232 -1.629855 -4.142166 204.2033
169 2.8756535237461347 -3.8100416767762537 205.21546668931813 -1.639698 -4.168995 205.3821
170 2.9227628280514613 -3.8281820718196475 206.3851319408412 -1.649074 -4.196218 206.5525
171 2.881157384901885 -3.8581084439800364 207.54123947014745 -1.655974 -4.223531 207.7094
172 2.851323950827542 -3.889208221975968 208.68356127855566 -1.663162 -4.25023 208.8522
173 2.830694431398538 -3.939300492155383 209.81220408959481 -1.670517 -4.277047 209.9818
174 2.8088281669507595 -3.990059253127862 210.9230544256391 -1.680916 -4.301812 211.0937
175 2.8393863592696436 -4.013733378075597 212.0197215862868 -1.692609 -4.32686 212.1907
176 2.817277124664877 -4.049754982060986 213.10345556081447 -1.705386 -4.351615 213.2749
177 2.833868012575274 -4.0827436384974085 214.17358530177248 -1.717659 -4.376802 214.3453
178 2.8136599861018174 -4.112620313526827 215.23265237713653 -1.730641 -4.402081 215.4046
179 2.8050741997089736 -4.139757891249628 216.27624643784375 -1.744177 -4.426871 216.4482
180 2.852942757538051 -4.1598321968408865 217.3125085891483 -1.758097 -4.450451 217.4854
181 2.881105352856169 -4.185936903696151 218.33448134265643 -1.775959 -4.472509 218.5077
182 2.8342724769262393 -4.206026708721745 219.33733368749597 -1.796549 -4.494237 219.5114
183 2.8161122396179485 -4.22238995568058 220.32109539702316 -1.82019 -4.513126 220.495
184 2.879598060086286 -4.270218973083388 221.28452165758424 -1.844527 -4.532452 221.4612
185 2.829775441808951 -4.292456266822312 222.2249602396656 -1.871601 -4.553298 222.4026
186 2.8233265442816 -4.324546658375484 223.14527276506098 -1.900504 -4.574348 223.3228
187 2.8905656581403605 -4.358859318156092 224.0392320365372 -1.93108 -4.594192 224.2192
188 2.8596979888256486 -4.401280540337428 224.91246992663628 -1.963226 -4.613875 225.0932
189 2.7805684766053056 -4.433299478898247 225.76220153686108 -1.999321 -4.634336 225.9462
190 2.7547737630761837 -4.440950824695551 226.59245039828664 -2.03611 -4.65549 226.7758
191 2.803960341513577 -4.469618517846465 227.40435208432754 -2.076063 -4.674144 227.5885
192 2.7790738142072993 -4.488527990029102 228.19834831531506 -2.113952 -4.692285 228.382
193 2.734612852135559 -4.523390650304711 228.97431848445055 -2.149429 -4.710568 229.159
194 2.727367455923347 -4.551235638664213 229.73233159990104 -2.182836 -4.728951 229.9166
195 2.714099492507485 -4.574817344888398 230.4738521307182 -2.215172 -4.746558 230.6577
196 2.7163269763963536 -4.586220509844616 231.20516584411178 -2.24791 -4.762455 231.3882
197 2.7079855524190775 -4.6057230792445045 231.93309918927315 -2.278813 -4.778921 232.1156
198 2.7207985386816302 -4.630721482438727 232.65608324919825 -2.30914 -4.795655 232.8383
199 2.6891123579682583 -4.651728550708334 233.37759399695778 -2.338553 -4.813178 233.56
200 2.642198470006433 -4.670846220825623 234.0940947948803 -2.3648 -4.830531 234.2776
201 2.651656761548221 -4.692384053473956 234.80824989526042 -2.389577 -4.847959 234.9915
202 2.6022166131017315 -4.728071538340498 235.51687655891024 -2.414706 -4.864866 235.7021
203 2.634832678495253 -4.757245506766742 236.22247529986612 -2.437161 -4.881579 236.4085
204 2.6356955285090042 -4.800943104412973 236.92470054217148 -2.45827 -4.896919 237.1116
205 2.67364992883133 -4.807480325755506 237.62381100433484 -2.475218 -4.912132 237.8114
206 2.664769642936444 -4.84490630587836 238.31930964012378 -2.489243 -4.929647 238.5076
207 2.695913142674855 -4.856671483507991 239.0111498699951 -2.501543 -4.947554 239.1999
208 2.6895703414655308 -4.887115350049989 239.69866126827355 -2.511949 -4.965562 239.8878
209 2.7224614244911898 -4.902248009785618 240.38544855651259 -2.520293 -4.98174 240.5753
210 2.7733581468998527 -4.912294031782059 241.07233456604408 -2.528203 -4.99821 241.2639
211 2.791339900934287 -4.941215068152084 241.76514485961522 -2.534352 -5.01566 241.9573
212 2.8277883388145284 -4.9690937806534405 242.46003559364277 -2.538348 -5.032044 242.6535
213 2.8371824316061964 -4.981520594558651 243.1624660779028 -2.543393 -5.04817 243.3559
214 2.861474057853347 -5.027126176714365 243.86385335147105 -2.545596 -5.064282 244.059
215 2.8793988796093792 -5.057886600359668 244.56753641280417 -2.546852 -5.080295 244.7634
216 2.924131479951945 -5.074805244458282 245.27416808516358 -2.546619 -5.094783 245.4715
217 2.9494590281978983 -5.102482150566625 245.98812595299762 -2.545576 -5.109038 246.1863
218 2.963963789349158 -5.131591710241479 246.70939806491413 -2.543734 -5.126143 246.9081
219 3.021636079106341 -5.151326351883313 247.43489302209952 -2.542056 -5.145191 247.6359
220 3.063840460975467 -5.182721043599873 248.16686178941072 -2.541896 -5.164585 248.3695
221 3.0915184150950936 -5.20764112422787 248.90811825009774 -2.542204 -5.185382 249.1114
222 3.126127008661416 -5.233720506846369 249.65304424982028 -2.540944 -5.205979 249.8573
223 3.1573420266315884 -5.2566657227172255 250.40507131534636 -2.535403 -5.22737 250.61
224 3.2073982851098966 -5.276020449803051 251.16423709993333 -2.529259 -5.246305 251.3708
225 3.24062561248644 -5.292623581610748 251.93774506167296 -2.529475 -5.263872 252.145
226 3.311839258539211 -5.294195337756045 252.71865090057 -2.534412 -5.282956 252.9289
227 3.3477633101041055 -5.346106753301705 253.50340970767905 -2.53173 -5.300222 253.716
228 3.339299458331179 -5.33638194320236 254.29821467838048 -2.522827 -5.316153 254.5107
229 3.4042861645722473 -5.364100261016779 255.0900917777699 -2.516895 -5.328791 255.3056
230 3.4581045971620634 -5.377501248853159 255.8946909456893 -2.508908 -5.345294 256.1119
231 3.530603573598461 -5.399233711674989 256.7092095778644 -2.495854 -5.364407 256.9296
232 3.616856971457969 -5.433477846030003 257.5327000404278 -2.476437 -5.385775 257.7578
233 3.6961166657679523 -5.465098716916152 258.3639579887401 -2.451908 -5.406872 258.5928
234 3.779371093000668 -5.492705194015956 259.19664098847846 -2.426274 -5.425049 259.4295
235 3.8491673576423993 -5.511963748491618 260.0331131439574 -2.401831 -5.445288 260.2685
236 3.87893016706945 -5.553762178466644 260.86648521091706 -2.377452 -5.467449 261.1028
237 3.9684437890926465 -5.577639668204454 261.6991331904985 -2.347909 -5.488513 261.9398
238 4.057713554796905 -5.616468387875454 262.5332583811221 -2.315586 -5.509575 262.7787
239 4.10063425148065 -5.638757163556178 263.3753443417578 -2.282743 -5.533299 263.6212
240 4.163893106698972 -5.681923001351402 264.2147720821029 -2.249292 -5.557575 264.4631
241 4.27756693534003 -5.689902265494337 265.0476590315161 -2.211671 -5.580169 265.3026
242 4.367299460478291 -5.698071256262947 265.88718622874745 -2.169031 -5.601556 266.1456
243 4.4751851345430875 -5.736476290562079 266.724043102769 -2.120601 -5.622751 266.9886
244 4.610614164564373 -5.772227610945228 267.5599740510364 -2.070929 -5.642388 267.8345
245 4.711148609359347 -5.798067335817592 268.4029605298024 -2.020152 -5.662313 268.6821
246 4.842732019424587 -5.820833774515609 269.24121456159503 -1.972336 -5.683949 269.5293
247 4.9311349110720935 -5.875572946896977 270.0888228618372 -1.923826 -5.705921 270.3816
248 4.9825666855263435 -5.892516164333753 270.9412224121417 -1.875688 -5.726987 271.2341
249 5.082013737164145 -5.901087605565773 271.7919493318408 -1.829452 -5.750154 272.0891
250 5.194409922173227 -5.932071675196292 272.63962106922827 -1.783337 -5.773108 272.9432
251 5.308885937375596 -5.950855088967521 273.48519269117133 -1.741198 -5.793806 273.7954
252 5.393734655472943 -5.968131431070091 274.3377174948491 -1.700845 -5.814912 274.6511
253 5.418749727302437 -5.9843184214501015 275.19080155016354 -1.660663 -5.835884 275.5035
254 5.509636777160366 -6.00799329037198 276.03765047417636 -1.622669 -5.858238 276.3544
255 5.581158968344418 -6.0171847547359825 276.8849681566852 -1.585579 -5.879709 277.2037
256 5.69049706023235 -6.036285461129735 277.7265712229145 -1.550632 -5.901149 278.0516
257 5.714472894323789 -6.066430296866447 278.5716836625603 -1.517863 -5.921904 278.8967
258 5.816144999213716 -6.094089396285899 279.40446908922587 -1.489305 -5.941918 279.7354
259 5.888728435105941 -6.145934943266107 280.2335162050675 -1.466242 -5.96075 280.5687
260 5.961575926917589 -6.19350974772831 281.05028483923945 -1.447757 -5.978025 281.3897
261 6.077132237985557 -6.224541178525302 281.85515962487017 -1.431895 -5.99441 282.2031
262 6.163332226380576 -6.245197085174514 282.6510102463885 -1.419054 -6.010847 283.0036
263 6.229130397617912 -6.285780389002262 283.43168274157216 -1.412086 -6.026687 283.7879
264 6.243814322175341 -6.317791544499638 284.1983931922172 -1.411252 -6.04017 284.5553
265 6.2540431005974595 -6.348639388897579 284.9477223081183 -1.414317 -6.053988 285.3052
266 6.262907132017934 -6.389554571003722 285.6773881592482 -1.417779 -6.069167 286.0359
267 6.3262616013066655 -6.414900860904364 286.3823958412045 -1.423417 -6.085125 286.744
268 6.397586334384843 -6.419658698224823 287.06808313471765 -1.435822 -6.10138 287.4331
269 6.409191527892309 -6.45622502541426 287.7348334806767 -1.454441 -6.117454 288.1005
270 6.417400774261039 -6.474859048283144 288.38570513125825 -1.477649 -6.132605 288.7511
271 6.401792946854931 -6.472316836099497 289.0242764653611 -1.506373 -6.149396 289.389
272 6.434630198280224 -6.496275324783916 289.6527348109623 -1.545617 -6.167037 290.0173
273 6.380435401709752 -6.528465347227672 290.26265069953695 -1.597157 -6.182453 290.6281
274 6.322833644484448 -6.5564737141076925 290.865145838803 -1.665044 -6.196964 291.23
275 6.31169463929536 -6.587641751159289 291.4457201660082 -1.742378 -6.210196 291.8062
276 6.398488177854721 -6.621794530631739 292.01850458620453 -1.834488 -6.224247 292.379
277 6.2840526924193 -6.640320631420948 292.5755579383376 -1.942994 -6.237015 292.9374
278 6.2431357687632865 -6.656732597565361 293.11890857556807 -2.067997 -6.247853 293.4679
279 6.166078424648846 -6.706072494894944 293.6600831591357 -2.209538 -6.257666 293.9981
280 5.9650288319066025 -6.735237330535543 294.1582632785676 -2.367902 -6.271075 294.5121
281 5.8568361044628325 -6.738201807404378 294.6539077654321 -2.543375 -6.28527 294.9879
282 5.6998258948158655 -6.7504865790424216 295.1468801551888 -2.739392 -6.297631 295.4667
283 5.870954904934307 -6.763681791486699 294.6953114744885 -2.949047 -6.307941 295.9018
284 6.003045607981447 -6.741445748022597 295.1800141824793 -3.178542 -6.314604 296.3492
285 6.105307134071184 -6.714104300781793 295.66773178501234 -3.425572 -6.32098 296.7828
286 6.19616322521604 -6.694486706240755 296.12085583955843 -3.687333 -6.328231 297.1641
287 6.287954997680544 -6.674639623690194 296.6003910377327 -3.968958 -6.33276 297.5634
288 6.302880865630655 -6.616332961069501 297.08094953634134 -4.268559 -6.336992 297.9439
289 6.441443880503144 -6.563109710593917 297.50514656304745 -4.586321 -6.339444 298.2617
290 6.5474886771694 -6.5156100420772525 297.9676345273014 -4.922654 -6.345184 298.5997
291 6.54293865580435 -6.488534732721266 298.40679846638324 -5.270323 -6.347814 298.8694
292 6.599849497294383 -6.482162801649492 298.8745909768495 -5.635576 -6.343982 299.1672
293 6.569026142949827 -6.4354416690572265 299.33438198416616 -6.014393 -6.339964 299.4337
294 6.523665440071981 -6.407183334802019 299.7587652389013 -6.404391 -6.33231 299.6092
295 6.470049836617006 -6.3473965614697425 300.20091466527845 -6.808874 -6.331276 299.805
296 6.245020422953307 -6.332002468260979 300.58060812390715 -7.216405 -6.326098 299.9751
297 6.166213319237139 -6.3318585810176184 300.98606535040744 -7.620091 -6.315633 300.0619
298 5.925841393125007 -6.284115819532212 301.33252371714275 -8.027228 -6.304576 300.1811
299 6.000536717500386 -6.325375293556555 301.7345187395904 -8.436151 -6.292308 300.22
300 5.786156126784749 -6.305174355656811 302.0941261995191 -8.849753 -6.282888 300.2873
301 5.451687041128751 -6.260955798823434 302.3488990844441 -9.270289 -6.271213 300.3291
302 5.163644853807278 -6.2111468709632245 302.6622409721921 -9.696194 -6.256955 300.284
303 4.842790340689774 -6.14749560683737 302.95693684594045 -10.13605 -6.242546 300.2712
304 4.491543848740163 -6.114721510615864 303.2323966539687 -10.58129 -6.224323 300.2293
305 4.115377737988794 -6.039749987345876 303.50320016470994 -11.03111 -6.199526 300.097
306 3.6940734782813403 -5.963676882498476 303.694114629359 -11.48794 -6.178297 299.9941
307 3.301679610788031 -5.896743488913395 303.9906914438031 -11.94318 -6.15018 299.7982
308 2.8593400949767287 -5.840327193985046 304.1920706078678 -12.40289 -6.123531 299.6328
309 2.407373571599351 -5.77190472429829 304.3926666334942 -12.8598 -6.094784 299.4338
310 1.9073376952021341 -5.711033225575934 304.58064132615243 -13.3109 -6.063773 299.1429
311 1.4152983494903402 -5.66498648621874 304.76499734664293 -13.7634 -6.028358 298.8742
312 0.853882202702065 -5.61139352385352 304.86114534623886 -14.21251 -5.989762 298.5219
313 0.2970290187919251 -5.5283637792697125 304.9226058896752 -14.66311 -5.950116 298.1811
314 -0.28980771795993554 -5.452725592574184 304.945298683528 -15.11616 -5.913525 297.8016
315 -0.9179311845881746 -5.383567947548251 304.8948662436266 -15.56917 -5.871992 297.3601
316 -1.544137965678075 -5.300732118791681 304.8218111506334 -16.02426 -5.830931 296.9179
317 -2.2192155492101953 -5.216477459908074 304.74727800929463 -16.47064 -5.783464 296.4013
318 -2.885532560067505 -5.122731514671318 304.6360757353842 -16.90392 -5.737737 295.8766
319 -3.600835022891776 -5.0284191872625215 304.5497191787293 -17.32241 -5.692386 295.2843
320 -4.306744016676631 -4.925878690055002 304.4129048059643 -17.72918 -5.645499 294.6844
321 -4.9981144851590456 -4.78505475193449 304.15466322258425 -18.12343 -5.596317 294.0467
322 -5.72445211555578 -4.694117118932857 303.84154939607754 -18.50534 -5.550791 293.3496
323 -6.455570494155535 -4.595976142331533 303.52382309287077 -18.87203 -5.509383 292.6362
324 -7.189266374035816 -4.469863203215333 303.12066154574217 -19.21381 -5.47294 291.8625
325 -7.962257470362655 -4.351358131193222 302.7912294810407 -19.53852 -5.435497 291.0794
326 -8.721412129213391 -4.248157221932686 302.33082147990575 -19.84548 -5.397191 290.2408
327 -9.44902716749596 -4.109384576546033 301.82496244167334 -20.12922 -5.364689 289.3905
328 -10.194594588442873 -3.958053813792387 301.3045223675525 -20.38184 -5.330467 288.5047
329 -10.91036553807003 -3.8311603626469055 300.6689701051891 -20.61251 -5.29613 287.5677
330 -11.657525706475447 -3.681525254803958 300.0718382613068 -20.81155 -5.265003 286.6208
331 -12.352076101156124 -3.563056238772555 299.35805183677536 -20.97738 -5.231887 285.6322
332 -13.070475738305836 -3.437118050441436 298.65551367611215 -21.11659 -5.198232 284.6297
333 -13.780466476747932 -3.310275823919267 297.90228504701116 -21.22691 -5.169612 283.5931
334 -14.448699178299716 -3.1464113447523885 297.07512476637316 -21.30702 -5.143301 282.5205
335 -15.08795236413625 -3.001459007605131 296.20321953382233 -21.35871 -5.118237 281.4312
336 -15.727723203635563 -2.831101636697336 295.2991316107945 -21.38358 -5.092068 280.3112
337 -16.376292287164013 -2.6618573317392835 294.3792836521153 -21.37724 -5.068634 279.1733
338 -17.00672668998491 -2.507346162806975 293.4100742839399 -21.34556 -5.044246 278.0075
339 -17.610024309465828 -2.356482784331132 292.40778396670663 -21.28976 -5.02153 276.8295
340 -18.196561554805655 -2.2212055668551924 291.37708953854417 -21.20924 -5.001358 275.6388
341 -18.809541447756544 -2.0571216599001216 290.34501120373363 -21.11193 -4.983245 274.4313
342 -19.330387703799534 -1.8630217936908757 289.2490392055126 -21.0019 -4.965436 273.2075
343 -19.916014740907176 -1.6913923537708997 288.158121845762 -20.88617 -4.946924 271.963
344 -20.499595954988607 -1.5104049819185819 287.0528752430157 -20.77685 -4.927465 270.705
345 -21.052226735745677 -1.2976447193029785 285.9157374005267 -20.66591 -4.906062 269.4279
346 -21.624402468598173 -1.1082466521086634 284.7674716597342 -20.55522 -4.883412 268.136
347 -22.218810674856147 -0.9181664356869406 283.6156596214748 -20.44759 -4.861751 266.8306
348 -22.754987067528123 -0.7118339183901703 282.42167158285287 -20.34586 -4.838516 265.5097
349 -23.34168900427896 -0.5163687148757767 281.2397418139169 -20.24967 -4.817703 264.1794
350 -23.94092850888554 -0.3082328558473656 280.0654321163778 -20.15628 -4.799526 262.8481
351 -24.554592929580654 -0.1046253140447786 278.89896003048887 -20.07085 -4.780284 261.5173
352 -25.177575040027495 0.0706705793188645 277.737594683545 -19.99327 -4.760491 260.1902
353 -25.788511664411647 0.26546665286986354 276.55824176573617 -19.9213 -4.738614 258.8499
354 -26.416089919021513 0.45817199846154566 275.38963508425724 -19.8553 -4.717988 257.5113
355 -27.034015316478683 0.6634177445963828 274.2155436584411 -19.79675 -4.696286 256.1702
356 -27.700753905493315 0.8523620240910756 273.05995748194493 -19.74591 -4.673674 254.8239
357 -28.322441551552846 1.0508874460739144 271.8779483025138 -19.70344 -4.648388 253.4746
358 -28.97609004149304 1.2428898124719372 270.709920263333 -19.66817 -4.618642 252.1232
359 -29.71909673187804 1.4535986602452438 269.60169638633784 -19.63934 -4.586765 250.7731
360 -30.415557427475168 1.6469302451206818 268.4526434868254 -19.61368 -4.556415 249.4162
361 -31.091285054587765 1.858430607511895 267.300552758274 -19.59029 -4.529158 248.0644
362 -31.779500990095773 2.065623106863502 266.1473424456765 -19.56928 -4.501374 246.706
363 -32.485281723648875 2.272313258853511 264.9936054299352 -19.55134 -4.473848 245.3382
364 -33.19824057538647 2.447300031286154 263.8383574674494 -19.538 -4.445003 243.9698
365 -33.91340697054632 2.65671234855088 262.6833265378047 -19.52666 -4.411335 242.5957
366 -34.55116157273615 2.8679792942212208 261.4850582875461 -19.51383 -4.37826 241.2224
367 -35.23401945787597 3.0455646141240953 260.29405202759347 -19.50318 -4.346093 239.8385
368 -35.920380650528635 3.2435551288004185 259.11199367470743 -19.49325 -4.316996 238.4577
369 -36.64350166584967 3.4680703650998246 257.95241928469596 -19.48099 -4.286446 237.0732
370 -37.35006406683758 3.6439596293434264 256.7687232411007 -19.46668 -4.255713 235.6839
371 -38.062248082800984 3.8351138389296517 255.58659043367646 -19.45014 -4.223798 234.2911
372 -38.781502256674244 4.013291552481017 254.40002583425698 -19.4304 -4.186692 232.8928
373 -39.51262025782904 4.205052088466879 253.2201608237368 -19.4066 -4.152924 231.4922
374 -40.214847723705624 4.395176996465216 252.0224044056153 -19.38129 -4.121142 230.0914
375 -40.9508970088264 4.601007769852397 250.84435988868015 -19.35555 -4.091351 228.6877
376 -41.63088969041898 4.823891516905584 249.63522547141957 -19.33238 -4.061083 227.2832
377 -42.35139842025314 5.0264274171811465 248.4369515194815 -19.30936 -4.031202 225.8709
378 -43.05603855154449 5.259596837772696 247.22961722538741 -19.28821 -4.003413 224.4541
379 -43.77572118915193 5.474826726251545 246.02378725634708 -19.26526 -3.975161 223.0339
380 -44.45799984930369 5.698652554209424 244.79429700480196 -19.24098 -3.945563 221.6106
381 -45.149842041768224 5.903603790730897 243.5656601403712 -19.2149 -3.915755 220.1863
382 -45.893161270456574 6.124361614436099 242.3637314034408 -19.19066 -3.884537 218.7565
383 -46.592483961279896 6.318858559268017 241.13292038044554 -19.16474 -3.851913 217.3282
384 -47.31074872502491 6.534558726260258 239.90674597651156 -19.14051 -3.816692 215.8915
385 -48.027593542004176 6.728582899618828 238.67324678690846 -19.11492 -3.783819 214.4523
386 -48.73123378191489 6.939503924074299 237.43206237131136 -19.08395 -3.744539 213.0109
387 -49.45964786294784 7.179617500652603 236.21162543938098 -19.0532 -3.706671 211.5703
388 -50.14453671474085 7.376122699273886 234.95152960806757 -19.02208 -3.670204 210.1235
389 -50.91400101875394 7.545547215098298 233.7317777123411 -18.99038 -3.634175 208.6722
390 -51.606681395062424 7.770270324262836 232.47282677423092 -18.96021 -3.596747 207.2186
391 -52.36838459330031 7.994597352811063 231.24615908761285 -18.92786 -3.559153 205.7582
392 -53.08564606108152 8.211798661916607 229.98834898676927 -18.89614 -3.524788 204.2948
393 -53.78249250952158 8.423842117343549 228.71863386064524 -18.86476 -3.487637 202.8318
394 -54.49102970122184 8.65028332906804 227.45760254588174 -18.83712 -3.453039 201.3684
395 -55.21468910853401 8.848322039164573 226.20516901497643 -18.80904 -3.419171 199.9091
396 -55.954984662351826 9.069012671296603 224.95524209898068 -18.78081 -3.384783 198.4404
397 -56.7137542505036 9.306307633655313 223.72485964679103 -18.75193 -3.350644 196.9762
398 -57.412557947389345 9.511383803714718 222.45757763878586 -18.72357 -3.313855 195.5153
399 -58.15523807565216 9.726239974757306 221.21859266853423 -18.69718 -3.276436 194.0556
400 -58.915083829332524 9.92098229691514 219.9917743743262 -18.67123 -3.241513 192.6001
401 -59.65085662936231 10.139347310662025 218.75372791165503 -18.64803 -3.205048 191.1441
402 -60.37956342915203 10.380043612690855 217.519764617547 -18.62849 -3.170622 189.6915
403 -61.090717439014455 10.603426776103111 216.27711560862713 -18.61037 -3.138275 188.2429
404 -61.82724620981708 10.833992108113504 215.0509726348109 -18.59411 -3.107703 186.7945
405 -62.53021856774451 11.075520894475241 213.81478066495163 -18.57686 -3.075839 185.3525
406 -63.250433658673195 11.303431002138925 212.58362243493718 -18.56047 -3.044236 183.9085
407 -63.98346301257146 11.52158065131295 211.36320936600777 -18.546 -3.011131 182.4687
408 -64.72862366763638 11.732451702257666 210.15208140476142 -18.5334 -2.977267 181.0316
409 -65.4376821864885 11.951622099584617 208.92849930512128 -18.52315 -2.942176 179.601
410 -66.17234419149176 12.161484680655393 207.72431459240485 -18.51524 -2.908289 178.1753
411 -66.90973879256882 12.3507856868349 206.5196871496779 -18.51072 -2.873542 176.7507
412 -67.64600990086308 12.582977185790893 205.33524255995465 -18.51025 -2.838653 175.3373
413 -68.38838592333813 12.783620839374533 204.15562215099644 -18.51326 -2.803213 173.9296
414 -69.12545188625876 12.9991810764316 202.99399900886954 -18.51829 -2.769552 172.5375
415 -69.83348677789836 13.216417382845133 201.82751727925452 -18.52671 -2.736025 171.1562
416 -70.57533195169464 13.416188932890613 200.6995186565033 -18.5371 -2.701364 169.7919
417 -71.2688343552421 13.618623545476716 199.56463589806657 -18.55169 -2.66695 168.4471
418 -71.94425862963632 13.802942446416404 198.4442791078678 -18.5681 -2.633527 167.1265
419 -72.64436593162606 14.008555825865075 197.36199008843153 -18.58704 -2.599237 165.8218
420 -73.32784273818332 14.202470093596194 196.29322019674828 -18.60503 -2.565877 164.539
421 -73.98475023549163 14.38185979241521 195.23263272012898 -18.62542 -2.533595 163.2792
422 -74.66757534199186 14.576380223656502 194.2250157632234 -18.64444 -2.502804 162.0471
423 -75.28384293210806 14.720296192613443 193.1931471192306 -18.66211 -2.473852 160.8371
424 -75.89076094586596 14.924816747505414 192.1968894308995 -18.68207 -2.447586 159.6532
425 -76.49606389896225 15.099445718172355 191.22201004177603 -18.70043 -2.422217 158.4929
426 -77.10162496321517 15.291168171270535 190.2831934481653 -18.71715 -2.396857 157.3598
427 -77.71305205499611 15.473791647519942 189.37504133373739 -18.73344 -2.370798 156.2503
428 -78.27770109671175 15.63982960416243 188.46739758332174 -18.74892 -2.347373 155.1689
429 -78.82272451401685 15.801926852218664 187.58233985416635 -18.76231 -2.322647 154.1173
430 -79.33904685287129 15.95245879649444 186.7043403594897 -18.7779 -2.297427 153.0881
431 -79.87961788733274 16.09375359805079 185.87358361229445 -18.79239 -2.274461 152.0873
432 -80.38049392197033 16.22323681052307 185.04535877961337 -18.80437 -2.252345 151.1111
433 -80.88349799230818 16.3770948659514 184.25507381700282 -18.81642 -2.23022 150.1621
434 -81.37521556927783 16.51493087512698 183.48658939933537 -18.82738 -2.209938 149.2397
435 -81.8444688837895 16.664323824209507 182.73240037381908 -18.83766 -2.187753 148.3393
436 -82.30152814864137 16.794148701564428 181.99353208492255 -18.84754 -2.164801 147.4612
437 -82.71442456328602 16.924170298536193 181.24744300209161 -18.85476 -2.144196 146.5989
438 -83.14668392739867 17.044111940228177 180.53088720883466 -18.86279 -2.123511 145.7538
439 -83.54903778346126 17.18347025022241 179.8162434789831 -18.87376 -2.100874 144.9223
440 -83.99553561861552 17.301317708000347 179.13990049433193 -18.88239 -2.078341 144.1037
441 -84.38999051945152 17.41497498165708 178.45146574303564 -18.88627 -2.059412 143.3024
442 -84.77576476690805 17.51524318184608 177.777730783403 -18.89195 -2.042113 142.5198
443 -85.19041332561115 17.66761367825283 177.14962893670995 -18.90126 -2.02299 141.7522
444 -85.64730318742913 17.802942586994078 176.55814843543553 -18.90872 -2.005121 140.9929
445 -86.04245490181364 17.882890136052467 175.9246788504178 -18.91348 -1.989403 140.2422
446 -86.41731749104383 17.980608442510352 175.29069390741077 -18.91945 -1.974562 139.4994
447 -86.90437160016016 18.151264598867897 174.76852426230087 -18.92677 -1.960534 138.7654
448 -87.27238613377267 18.240265763624265 174.15420125530702 -18.93511 -1.944374 138.044
449 -87.59559627334883 18.334495152845005 173.52405320965565 -18.94438 -1.928158 137.3298
450 -87.94908212665969 18.3933793164441 172.91275164391632 -18.95464 -1.914991 136.6214
451 -88.3106908986913 18.47642618467991 172.31382876564066 -18.96431 -1.905325 135.917
452 -88.5939593063351 18.562436864859293 171.67836708085784 -18.97372 -1.895274 135.2161
453 -88.9686125027619 18.63294236445031 171.0920500929037 -18.97911 -1.881347 134.5169
454 -89.38118452671296 18.745919491898324 170.5413191077072 -18.98311 -1.86792 133.8197
455 -89.76567365097019 18.812135813472633 169.96487081066218 -18.99097 -1.854861 133.1238
456 -90.1154036312111 18.901538726225937 169.37038198503723 -19.00389 -1.83902 132.4286
457 -90.5505475338665 18.995306890652333 168.8451492044314 -19.0082 -1.829069 131.7402
458 -90.97595601223118 19.12220449529043 168.32962638239385 -19.00738 -1.823556 131.0599
459 -91.34827162015246 19.19660297019686 167.76237673198338 -19.01169 -1.813487 130.3774
460 -91.72739396512316 19.274755961976254 167.19712236939972 -19.02656 -1.799997 129.6926
461 -92.17593523357576 19.38600813487701 166.6747214966968 -19.02976 -1.790406 128.9952
462 -92.49848586135532 19.525193383235546 166.0594067605996 -19.02968 -1.783236 128.2867
463 -92.84026495240398 19.63621568062684 165.43218727299984 -19.03291 -1.773597 127.5639
464 -93.17671641583777 19.775411355952404 164.79682582104675 -19.03689 -1.762349 126.8317
465 -93.54213166481453 19.885713691172484 164.16124765063083 -19.04093 -1.751742 126.0904
466 -93.83312209655222 20.002339733414917 163.47781546448724 -19.0431 -1.739549 125.3386
467 -94.19360789439172 20.133790686618532 162.81784333324694 -19.0406 -1.721883 124.5754
468 -94.5839749427939 20.26897326096332 162.15291320452943 -19.03398 -1.704964 123.7928
469 -95.04918621303017 20.392872955350057 161.51161472793913 -19.02609 -1.689113 122.9911
470 -95.50673601735551 20.521716755156458 160.8447567181362 -19.01737 -1.671608 122.1724
471 -95.98566143909223 20.69638328023379 160.182804604493 -19.00788 -1.651373 121.3372
472 -96.41869788323491 20.788566502673003 159.4587985088384 -18.99551 -1.630463 120.4889
473 -96.81743408153766 20.896815649895856 158.69653002214056 -18.9811 -1.606831 119.6223
474 -97.25241071215156 21.040995113414848 157.94245181681757 -18.96236 -1.583863 118.7404
475 -97.67583728111612 21.14357326203722 157.15503111348985 -18.94089 -1.56236 117.841
476 -98.07856204562393 21.27172353651482 156.33691982770569 -18.91249 -1.539442 116.9209
477 -98.53566800547647 21.402860611800794 155.52916756711045 -18.88164 -1.51858 115.9843
478 -98.97453828689132 21.52944008161702 154.68746593950604 -18.84566 -1.49574 115.0276
479 -99.45220426475205 21.649276103888752 153.8502364332406 -18.80738 -1.472691 114.0573
480 -99.96524732436616 21.785808062513752 153.01879063993127 -18.76261 -1.449607 113.0721
481 -100.4132402349495 21.925463735055875 152.13209182035501 -18.71096 -1.425819 112.0705
482 -100.97438009903543 22.107273172218733 151.29723677473802 -18.65467 -1.402779 111.0501
483 -101.4630395760216 22.263916157794736 150.3906411535698 -18.59273 -1.382089 110.0104
484 -101.95089655583627 22.438902173391664 149.46834792091943 -18.52665 -1.362588 108.9547
485 -102.47687657754138 22.57135713197939 148.543295384424 -18.45845 -1.343346 107.8847
486 -103.00027341055268 22.71361999867477 147.59724300448443 -18.38974 -1.32609 106.7965
487 -103.46656106876924 22.882584855468668 146.6089843115864 -18.32377 -1.307555 105.6929
488 -103.98851234634385 23.056702636556494 145.61873198348852 -18.25676 -1.288139 104.5622
489 -104.54935425121892 23.19423359714017 144.62034895080916 -18.18725 -1.269054 103.4111
490 -105.10353942902701 23.381196904990865 143.61043587388403 -18.11737 -1.244731 102.2464
491 -105.67202584269498 23.535211605201976 142.59383916499755 -18.04504 -1.219976 101.074
492 -106.28104820692324 23.641641432993996 141.57146650334477 -17.972 -1.195663 99.88171
493 -106.80057608423202 23.803618917317603 140.48799182149926 -17.89756 -1.172886 98.67175
494 -107.34363540962968 23.923094275721976 139.3950161858473 -17.82503 -1.151222 97.4478
495 -107.92947237239474 24.08114398540358 138.3118565266757 -17.75374 -1.126795 96.20855
496 -108.5197636007132 24.267823597416847 137.21679302074153 -17.68421 -1.102525 94.95275
497 -109.1022163495336 24.388727708723252 136.0862359058421 -17.6127 -1.077492 93.67749
498 -109.66338685542476 24.526949059781916 134.93696216080596 -17.54366 -1.049972 92.39323
499 -110.27128126824392 24.698556383978985 133.79508112013616 -17.4771 -1.022258 91.09028
500 -110.82481737546482 24.85461319049357 132.60981531136204 -17.40999 -0.9990056 89.77477
501 -111.43027082274536 25.042281951334378 131.4494800791965 -17.35065 -0.9753403 88.45413
502 -112.06509782176464 25.263711771996945 130.28375423333515 -17.29334 -0.9584784 87.10974
503 -112.69602209870986 25.452148133442698 129.0785482788201 -17.23975 -0.9440549 85.73751
504 -113.3612891407454 25.633447177256443 127.87516594999273 -17.18834 -0.9218292 84.35171
505 -114.01887643763472 25.81619162090658 126.65683450141184 -17.13847 -0.8925921 82.95643
506 -114.65906024506623 26.002759898649607 125.42089369092416 -17.09087 -0.8621183 81.55322
507 -115.34724392925459 26.20327323921856 124.18618727796259 -17.04828 -0.8330614 80.12646
508 -116.04748835820874 26.413990677276423 122.94169303341744 -17.00912 -0.8053784 78.68382
509 -116.749904215877 26.614985506692122 121.68140585447942 -16.97362 -0.7771295 77.22778
510 -117.47133555583243 26.842500764747374 120.41985907888818 -16.9389 -0.7478602 75.75752
511 -118.22039460367891 27.06718419299748 119.17060802261891 -16.90538 -0.7187593 74.28435
512 -118.98202338495189 27.292360439239364 117.92616172292144 -16.87364 -0.688618 72.80871
513 -119.7325035065982 27.50455137116292 116.6744821423005 -16.84487 -0.6588975 71.33452
514 -120.46512142416832 27.726248098562856 115.415744458493 -16.82112 -0.6266962 69.86187
515 -121.13971745693135 27.940771010231096 114.12923045027155 -16.79851 -0.5936207 68.39401
516 -121.8849153752849 28.139087011540255 112.87789284940217 -16.77917 -0.561778 66.92462
517 -122.62918622010106 28.361439061921388 111.63205919715543 -16.76019 -0.5300473 65.45693
518 -123.37634056928103 28.567723628752216 110.38282362106705 -16.74127 -0.4983233 63.98723
519 -124.10802643920323 28.773607693468293 109.13026582754016 -16.72374 -0.4662392 62.52254
520 -124.8925806734303 29.008367962369306 107.9170944160687 -16.70738 -0.4342216 61.05928
521 -125.6464863588558 29.210538574669677 106.67003929633051 -16.69261 -0.4028967 59.5885
522 -126.38606960371014 29.40945129036734 105.4148096607495 -16.67728 -0.3696661 58.11853
523 -127.11867994314727 29.624104158615136 104.16079427131362 -16.66067 -0.331875 56.651
524 -127.85435287348407 29.8434512456301 102.91529231040666 -16.64289 -0.2928006 55.18855
525 -128.56114513066348 30.050121411629924 101.66158134167928 -16.62286 -0.2553499 53.73519
526 -129.2938955726233 30.270427091111056 100.41972094454789 -16.60088 -0.2238776 52.27704
527 -130.02485399502416 30.493803115436183 99.17956952187322 -16.57777 -0.1950878 50.82074
528 -130.72196166433494 30.722684694397508 97.92384081485763 -16.55446 -0.1667537 49.36683
529 -131.38121001400518 30.906540211620776 96.63877767161732 -16.53154 -0.1361189 47.91138
530 -132.10284316511084 31.119779084690435 95.39825821790241 -16.5059 -0.1018661 46.46111
531 -132.78410199640166 31.33776159381519 94.13928623984897 -16.47825 -0.06682977 45.01382
532 -133.44250191449575 31.496186615143777 92.86991548008474 -16.45171 -0.03390796 43.57573
533 -134.19780188713702 31.702181661587538 91.66214091251867 -16.42535 -0.004286154 42.13696
534 -134.87634668814425 31.9164407596585 90.41079266773436 -16.40183 0.02267275 40.69789
535 -135.5924584192098 32.13676936124361 89.18507639701652 -16.38003 0.0513988 39.26177
536 -136.3108752655259 32.3228659920016 87.95404635163058 -16.35679 0.08060552 37.82483
537 -137.03325342832522 32.53621938110299 86.74022071428523 -16.33245 0.1118254 36.39684
538 -137.7700087503245 32.745045295471385 85.53570262017044 -16.30758 0.1414094 34.97003
539 -138.48267959905732 32.96346349560458 84.3199046501559 -16.28474 0.1706823 33.54441
540 -139.20284070239816 33.17840350778845 83.11491543372354 -16.264 0.1998713 32.12471
541 -139.93757716893936 33.41639903869169 81.92656293170197 -16.24608 0.2279988 30.70783
542 -140.61518428952704 33.65011554520926 80.69671312617815 -16.22987 0.257281 29.28474
543 -141.31968710216742 33.86950737131993 79.48636328186483 -16.21276 0.2860073 27.8676
544 -142.06228053062583 34.09824834057928 78.30900173805574 -16.19488 0.3156601 26.45737
545 -142.7582891426242 34.28670951088258 77.10005138778313 -16.17482 0.3455316 25.05017
546 -143.46059453361235 34.51660104855662 75.90564375400652 -16.15363 0.3743586 23.6461
547 -144.16308724009056 34.73112997818722 74.71596145934232 -16.13407 0.4041376 22.24839
548 -144.83032924826168 34.95425468135616 73.51461813470095 -16.11623 0.4323654 20.85659
549 -145.49768864418243 35.15608081143131 72.31855547254109 -16.10044 0.4615578 19.47255
550 -146.1227616262831 35.35066922622854 71.09856864353573 -16.08658 0.4926781 18.08843
551 -146.77672848871322 35.55631461168169 69.90039469326724 -16.07258 0.5236603 16.70842
552 -147.52241109529194 35.74080093076993 68.75895706196879 -16.0573 0.5539333 15.33299
553 -148.21595927556717 35.93421430455543 67.59214053383162 -16.04039 0.5822458 13.9623
554 -148.9179606818026 36.13471848743492 66.43566524335486 -16.01956 0.6052059 12.59501
555 -149.5780634233288 36.374284732733585 65.25488393014388 -15.99987 0.6277813 11.22152
556 -150.2602772862955 36.58316223237559 64.08663718984648 -15.98184 0.653636 9.852998
557 -150.92930115714336 36.80437008342996 62.9164227875175 -15.96753 0.6821976 8.487382
558 -151.61789774168773 37.026740431263974 61.759053077500376 -15.95764 0.7126679 7.122797
559 -152.28837047022824 37.23248894424714 60.59453422101645 -15.94956 0.7443265 5.763789
560 -152.9550782079327 37.45898472289717 59.4263933695149 -15.93877 0.7787213 4.400318
561 -153.63192090211248 37.67786408245812 58.26505829739678 -15.9259 0.8125999 3.038918
562 -154.3231423370875 37.906606830862515 57.11246188217784 -15.90918 0.8446651 1.676097
563 -154.91742600405755 38.0738154757365 55.89209156045212 -15.88963 0.8754178 0.3089439
564 -155.68794287905837 38.3019409575132 54.779369742237016 -15.87121 0.9045038 -1.063172
565 -156.35173191023443 38.51142347310855 53.59500577598671 -15.85397 0.9332548 -2.436523
566 -157.02990765135604 38.71899099532119 52.41420769626515 -15.83843 0.9601236 -3.813595
567 -157.72702066311012 38.93478110180429 51.24402534321816 -15.8232 0.9870965 -5.192326
568 -158.387261251142 39.13257260458551 50.043289092557295 -15.80825 1.014088 -6.57647
569 -159.09117909091398 39.35156004534896 48.864943391347914 -15.79123 1.041956 -7.966034
570 -159.8062501050936 39.5747225742911 47.6922656710674 -15.7739 1.070725 -9.357139
571 -160.53300093208006 39.778524322241985 46.5149186850889 -15.75586 1.10059 -10.75522
572 -161.26670503858597 40.02068652047788 45.35328271883144 -15.73852 1.129671 -12.14993
573 -162.0030629012002 40.24607006494218 44.18655794578001 -15.72233 1.159922 -13.54746
574 -162.70570862565538 40.468978767819046 42.99168844889484 -15.70577 1.188722 -14.95103
575 -163.42698826955836 40.680123128314996 41.800539264030526 -15.6909 1.214563 -16.35914
576 -164.13643035622758 40.8960189351102 40.606581409350696 -15.67519 1.238904 -17.76435
577 -164.85744386503552 41.115970772939555 39.41573340484804 -15.65947 1.258378 -19.17351
578 -165.57070763117778 41.348828862278275 38.22090237703111 -15.64353 1.279114 -20.58415
579 -166.30463208255975 41.57681934937482 37.02687479811128 -15.62986 1.298206 -22.00393
580 -167.01793879304935 41.79875168142452 35.81845765691149 -15.61782 1.320134 -23.42439
581 -167.771902331084 42.01533104567728 34.63375626787916 -15.60601 1.342475 -24.84504
582 -168.4897189420469 42.251243867961605 33.427909731931656 -15.59027 1.362532 -26.26783
583 -169.2314693708393 42.47921262990683 32.23823902305487 -15.57331 1.381668 -27.68798
584 -169.94693522740894 42.68710837588548 31.02043005881333 -15.55401 1.401278 -29.11536
585 -170.6802877530238 42.91135180519432 29.810187915545256 -15.53676 1.423844 -30.54783
586 -171.45005916678426 43.159773212508796 28.636281427936837 -15.5214 1.450596 -31.97309
587 -172.13918207637056 43.37377461631172 27.40945064150592 -15.50772 1.474487 -33.39613
588 -172.88130202820716 43.59453568951946 26.21420520105187 -15.49326 1.496909 -34.81999
589 -173.59940833645535 43.8236971670621 25.005166960117922 -15.47662 1.519635 -36.24448
590 -174.29607840454506 44.01810749041586 23.781580826294327 -15.46088 1.542757 -37.66558
591 -174.98162841847142 44.25448458039657 22.564314926541186 -15.4441 1.566849 -39.08217
592 -175.69791922014676 44.45603575193819 21.358178396466137 -15.42668 1.593713 -40.49901
593 -176.44661718208738 44.69357289063159 20.18091875474885 -15.40927 1.621146 -41.91388
594 -177.16351089987774 44.916094456729915 18.988450470339213 -15.39245 1.647343 -43.32259
595 -177.92501646773857 45.13118507387906 17.830678547422032 -15.37523 1.670185 -44.72465
596 -178.64100339819112 45.355712806069626 16.6416336146615 -15.35699 1.68978 -46.13041
597 -179.35792023389726 45.561613277853276 15.447652663754255 -15.33783 1.710257 -47.53795
598 -180.07209255057077 45.77204754587393 14.25451728202266 -15.3171 1.733637 -48.94398
599 -180.7774254884659 45.98488194174085 13.060561411214527 -15.29715 1.757778 -50.3466
600 -181.50968486176794 46.197545976348 11.883721652921192 -15.27696 1.78328 -51.7485
601 -182.25761204028157 46.397990677044916 10.711836534877557 -15.25676 1.808697 -53.15272
602 -182.99450128339794 46.6135073517636 9.546419625914249 -15.23749 1.833987 -54.54794
603 -183.69428940036386 46.80879359580738 8.347428493642795 -15.21771 1.859642 -55.9495
604 -184.46802237191915 46.99973550484927 7.192828413207738 -15.19945 1.883021 -57.35212
605 -185.18908107604412 47.21936974160514 6.013588754131052 -15.1841 1.905888 -58.75141
606 -185.89196500756566 47.41680607352349 4.819589360843336 -15.17008 1.927806 -60.15069
607 -186.61791024453115 47.628953531673886 3.642769821750174 -15.15697 1.949198 -61.54936
608 -187.3366154490704 47.82522182025959 2.454686381513821 -15.14226 1.969588 -62.95149
609 -188.02233559536995 48.03786211042795 1.2533761824394873 -15.12801 1.98995 -64.35076
610 -188.72312265339627 48.24412984075266 0.058837241035945675 -15.11338 2.0103 -65.75074
611 -189.46888355481988 48.455028702801165 -1.1022793706338319 -15.10121 2.031551 -67.14653
612 -190.18896733304004 48.659626304560696 -2.27637966498455 -15.09141 2.052437 -68.53878
613 -190.861809068768 48.86097794952574 -3.4828349567137726 -15.08303 2.071234 -69.93462
614 -191.5592208364258 49.08484646600837 -4.6627303169624374 -15.07453 2.08736 -71.32326
615 -192.31888155583502 49.282958100355394 -5.804042826542512 -15.06438 2.102811 -72.70839
616 -193.07209174896903 49.523625219301906 -6.943562379958339 -15.05383 2.117081 -74.09527
617 -193.82926840625504 49.74266146185367 -8.077619136948037 -15.04316 2.130723 -75.47624
618 -194.5392252100614 49.9725604347752 -9.238828435196927 -15.03084 2.146554 -76.85642
619 -195.25450963126403 50.19171131405367 -10.386798028405867 -15.01678 2.16346 -78.22646
620 -195.964787176159 50.4163125804066 -11.53300182125407 -14.99833 2.179823 -79.59325
621 -196.68239711364558 50.64969057311335 -12.665085852226008 -14.9793 2.191194 -80.9536
622 -197.3192906783156 50.868948564692495 -13.851002988030444 -14.95957 2.200916 -82.31728
623 -198.0162533689901 51.094840541059334 -15.000864929763395 -14.94128 2.214391 -83.68053
624 -198.67265166093364 51.321625584243755 -16.163950273556107 -14.92467 2.232509 -85.03495
625 -199.3526273006697 51.5339543652046 -17.30986546285122 -14.90817 2.250863 -86.38401
626 -200.04349613839952 51.73724182997134 -18.443379147163206 -14.89187 2.268643 -87.72673
627 -200.71510072560616 51.9479372094565 -19.588155173200875 -14.87398 2.282365 -89.0704
628 -201.36042740968784 52.133928413642806 -20.74516785306289 -14.85657 2.296993 -90.40801
629 -202.0305448237783 52.31994206092668 -21.88272065980983 -14.83919 2.311152 -91.74112
630 -202.73555030364244 52.52211276005533 -22.999140561683838 -14.82426 2.326927 -93.07672
631 -203.40534158981185 52.738475292881496 -24.120329143897187 -14.81076 2.341502 -94.40039
632 -204.09353091139977 52.94161331662557 -25.23319001384713 -14.79798 2.357904 -95.72436
633 -204.7383120502927 53.1310478420253 -26.370816666152482 -14.78703 2.374193 -97.04551
634 -205.4263756595326 53.33536278674796 -27.47628033533559 -14.77603 2.389834 -98.36341
635 -206.10901526491736 53.52977203980053 -28.581305905930524 -14.76703 2.407843 -99.6766
636 -206.79336024080337 53.72423711156142 -29.678147457343314 -14.75854 2.426874 -100.9838
637 -207.43482027900106 53.89078890550969 -30.804240074767392 -14.75176 2.444391 -102.2903
638 -208.08955351134097 54.097885195333696 -31.910953033079014 -14.7441 2.462669 -103.5926
639 -208.80045671737764 54.30460807086997 -32.9789680011449 -14.7396 2.480363 -104.892
640 -209.4437140697896 54.487718410349714 -34.08665011604456 -14.73425 2.498308 -106.1858
641 -210.09325067864518 54.68324197234195 -35.18051095794506 -14.73066 2.514949 -107.4728
642 -210.80504053767075 54.88819399422544 -36.236901350513165 -14.72824 2.530663 -108.7629
643 -211.51575017808176 55.04216713521014 -37.294045446704004 -14.72729 2.547386 -110.0459
644 -212.2134061613734 55.22007087300963 -38.356353065555695 -14.72555 2.56369 -111.3291
645 -212.8954906539823 55.411896580479514 -39.418071857357525 -14.72479 2.582153 -112.6054
646 -213.5780387513091 55.624305574682225 -40.47001008579985 -14.72153 2.600374 -113.8771
647 -214.2791468728718 55.835514765103284 -41.508543071101954 -14.7196 2.617244 -115.1477
648 -214.96833289139187 56.022084619696685 -42.5509847697103 -14.7178 2.634202 -116.4111
649 -215.63951789981738 56.234958353292214 -43.59359807398899 -14.71582 2.650909 -117.6691
650 -216.3077247368944 56.42442153025315 -44.638667146976715 -14.71284 2.667793 -118.9238
651 -216.9770898974068 56.64191910228753 -45.67136915174252 -14.70983 2.685657 -120.1734
652 -217.62961701632292 56.838440577984365 -46.708323710093545 -14.70566 2.703911 -121.4141
653 -218.30207753053216 57.06779216183618 -47.713474299365686 -14.70294 2.719941 -122.6449
654 -219.02188318861204 57.26988202418025 -48.68046613331151 -14.70054 2.735913 -123.8671
655 -219.67175581600696 57.43704491659034 -49.69275835227002 -14.69881 2.751503 -125.0815
656 -220.26975581761403 57.629888902519966 -50.721808613468525 -14.6983 2.767801 -126.2871
657 -220.87950019743556 57.79596215811486 -51.73982865445602 -14.69852 2.784821 -127.4852
658 -221.47728190552633 57.95539289039334 -52.75087745849726 -14.70118 2.801395 -128.6704
659 -222.0662342315007 58.129910889591955 -53.75255282668853 -14.70614 2.817529 -129.8453
660 -222.63645574754707 58.282280288505504 -54.755488003288434 -14.71233 2.833172 -131.0089
661 -223.2285967075733 58.46886852375031 -55.727449396651586 -14.71896 2.848691 -132.1621
662 -223.81845657005172 58.64790897314722 -56.683579874871306 -14.72488 2.863999 -133.2996
663 -224.40044219390663 58.83018879558571 -57.620532306631844 -14.73334 2.880267 -134.4174
664 -224.9425686416403 59.01562440860637 -58.55571328977221 -14.74314 2.895211 -135.514
665 -225.48804237461914 59.18079849496374 -59.473503926219934 -14.74619 2.913166 -136.5942
666 -226.0829258862139 59.35476980570712 -60.33358194826207 -14.75233 2.928943 -137.6542
667 -226.61458438014594 59.53044178817155 -61.20151126095461 -14.75847 2.946711 -138.6869
668 -227.182004906385 59.68628048882533 -62.0211390399434 -14.76466 2.964758 -139.6957
669 -227.67988782461006 59.843599469060024 -62.85134218902117 -14.77357 2.979529 -140.6763
670 -228.1592001776825 60.00714934386811 -63.66095337173262 -14.78487 2.993256 -141.6311
671 -228.67669749538965 60.15756278753105 -64.41309903084084 -14.79743 3.006784 -142.5562
672 -229.22345207753386 60.30773423873462 -65.10708764558085 -14.80845 3.020005 -143.4522
673 -229.68601789234987 60.447235049177166 -65.82945595490682 -14.81802 3.032842 -144.3211
674 -230.1267700926323 60.58432844641687 -66.52407870504135 -14.8233 3.044707 -145.155
675 -230.54275715865433 60.71073929680913 -67.20559499891957 -14.81877 3.055661 -145.9633
676 -230.94692777867323 60.82594256473243 -67.86453039898721 -14.79757 3.065594 -146.7445
677 -231.3520467238447 60.954860584287026 -68.48960745362791 -14.75456 3.071965 -147.4992
678 -231.7345302722532 61.06169324655423 -69.10019173229117 -14.68816 3.079106 -148.2245
679 -232.13041904306806 61.17409436932024 -69.67524504948238 -14.59929 3.086043 -148.926
680 -232.48554093619927 61.26290468048803 -70.24504806800562 -14.49202 3.08883 -149.5947
681 -232.798519080061 61.35933371918322 -70.79854899608631 -14.3642 3.087775 -150.225
682 -233.02520932321085 61.43992470888976 -71.37752780438915 -14.21312 3.08933 -150.8335
683 -233.21489764835547 61.55100034858343 -71.94535138427509 -14.03648 3.090778 -151.4162
684 -233.43033905754078 61.66729346169727 -72.46176358693062 -13.83342 3.086577 -151.9504
685 -233.8308825715317 61.71554042086227 -72.8680981121929 -13.60854 3.07671 -152.4769
686 -234.10861528951745 61.829451342473064 -73.31050228113575 -13.36041 3.06086 -152.9502
687 -234.2288245443507 61.912004147908554 -73.84030686753263 -13.08243 3.04676 -153.424
688 -234.28268821767855 61.98967880197467 -74.37621041932842 -12.77723 3.032264 -153.8743
689 -234.35428305415653 62.046139473920654 -74.88188744941195 -12.44653 3.015235 -154.2672
690 -234.42473747998113 62.122232873187315 -75.40521895688477 -12.0933 2.992923 -154.6664
691 -234.48947683809658 62.20235578746294 -75.92110710720786 -11.71655 2.969218 -155.0328
692 -234.41788244551228 62.26946402683186 -76.40947379763143 -11.31815 2.947184 -155.331
693 -234.374087364348 62.320570137840434 -76.91870561881743 -10.90107 2.926439 -155.6301
694 -234.3782370708763 62.41379434772013 -77.40089247513356 -10.46589 2.901563 -155.8564
695 -234.19437218097013 62.44844297898226 -77.86503002609389 -10.02043 2.872763 -156.0826
696 -233.88282152177797 62.50521522504424 -78.24463155192328 -9.567123 2.844586 -156.2778
697 -233.59966706738643 62.5670058135864 -78.6262217312346 -9.106293 2.815747 -156.4059
698 -233.39419628963677 62.637848868645996 -79.0584257047075 -8.642035 2.787238 -156.5389
699 -233.16713696289676 62.675252863882996 -79.47793418687883 -8.174402 2.7555 -156.6351
700 -232.9736686690458 62.74136987123068 -79.90883412153046 -7.699412 2.722687 -156.6631
701 -232.69023557958224 62.81698322686814 -80.2885370378985 -7.221458 2.690343 -156.6903
702 -232.48780344394444 62.85267678856577 -80.73281838909327 -6.734167 2.665011 -156.651
703 -232.15139672870188 62.931406709878715 -81.0841484910768 -6.24316 2.64127 -156.6171
704 -231.77614303852198 62.96781553934109 -81.4094365020971 -5.751237 2.615199 -156.5444
705 -231.37935665966864 63.05062286652769 -81.72305646030236 -5.261917 2.593307 -156.3936
706 -230.95223475072416 63.11133294212334 -81.98775010152895 -4.779011 2.569364 -156.2439
707 -230.48505252998845 63.17137284809564 -82.21328434231577 -4.305429 2.552946 -156.0244
708 -230.0305296948462 63.196519678590654 -82.4540728581202 -3.838336 2.542408 -155.8078
709 -229.54242212733905 63.25147452678331 -82.64775721446154 -3.375344 2.534833 -155.5541
710 -228.99907571171005 63.30849037857515 -82.78081778482174 -2.922418 2.530704 -155.2209
711 -228.46710974207872 63.37508842470309 -82.91108015349032 -2.480572 2.522617 -154.8906
712 -227.88600147678605 63.41253540619471 -82.98224181498516 -2.057963 2.510377 -154.4839
713 -227.31680554077872 63.455053475338886 -83.01605002595508 -1.653879 2.499815 -154.0795
714 -226.73396597365272 63.49567842823104 -82.99895642648367 -1.268487 2.493093 -153.6401
715 -226.11610632305397 63.515692632643955 -82.93507035071485 -0.8983582 2.487045 -153.1409
716 -225.5121384975304 63.54346636789169 -82.81847901139692 -0.5510777 2.478814 -152.6325
717 -224.87496601334334 63.57893176556977 -82.6586499812408 -0.2261366 2.467171 -152.0606
718 -224.25586605265576 63.628936974137304 -82.48415374193013 0.06230717 2.456904 -151.4836
719 -223.65117688218692 63.69938462301075 -82.23433878913426 0.323482 2.446327 -150.8797
720 -223.02158271787238 63.76398478081783 -81.93152532401761 0.5523554 2.433161 -150.2166
721 -222.40879970037244 63.808718510846134 -81.60619849742885 0.7484821 2.422189 -149.5497
722 -221.81993561183754 63.87739609242946 -81.1793373245214 0.9129124 2.410623 -148.838
723 -221.21962864492983 63.932382053548146 -80.75350427298046 1.04825 2.40293 -148.1125
724 -220.62710482653657 63.96142889110381 -80.25814181847801 1.163229 2.393425 -147.3483
725 -220.05113741665605 64.0209088016616 -79.72341410800328 1.265054 2.383452 -146.5668
726 -219.4901101582123 64.07875357859194 -79.14093763442692 1.348496 2.371923 -145.7604
727 -218.92791531723833 64.12684922359084 -78.52422370212577 1.40767 2.359471 -144.9267
728 -218.3884094552804 64.17653090129845 -77.86434615966112 1.44478 2.346915 -144.0738
729 -217.8487844903791 64.23464921513589 -77.17621092978477 1.463451 2.332663 -143.1977
730 -217.34674321206026 64.30760667913648 -76.43935172805723 1.469675 2.319985 -142.3032
731 -216.8641669284967 64.3614469347689 -75.6619248964998 1.468738 2.305914 -141.3867
732 -216.3204992617415 64.39889149521517 -74.90102079117841 1.471319 2.290968 -140.4509
733 -215.803066220072 64.45888178824791 -74.09608745671247 1.479967 2.274698 -139.4923
734 -215.2554973999198 64.51943228439805 -73.28915802396567 1.489345 2.260154 -138.5154
735 -214.69370334784765 64.58379363343242 -72.46749339694085 1.499366 2.246738 -137.5181
736 -214.11767792728236 64.6406229484807 -71.63530236464676 1.504842 2.234017 -136.5045
737 -213.54378957549545 64.69791123805676 -70.78059577098742 1.505414 2.220167 -135.4735
738 -212.92472071856977 64.75894419005097 -69.93259708928701 1.504501 2.205688 -134.4219
739 -212.31941793093972 64.80192188724008 -69.05105488802177 1.503329 2.190202 -133.3518
740 -211.71085635597507 64.87065417500257 -68.1528910283929 1.501627 2.17614 -132.2648
741 -211.10572282599927 64.94678135853772 -67.23190224863713 1.49856 2.159629 -131.1603
742 -210.5061448579438 65.01685052677382 -66.28681616032495 1.49165 2.144473 -130.039
743 -209.87325027194558 65.07317311315084 -65.34084725434657 1.48238 2.128143 -128.8996
744 -209.26296142066798 65.15124208395235 -64.36254547645734 1.470024 2.111152 -127.7441
745 -208.62875535342803 65.19849216111807 -63.38297920145301 1.458443 2.092643 -126.5764
746 -208.03914638569967 65.24797461247415 -62.35246178017083 1.447721 2.073753 -125.3883
747 -207.39661370285086 65.33060326501416 -61.338173499414545 1.436723 2.053638 -124.185
748 -206.75697053113754 65.42633484675748 -60.30392890988487 1.426398 2.032685 -122.9654
749 -206.08550520910265 65.49372526781798 -59.27410178192509 1.41804 2.009877 -121.7344
750 -205.46552992015697 65.55817248142586 -58.198716635081 1.413177 1.9844 -120.4917
751 -204.8371448847872 65.66936663955629 -57.11168173509574 1.410381 1.956743 -119.2315
752 -204.19166487829773 65.7575135739912 -56.008777278689365 1.407398 1.927293 -117.9509
753 -203.44923370123536 65.85005408553045 -54.9529313719843 1.405768 1.897027 -116.6572
754 -202.74871956711104 65.92116357286383 -53.84906323042924 1.402662 1.864276 -115.3483
755 -202.02575834839118 65.97325672671195 -52.74635052403232 1.396732 1.832056 -114.0291
756 -201.33403384346278 66.02115363594213 -51.60608857540659 1.385028 1.800206 -112.695
757 -200.570512341182 66.05423722261374 -50.487198814369435 1.369687 1.767521 -111.3405
758 -199.86624856535965 66.1208140780548 -49.31580768584147 1.351798 1.734254 -109.9726
759 -199.13892399820068 66.19255116125845 -48.14478192544573 1.330549 1.700357 -108.5928
760 -198.39887146718843 66.26470804637417 -46.966781789429724 1.30829 1.668467 -107.2003
761 -197.68256853859114 66.36280722137099 -45.75651702480966 1.284827 1.635925 -105.7911
762 -196.97262893295135 66.45213569379646 -44.52553584972691 1.259616 1.601652 -104.3679
763 -196.24233494431476 66.5113849424895 -43.2898727611726 1.230259 1.565326 -102.9321
764 -195.408457849103 66.62265923299847 -42.10384163830824 1.202212 1.530047 -101.4787
765 -194.62532550659088 66.666521010177 -40.858403064231126 1.170075 1.495851 -100.0076
766 -193.89363266549822 66.73678533603076 -39.574867849027434 1.142136 1.46328 -98.52911
767 -193.09049021904025 66.81679692596838 -38.30628091430395 1.115543 1.436157 -97.02601
768 -192.25059844437374 66.88581574523398 -37.05242149741356 1.089274 1.41068 -95.51571
769 -191.43986678358107 66.98625927355985 -35.777997659893735 1.062982 1.390693 -94.00229
770 -190.62754213467537 67.0892107280158 -34.50788666387739 1.036568 1.374673 -92.49143
771 -189.82053719269206 67.21137952241772 -33.23810743480256 1.009148 1.361424 -90.98226
772 -188.93131554789306 67.33992179443986 -32.028945072948574 0.984734 1.348472 -89.47609
773 -188.1730448546541 67.44173312574335 -30.73511034071511 0.9616474 1.333401 -87.97323
774 -187.37645412281506 67.55909874330003 -29.461747145323287 0.9399983 1.316473 -86.4669
775 -186.56539950501016 67.66478080775796 -28.204461652829796 0.9191412 1.298308 -84.96724
776 -185.78484782581822 67.7897259939022 -26.91428466881422 0.8995469 1.282847 -83.45436
777 -184.95941413485866 67.9192811765753 -25.66250557094046 0.8834484 1.268237 -81.9495
778 -184.17148835752047 68.04608249506475 -24.387565861586193 0.8679533 1.25271 -80.44554
779 -183.39085665898548 68.14481554650185 -23.10660197934821 0.8520469 1.234831 -78.9424
780 -182.60541548652614 68.25649517109458 -21.83010730647468 0.8381739 1.219714 -77.4396
781 -181.78812372008696 68.37417076087074 -20.57154055103975 0.8255732 1.207956 -75.93444
782 -180.9863611529236 68.49039243816495 -19.30614736623055 0.8134235 1.199179 -74.432
783 -180.19511394957587 68.61158217248702 -18.04264114271863 0.8003155 1.189369 -72.93636
784 -179.3859519913037 68.71630109871957 -16.792148974862428 0.7849788 1.176896 -71.44336
785 -178.55123052762585 68.77773435651272 -15.562346793882329 0.763954 1.1606 -69.956
786 -177.76015116938186 68.87324902602236 -14.299042648779338 0.7450432 1.144297 -68.4626
787 -176.98138360017123 68.96263273316586 -13.030147401720935 0.7252411 1.128317 -66.97132
788 -176.20049570726277 69.03509781988443 -11.772217094177435 0.710763 1.111896 -65.48911
789 -175.4050092139332 69.12334620708587 -10.522392938636841 0.6946295 1.096104 -64.00515
790 -174.60934907802925 69.22351077002412 -9.27870830876623 0.6777408 1.080622 -62.52551
791 -173.80408926180067 69.33271673783061 -8.041369619785176 0.6587746 1.067484 -61.04536
792 -173.0333744295508 69.42898302141474 -6.793243057534114 0.6370383 1.049226 -59.57557
793 -172.25091255720724 69.51336190132635 -5.548804113972421 0.6135026 1.030981 -58.10346
794 -171.49631043458348 69.62339469843683 -4.284849388353287 0.5856644 1.015669 -56.62762
795 -170.76163015633395 69.72811159236014 -3.019013702256905 0.5571177 1.005763 -55.1606
796 -170.00265346835397 69.83171471617872 -1.7726315896837896 0.5253982 0.9957028 -53.69802
797 -169.21923789563897 69.91937343354509 -0.5416095579669848 0.4907091 0.9846881 -52.23668
798 -168.4073344041943 70.0630256192916 0.6616083489660061 0.4561315 0.9709516 -50.77854
799 -167.6552622490325 70.16548761329969 1.9042482480544163 0.4235407 0.9558653 -49.32287
800 -166.89366647538088 70.26560073786052 3.1386485746470467 0.3928533 0.9391869 -47.8694
801 -166.12559320272072 70.37959292439248 4.365401121170585 0.3621644 0.9230089 -46.41797
802 -165.3345238551392 70.47379097439928 5.576849149071208 0.3335672 0.9069681 -44.96842
803 -164.57041292699913 70.57917664573887 6.796579538389028 0.3070324 0.8911135 -43.52559
804 -163.8103665996974 70.67692608773955 8.023768200724936 0.2806278 0.8754699 -42.07912
805 -163.05280067266037 70.78983193653912 9.246581299091961 0.254373 0.8594365 -40.63656
806 -162.26992500216375 70.90100889216089 10.449714193756034 0.2281179 0.8436096 -39.19717
807 -161.5017166777909 70.99819945210771 11.65785212201997 0.202969 0.8253285 -37.76252
808 -160.75979540535883 71.0772012653042 12.883522614625878 0.1777994 0.806336 -36.32796
809 -159.9697894706576 71.16979068963724 14.07576227895581 0.1537249 0.7865138 -34.89508
810 -159.19919404759577 71.26777698681349 15.278214270676866 0.132669 0.7682861 -33.46381
811 -158.40168038807562 71.32874211395044 16.461181909694105 0.1133742 0.7522313 -32.03604
812 -157.6438201998507 71.41869769405388 17.661351856458182 0.09746084 0.735284 -30.61396
813 -156.8746113733466 71.49839259708133 18.852476952833783 0.0848288 0.7168959 -29.19399
814 -156.09412427819314 71.57908691453748 20.031967968387693 0.07224084 0.6980984 -27.77753
815 -155.3081620361926 71.6914514740198 21.211380513836215 0.06062565 0.6785993 -26.35596
816 -154.54529056458136 71.77860907876196 22.392119429631848 0.05256871 0.6586934 -24.94768
817 -153.74323030212165 71.88294939946375 23.540377846374707 0.04390241 0.6329309 -23.54342
818 -152.9897733887181 71.94512420395777 24.723308191576965 0.03720921 0.6021743 -22.13989
819 -152.22606212369135 72.02189170671288 25.896462894793252 0.03232865 0.5653751 -20.73844
820 -151.47417360138135 72.09306174228176 27.073222678670028 0.02925888 0.5295576 -19.34063
821 -150.73397558965343 72.18981517863999 28.25453117357781 0.02669736 0.4947389 -17.94366
822 -149.9655960392644 72.23107821146488 29.416640103684916 0.02516131 0.4624741 -16.55026
823 -149.27916205154156 72.26434253746037 30.61849939179973 0.02416042 0.4312538 -15.16614
824 -148.48370879455715 72.30097522556856 31.750391307323312 0.02354535 0.3987551 -13.78259
825 -147.71648779218413 72.3587688034382 32.89496559085854 0.02158789 0.3670075 -12.40382
826 -146.98033671157282 72.44282620760421 34.05545450570308 0.01528089 0.3343854 -11.02737
827 -146.27642236454636 72.55109088444492 35.22934286184758 0.008955879 0.3016035 -9.654739
828 -145.51677201420256 72.61529531694093 36.367590600805904 -0.0005365659 0.2716196 -8.285137
829 -144.77692120531262 72.70906802259846 37.51845381484476 -0.009785478 0.2414501 -6.914129
830 -144.07587583525674 72.78949265861962 38.688641568908864 -0.0204447 0.2108318 -5.548032
831 -143.32703776553015 72.84030676835609 39.82889524354083 -0.0311414 0.1812868 -4.183286
832 -142.62473890956218 72.9155438224428 40.99724600743484 -0.04437224 0.1473329 -2.818515
833 -141.91501901284857 72.96693601014842 42.15941185999511 -0.05789727 0.1134699 -1.456295
834 -141.1991386140627 73.05018381100821 43.3199742464814 -0.07289734 0.07816926 -0.09070031
835 -140.50072471775326 73.08927127041831 44.48698055538758 -0.08864261 0.04590358 1.269419
836 -139.766814013205 73.14281107924059 45.63081564940285 -0.1031707 0.0117715 2.629005
837 -139.0271175668692 73.21204100741298 46.76934481125235 -0.1175645 -0.02016324 3.988036
838 -138.28522319805722 73.29173013655428 47.90224512449186 -0.1318827 -0.0534628 5.344099
839 -137.5179074040087 73.37088052275155 49.023324280010776 -0.1458828 -0.08812058 6.704415
840 -136.80982027922857 73.45754300316777 50.17641987393529 -0.1601769 -0.1221722 8.059835
841 -136.1037746663231 73.53768770558744 51.331950780141 -0.175095 -0.1546373 9.415895
842 -135.42218133160034 73.61807022887483 52.501063804560864 -0.1926087 -0.1870422 10.77107
843 -134.7226154152296 73.68217882565595 53.65693993882544 -0.2081545 -0.2207459 12.12317
844 -134.0807470360868 73.79898532014795 54.84412296271975 -0.223104 -0.2534493 13.47733
845 -133.41741499289233 73.85878477186107 56.02243924708151 -0.235533 -0.2892015 14.83032
846 -132.76054973627433 73.88844362813391 57.202755979714084 -0.2482197 -0.3237106 16.18093
847 -132.0545880319662 73.9521487116302 58.35535118950328 -0.2588532 -0.3582793 17.53356
848 -131.354772316045 73.99532091817801 59.50900223554694 -0.2709142 -0.3936047 18.88305
849 -130.66751230413675 74.05098002891846 60.67051958540634 -0.2833573 -0.4284891 20.2333
850 -129.9491270126827 74.1411290526121 61.8068114162864 -0.2952092 -0.463001 21.58016
851 -129.22474523332505 74.22275446570751 62.93935437740962 -0.3094675 -0.4966128 22.92653
852 -128.49110494644304 74.28681059146825 64.06730670008447 -0.3233764 -0.5315032 24.27308
853 -127.75306166435712 74.37151265250888 65.1836749800264 -0.3380715 -0.5652421 25.61353
854 -127.05051727351885 74.42640837893443 66.32562591904573 -0.3534582 -0.5991642 26.95489
855 -126.36698774451264 74.45726806369132 67.47616098331935 -0.3674572 -0.630802 28.29306
856 -125.69536333856723 74.52166179625965 68.62373795672343 -0.3836725 -0.6611411 29.62384
857 -125.02743371408509 74.61707145229076 69.76699616141822 -0.3976799 -0.6925713 30.9509
858 -124.30025097607961 74.65329492926823 70.88245782111348 -0.4139985 -0.7240355 32.28248
859 -123.62094760182286 74.71979294185547 72.01754095458487 -0.4270073 -0.7566562 33.60651
860 -122.91607084258436 74.81986889286472 73.13009661847467 -0.4397568 -0.7887161 34.92691
861 -122.21064064780433 74.87601910676723 74.24068818573066 -0.4515375 -0.8206355 36.24336
862 -121.52768640197031 74.89823018961773 75.36071765548863 -0.4615286 -0.8517037 37.55497
863 -120.80263400251248 74.98062961765471 76.45100438792558 -0.4718552 -0.882457 38.86652
864 -120.1549802719164 75.02861181885507 77.58596498449454 -0.4839122 -0.9115305 40.17377
865 -119.4606250759715 75.08280992720661 78.69167910627174 -0.4974895 -0.9403596 41.48016
866 -118.78881737538075 75.15071017453108 79.80102222431199 -0.5125043 -0.9685698 42.77845
867 -118.12331706020885 75.20888026900784 80.9139625594007 -0.5346231 -0.9956525 44.07602
868 -117.41959800563494 75.2686496728606 82.00244191414745 -0.5552041 -1.019285 45.37317
869 -116.73502633098043 75.33885486160727 83.10215199424827 -0.5782583 -1.038533 46.6701
870 -116.04654493016926 75.4007340639167 84.19282669842157 -0.5999916 -1.053627 47.96111
871 -115.36042561674768 75.47443944831106 85.2810829896646 -0.6230983 -1.066505 49.24944
872 -114.68289372540879 75.5536289145039 86.36232988930666 -0.6456359 -1.075808 50.52765
873 -113.96971026187093 75.61225570178757 87.42738477043528 -0.6740058 -1.087279 51.81041
874 -113.31449448606514 75.68218252900307 88.52146642646376 -0.7020633 -1.100738 53.08722
875 -112.71451365573387 75.7505260105134 89.64337774391802 -0.7311397 -1.115793 54.3609
876 -112.0146338499457 75.80595417638762 90.70053784694194 -0.7624769 -1.130431 55.62948
877 -111.30037610698034 75.84732142568676 91.75294227908859 -0.7942812 -1.144783 56.90157
878 -110.64970039111998 75.90862340887293 92.84162430994851 -0.8268987 -1.159941 58.17085
879 -110.00867579487688 75.98974478642961 93.92769760522378 -0.8597866 -1.174664 59.43408
880 -109.32930150403348 76.0451687343348 94.98873959449266 -0.8950914 -1.188757 60.69463
881 -108.64550603313563 76.10819467978206 96.03945538815574 -0.9282884 -1.203865 61.94931
882 -107.9687848610648 76.17613763752055 97.09850903509978 -0.9621792 -1.218811 63.2074
883 -107.30564571197058 76.25034526512994 98.1573786263705 -0.9961734 -1.23409 64.45843
884 -106.67005130110985 76.32806643179116 99.23365615675964 -1.031828 -1.250518 65.71017
885 -105.9977581299085 76.43853290623042 100.27473302416087 -1.068654 -1.267809 66.9537
886 -105.33063602586596 76.50339311860587 101.31612695272605 -1.107414 -1.284607 68.19143
887 -104.70092360008408 76.58517170973876 102.38405856834814 -1.148265 -1.303043 69.43308
888 -104.06793873230964 76.65820075022333 103.44368032303915 -1.188155 -1.321203 70.66875
889 -103.44712049300793 76.7353347879711 104.50533053895539 -1.227083 -1.338073 71.90028
890 -102.79565404832668 76.7852844931059 105.54449202850566 -1.261385 -1.354666 73.12719
891 -102.14898419997579 76.84888809660968 106.5704598496663 -1.293464 -1.370635 74.34109
892 -101.50263432758805 76.92319634377931 107.58220216365338 -1.318225 -1.387753 75.54359
893 -100.90497699320065 76.99038403447543 108.59681173375256 -1.337076 -1.406295 76.72276
894 -100.30890880364304 77.0496768870841 109.59547242430317 -1.359396 -1.424263 77.88694
895 -99.70121913112382 77.11967533137498 110.57016890538604 -1.377966 -1.443308 79.03738
896 -99.10053435135696 77.18615493652503 111.51636439352816 -1.3923 -1.459771 80.1599
897 -98.51345990830707 77.25550704980566 112.45342084443342 -1.402951 -1.475612 81.26768
898 -97.91942311476306 77.30316265858283 113.37720149566888 -1.407266 -1.495464 82.36682
899 -97.31263155248737 77.3460953991104 114.28807693733245 -1.406566 -1.518542 83.4619
900 -96.68887059821468 77.38473739260331 115.18827988349996 -1.402636 -1.542197 84.55751
901 -96.0240419194492 77.43054526333746 116.06092967776898 -1.397294 -1.566145 85.65524
902 -95.42199287159231 77.49341018999517 116.97472064822935 -1.394094 -1.587213 86.75113
903 -94.79214648929401 77.54891814136323 117.85718909573025 -1.391329 -1.608126 87.83653
904 -94.26493805063141 77.59013583009704 118.80216272513128 -1.385563 -1.630039 88.91917
905 -93.68669214080805 77.62773449934451 119.71263870364821 -1.3802 -1.654701 89.99811
906 -93.07282246698108 77.68106600887522 120.59707630812902 -1.372397 -1.681009 91.07568
907 -92.43540985111898 77.69979166986224 121.46157787266746 -1.363832 -1.705257 92.14962
908 -91.86567739941289 77.76511978308969 122.3640400274042 -1.356111 -1.726171 93.21864
909 -91.28079554195023 77.80782307843704 123.25152952524769 -1.348852 -1.747689 94.28214
910 -90.68476243904108 77.84021425022004 124.1308345174438 -1.343107 -1.769082 95.34468
911 -90.12862618149238 77.89525434590507 125.02453982808692 -1.341283 -1.790649 96.39851
912 -89.53267363609142 77.95826738978907 125.89133793096472 -1.346362 -1.812458 97.45206
913 -88.96103985341269 78.00914102169125 126.77808611814835 -1.357998 -1.835038 98.50801
914 -88.37644309918237 78.04969175408728 127.66441906507941 -1.375059 -1.861895 99.57007
915 -87.84407220346017 78.08577902424267 128.58827170346154 -1.397412 -1.887691 100.6364
916 -87.2542920577021 78.1234305746843 129.48577578422157 -1.426691 -1.913252 101.7103
917 -86.66593313354369 78.17729936858223 130.3874833667782 -1.463118 -1.9392 102.7874
918 -86.10816224196624 78.1890047084538 131.31458446783913 -1.507808 -1.964419 103.8682
919 -85.48020835465651 78.2578350872801 132.20285903655548 -1.561792 -1.988222 104.9566
920 -84.87918513891414 78.32945683455787 133.11600302063715 -1.62272 -2.010967 106.0502
921 -84.31814351452189 78.38413004780223 134.05987542236835 -1.686244 -2.034406 107.1475
922 -83.67581251802233 78.42753169872867 134.95905722525515 -1.748773 -2.056669 108.2514
923 -83.09316719333385 78.47280981199552 135.90501193045546 -1.806035 -2.079756 109.3616
924 -82.51879404157387 78.49537278104032 136.86837681257708 -1.855701 -2.102084 110.4821
925 -81.91649854387714 78.54285763010037 137.8200524927271 -1.897032 -2.123092 111.6084
926 -81.31757780514327 78.57308917272486 138.78468216765162 -1.928092 -2.145152 112.7436
927 -80.66698836884039 78.6116991645406 139.71744303058867 -1.949092 -2.166434 113.8811
928 -80.06151315979338 78.69102839721855 140.68653716793972 -1.958712 -2.18791 115.0263
929 -79.48128661179217 78.7264544345903 141.68194954958398 -1.956136 -2.210288 116.1788
930 -78.76368560737663 78.74710656840024 142.59691800741894 -1.940135 -2.235787 117.3414
931 -78.13995197471597 78.77502603117566 143.58259918682901 -1.913209 -2.261146 118.5076
932 -77.49524802190165 78.81888264579847 144.56654321452794 -1.87627 -2.286958 119.6839
933 -76.80865316761614 78.82009691519275 145.52997901102012 -1.83308 -2.31212 120.8659
934 -76.13933546259604 78.86876522685647 146.51452587462103 -1.781388 -2.338144 122.056
935 -75.45680405406682 78.87764250883443 147.5059348185835 -1.725066 -2.362701 123.2581
936 -74.76709944529381 78.92585942479485 148.4983449986434 -1.665951 -2.387598 124.4659
937 -74.02436278447337 78.94975697183763 149.46539511738783 -1.602097 -2.410925 125.6836
938 -73.25042147884548 78.99679228672791 150.4181124762604 -1.529042 -2.432251 126.9096
939 -72.48212483155284 79.08149316126283 151.3822103199982 -1.45419 -2.455779 128.1428
940 -71.73861523468263 79.1430639759296 152.38062957941187 -1.374919 -2.480551 129.3864
941 -71.03177391362955 79.17581463760438 153.42030170985913 -1.29261 -2.504395 130.6411
942 -70.23992497294701 79.20901373645904 154.41544204973044 -1.212752 -2.530425 131.9105
943 -69.47030805416016 79.22874058970868 155.43908172831797 -1.135332 -2.552624 133.1888
944 -68.69878064956956 79.27283581544252 156.477281891775 -1.063477 -2.571936 134.4809
945 -67.93025310656816 79.33768954820873 157.5259138844927 -0.9982536 -2.593743 135.7808
946 -67.15565316299228 79.38160580447081 158.58054118215264 -0.9419915 -2.613858 137.0887
947 -66.39560136833906 79.44694154959164 159.66543735716917 -0.8957984 -2.63369 138.414
948 -65.62824756699017 79.52290907508636 160.75611607033642 -0.86007 -2.654048 139.7491
949 -64.85619723893451 79.58976645861001 161.852421775788 -0.8326782 -2.674907 141.0912
950 -64.08197339441905 79.67382195388006 162.96776088017998 -0.8166247 -2.693332 142.4513
951 -63.339501485617895 79.73576881781757 164.11310227607765 -0.8082126 -2.711653 143.8175
952 -62.54447962557397 79.81620695122557 165.23024182679475 -0.8063071 -2.728963 145.1909
953 -61.77579531238663 79.86690704806551 166.37940579612135 -0.8107742 -2.750987 146.5742
954 -60.97299590790113 79.94034763072061 167.5095635158614 -0.8181994 -2.779541 147.9621
955 -60.20917723212008 79.99680384063 168.68698908828418 -0.8311338 -2.811042 149.3663
956 -59.44033326627429 80.05378416709844 169.87153233738707 -0.8465134 -2.846681 150.7791
957 -58.662768757182356 80.11751773646903 171.06184405643515 -0.8636978 -2.884423 152.2017
958 -57.887674447230964 80.16688238700517 172.2609142073602 -0.8818614 -2.922677 153.6297
959 -57.157433438566585 80.2152599396545 173.49693051366103 -0.903141 -2.959476 155.0655
960 -56.387844164526115 80.26862115648673 174.71678850633631 -0.9252286 -2.995496 156.5082
961 -55.55329960237959 80.34058909702516 175.8898667674868 -0.9505879 -3.030265 157.949
962 -54.788089709905336 80.42847587688158 177.1105171501511 -0.9765171 -3.064935 159.3917
963 -54.03035827181589 80.49326654939803 178.33411890625047 -1.007339 -3.096653 160.8317
964 -53.26075581224758 80.54364731908088 179.5506796210964 -1.039444 -3.129506 162.2714
965 -52.532807547992284 80.60860390861372 180.7893720756427 -1.075629 -3.162047 163.7088
966 -51.81504246798661 80.68627762950891 182.03161996247394 -1.112662 -3.196968 165.1447
967 -51.1050502853377 80.740893533326 183.27970749335975 -1.150964 -3.232057 166.5807
968 -50.35329955580797 80.80404799738531 184.4997587686551 -1.188887 -3.267867 168.0142
969 -49.6090271960327 80.84636225301942 185.73318383376312 -1.225583 -3.303343 169.4545
970 -48.85769721901803 80.89315503046603 186.95369000277822 -1.262468 -3.337774 170.8876
971 -48.126338971618644 80.95407311143646 188.18407290273123 -1.297634 -3.371687 172.3194
972 -47.37478781860886 80.99527102756105 189.3977741756339 -1.333194 -3.40556 173.7467
973 -46.65209151531928 81.03173861660981 190.62295174229945 -1.366304 -3.44042 175.1688
974 -45.94321567797243 81.09879632312558 191.85717811383896 -1.398479 -3.475354 176.5929
975 -45.27967700722805 81.15849989494417 193.110131733356 -1.427528 -3.511715 178.0112
976 -44.49436895440947 81.21738008250152 194.28523031586917 -1.453391 -3.547073 179.4251
977 -43.756238323924684 81.25907352683417 195.49074671973344 -1.476326 -3.583634 180.8386
978 -42.98954073055236 81.32569969570525 196.67486222712475 -1.498241 -3.619675 182.2502
979 -42.2653276811582 81.39106966915284 197.8842156029978 -1.51887 -3.652469 183.6608
980 -41.51048687749566 81.44440285995928 199.0635427155215 -1.539735 -3.680137 185.0616
981 -40.809238480153994 81.51194307646617 200.26690768023875 -1.559212 -3.708117 186.4556
982 -40.04651510819883 81.55600626470712 201.4320861064724 -1.576113 -3.742055 187.8484
983 -39.3048423708569 81.60909390565067 202.6111264240391 -1.590302 -3.777663 189.2418
984 -38.58793953104436 81.65356286901816 203.80474790009868 -1.603074 -3.811744 190.6344
985 -37.86663029524026 81.71065475990373 204.98759742660184 -1.613327 -3.843743 192.0206
986 -37.140409044982974 81.77659972255293 206.15990261980747 -1.623756 -3.875123 193.4008
987 -36.43495195235867 81.81577653518222 207.34063070330012 -1.633867 -3.905876 194.7764
988 -35.71381024470531 81.87853644922626 208.50960242373307 -1.645539 -3.93893 196.1509
989 -34.97623375696754 81.96037394205136 209.66416336390273 -1.657445 -3.973595 197.5229
990 -34.30938026256004 82.00044004370457 210.85705363502905 -1.669867 -4.009132 198.8896
991 -33.60098791828242 82.05794765029674 212.02309874725537 -1.682304 -4.042827 200.2547
992 -32.87150346789724 82.12321904206445 213.16516941674777 -1.694878 -4.074851 201.611
993 -32.17252434188735 82.19326574638742 214.328787453698 -1.705984 -4.106859 202.9698
994 -31.489364216210983 82.23453667420648 215.49621115958323 -1.717412 -4.139885 204.3226
995 -30.80145485481663 82.28077562142433 216.65305693799934 -1.727574 -4.171862 205.6689
996 -30.04680833110244 82.33327323683008 217.7636411413985 -1.737778 -4.204811 207.0122
997 -29.377934684735482 82.37911494598443 218.9225415550206 -1.746442 -4.238781 208.3506
998 -28.69133023731581 82.44633680186865 220.07203811670314 -1.757196 -4.270954 209.6908
999 -27.999153291351156 82.49918269224686 221.21206461948725 -1.768399 -4.303818 211.0251
1000 -27.336635330923396 82.5507305801312 222.359337658258 -1.780005 -4.335485 212.3505
1001 -26.698703974144287 82.60760693720984 223.50979144245855 -1.792488 -4.366042 213.6668
1002 -26.036712099896395 82.65919610240961 224.62779468563264 -1.802728 -4.397364 214.9667
1003 -25.394398228413436 82.7195881366182 225.73510150343233 -1.814957 -4.428604 216.2478
1004 -24.69240894880668 82.80552541255219 226.7776633605493 -1.826714 -4.458316 217.5072
1005 -24.031635002671347 82.86523775700397 227.82029998327735 -1.842513 -4.486884 218.7426
1006 -23.42139987361807 82.93915658012267 228.86096524867204 -1.859734 -4.515014 219.9508
1007 -22.785160287250722 83.00083222654705 229.85082474372084 -1.87789 -4.540479 221.1287
1008 -22.194013012461035 83.07055260855472 230.842947425581 -1.895168 -4.569335 222.2852
1009 -21.573679603670975 83.12534247245677 231.78128960196042 -1.917244 -4.598297 223.4108
1010 -20.99627218748992 83.17644900070165 232.71016015599196 -1.94167 -4.625178 224.5051
1011 -20.51218445439171 83.23503635238383 233.6545707317098 -1.971966 -4.651833 225.5672
1012 -19.970223039276696 83.28494881749353 234.5374824967363 -2.004581 -4.679495 226.6035
1013 -19.426559091362464 83.33430263258015 235.3765173815359 -2.040151 -4.706339 227.6035
1014 -18.93710457276596 83.36742369160382 236.21516837517544 -2.073778 -4.731016 228.5742
1015 -18.48562471742443 83.41881863786996 237.03709734275358 -2.106014 -4.755443 229.5125
1016 -18.026785562825115 83.47342306944138 237.81292826563134 -2.139617 -4.778138 230.4146
1017 -17.577775979368703 83.52281177958585 238.56013726596495 -2.17419 -4.799162 231.2868
1018 -17.136409971281182 83.5703514803006 239.27372042853875 -2.207888 -4.818374 232.1263
1019 -16.735289111138158 83.61117452704934 239.97398673129385 -2.243669 -4.838575 232.9333
1020 -16.344186906441468 83.65431347092506 240.65526894404613 -2.280068 -4.860372 233.7189
1021 -15.899532972687371 83.70697202276568 241.2869480125968 -2.314971 -4.881633 234.4921
1022 -15.544689958928178 83.72086759002613 241.97496288290182 -2.346879 -4.903083 235.2654
1023 -15.181654035602742 83.73442824126943 242.6567110047277 -2.372559 -4.923693 236.0372
1024 -14.828929490753032 83.73783673608717 243.34202649794497 -2.391165 -4.943065 236.8075
1025 -14.446551373888292 83.74959385723011 244.00920367353731 -2.40634 -4.961684 237.5762
1026 -14.030042670783192 83.79743379456028 244.64617535165021 -2.42154 -4.979606 238.3384
1027 -13.61662864025923 83.8398764825383 245.28737215350446 -2.438172 -4.997815 239.1021
1028 -13.196887297124466 83.87595344891942 245.91691478322952 -2.449188 -5.01612 239.8593
1029 -12.828668314333472 83.89090963844767 246.57555738613732 -2.457471 -5.032857 240.6138
1030 -12.442929856974533 83.92031801998054 247.21996291297577 -2.464848 -5.049016 241.3652
1031 -12.033878487763504 83.95491395362986 247.84522240443314 -2.471118 -5.064022 242.113
1032 -11.628591211650637 83.97937921205573 248.47062029180978 -2.47794 -5.076752 242.8585
1033 -11.252241292742083 84.00787841800552 249.11042527266548 -2.481229 -5.090455 243.6012
1034 -10.870280665212562 84.0455565227196 249.73986924558315 -2.485941 -5.103671 244.3383
1035 -10.49100130993889 84.07317962965699 250.371244762052 -2.487604 -5.118722 245.0752
1036 -10.079760201203332 84.08784157807773 250.98788658634584 -2.493249 -5.131839 245.8164
1037 -9.69435583935301 84.10794737639496 251.62637634396594 -2.49473 -5.147361 246.5623
1038 -9.304348087435125 84.12423789516639 252.2709988832361 -2.497272 -5.164438 247.3157
1039 -8.894805470455696 84.1513178794365 252.9068574936949 -2.498606 -5.182585 248.0723
1040 -8.481197979483492 84.16176438985953 253.54531771927017 -2.503085 -5.199298 248.8329
1041 -8.073150450779867 84.18414930954158 254.19372202271956 -2.506486 -5.218219 249.5991
1042 -7.68178632395858 84.20309498862618 254.8538468647513 -2.508505 -5.237784 250.3665
1043 -7.271989842447495 84.19586232933625 255.50952617431787 -2.505563 -5.256841 251.1395
1044 -6.882393952522325 84.21481337228059 256.1876151048231 -2.503453 -5.273084 251.9216
1045 -6.4639102763964935 84.23300746209429 256.85763535112693 -2.508541 -5.289235 252.7116
1046 -6.021401657116818 84.23134202049619 257.52098011985845 -2.507121 -5.306929 253.5088
1047 -5.618580585445197 84.27136343562147 258.20528981226875 -2.498934 -5.321532 254.3037
1048 -5.190101805865455 84.28462970185998 258.87536100903435 -2.491981 -5.336196 255.099
1049 -4.768480063435049 84.29732518235119 259.55649165936074 -2.485561 -5.351123 255.9
1050 -4.373142130332971 84.31446774144732 260.2599118256456 -2.475778 -5.3702 256.7068
1051 -3.955578457468917 84.32986671238302 260.9649200705785 -2.461593 -5.39272 257.5259
1052 -3.4302531698282723 84.3611164503383 261.5973059377664 -2.442073 -5.414196 258.3481
1053 -2.9932526896698874 84.369169134834 262.3009343573991 -2.418788 -5.432422 259.1759
1054 -2.525849725406869 84.39116429426542 262.9886154201671 -2.398099 -5.451575 260.0072
1055 -2.0747191533704887 84.41761718486747 263.69298082240505 -2.3794 -5.472421 260.8436
1056 -1.6087451684175362 84.42336108682954 264.397555316867 -2.357178 -5.492976 261.6878
1057 -1.0855747775411975 84.44749493290708 265.0716403742966 -2.331649 -5.513461 262.5408
1058 -0.5902886983573943 84.45047220280347 265.78409279865815 -2.305211 -5.536213 263.4078
1059 -0.10101130534689734 84.44261374507674 266.5102580937115 -2.278446 -5.560785 264.2827
1060 0.3787794707626784 84.4376869794175 267.2540487307333 -2.24888 -5.58502 265.167
1061 0.9108237107138462 84.43019030937158 267.97142625783397 -2.217026 -5.60834 266.0593
1062 1.3942899161997238 84.44126815017502 268.73301011110044 -2.181048 -5.632766 266.9604
1063 1.8900461518858651 84.43912606933743 269.49608255716635 -2.144562 -5.657825 267.8693
1064 2.4086384788917354 84.46439266309281 270.2544249366577 -2.107091 -5.684566 268.7872
1065 2.8962708503839796 84.46317617238974 271.0410315417407 -2.072995 -5.710527 269.7117
1066 3.387451016786796 84.47359258548842 271.83387816080625 -2.039857 -5.735484 270.6435
1067 3.8980618976681227 84.48065445453481 272.6175378344019 -2.008137 -5.759967 271.578
1068 4.4318246653502404 84.49046888306218 273.38940580754826 -1.977183 -5.786935 272.5156
1069 4.940247028279244 84.5029637266493 274.1755422790399 -1.948577 -5.813039 273.4511
1070 5.42674029047619 84.50093081051726 274.97558756579997 -1.923694 -5.837506 274.3868
1071 5.94093254340345 84.51029548756375 275.75736163860705 -1.903306 -5.862752 275.322
1072 6.445247447577109 84.52249513226198 276.54355774246574 -1.886301 -5.888992 276.2556
1073 6.994080802617234 84.51391900706814 277.2995685086391 -1.871958 -5.914599 277.1894
1074 7.576778226551444 84.50286937190371 278.0277947641505 -1.860171 -5.940087 278.1217
1075 8.110936245775484 84.50974040615385 278.7934466967693 -1.850165 -5.965237 279.0549
1076 8.617286721530293 84.53329797733444 279.5703635525479 -1.84113 -5.989292 279.9822
1077 9.148964175402773 84.53809409003675 280.327027613097 -1.834878 -6.011766 280.9067
1078 9.663586889890382 84.54716746386825 281.09194571355266 -1.829538 -6.033194 281.8284
1079 10.146743079066617 84.567208496354 281.87349609018787 -1.824423 -6.05424 282.7472
1080 10.661111647760123 84.57737375789475 282.6309714807531 -1.820378 -6.076007 283.6626
1081 11.127279494439051 84.58778590947841 283.41411730014954 -1.819188 -6.097253 284.5738
1082 11.584000655363356 84.57823700273501 284.188805326553 -1.820078 -6.118356 285.4729
1083 12.006326556464833 84.58839191494056 284.9644985298505 -1.821293 -6.140076 286.3559
1084 12.526893832686458 84.61198807901063 285.6497869381235 -1.824665 -6.162957 287.2165
1085 12.932740621998912 84.61668492042737 286.38983480478043 -1.831132 -6.186044 288.0602
1086 13.370670511819533 84.63064676254278 287.09550333351217 -1.835812 -6.20897 288.8905
1087 13.83996025420804 84.64006666131775 287.7760826727093 -1.838573 -6.232745 289.7169
1088 14.29767426028921 84.62729124856737 288.46245139867676 -1.841599 -6.257807 290.5416
1089 14.787125860799447 84.59592907119865 289.12514643552 -1.843827 -6.281585 291.3657
1090 15.187391061737051 84.60688614380658 289.841132744237 -1.844053 -6.305431 292.1857
1091 15.613200915768383 84.59847498290794 290.5361697875456 -1.843243 -6.332348 293.0004
1092 16.047813610712723 84.60189682872353 291.22241557802045 -1.840209 -6.360716 293.8122
1093 16.49182156133297 84.59800500473736 291.8976569070207 -1.836186 -6.387429 294.6199
1094 16.91127968404762 84.60921502579899 292.58929951400245 -1.829836 -6.414405 295.4284
1095 17.350175266204168 84.60635023947049 293.26262010884767 -1.823832 -6.440313 296.2317
1096 17.77577808389875 84.60540402284421 293.93951508817423 -1.81794 -6.46419 297.0309
1097 18.19979498185382 84.61916657383394 294.61505987053573 -1.814744 -6.486179 297.8283
1098 18.535512854202292 84.63152794160916 295.3369860687565 -1.812035 -6.506511 298.6243
1099 18.976311871028642 84.64727925043186 296.00262218454594 -1.809517 -6.524789 299.4226
1100 19.38189336639175 84.64650558834308 296.69309164231146 -1.807621 -6.541554 300.2232
