0 0.0 0.0 0.0 0.0 -1.110223e-16 2.220446e-16
1 -0.013763080011968314 -0.0033633830588077245 1.199327887163426 -0.01401751 -0.02820321 1.198998
2 0.008123846989326946 -0.03145640098902583 2.384384705717352 -0.02787365 -0.0560812 2.384181
3 -0.03148712999306897 -0.026021142894269572 3.5755718531940426 -0.0418032 -0.08410629 3.575628
4 -0.03657923373726652 -0.04882371436987046 4.767416894157816 -0.05573543 -0.1121362 4.767291
5 0.016067193831679816 -0.05615862345191627 5.9616386867927105 -0.06970674 -0.1402442 5.962283
6 0.015502749768887533 -0.07946565303055442 7.152307071594759 -0.08362554 -0.1682458 7.152769
7 0.06976208781158612 -0.0932796667886063 8.344034869695143 -0.09756958 -0.1962977 8.3454
8 0.1313810339038204 -0.08490594201642981 9.534184287744047 -0.1114989 -0.2243193 9.536762
9 0.12574824764696077 -0.08718949930777116 10.726137756035126 -0.1254307 -0.2523452 10.72832
10 0.14369566989645297 -0.1309148168490013 11.917121182975537 -0.1393621 -0.2803697 11.91983
11 0.0890118279305348 -0.15779668993024204 13.108054494268886 -0.1533004 -0.3084073 13.11191
12 0.08640743152739874 -0.19106966729476768 14.299563814553492 -0.1671408 -0.3362948 14.30348
13 0.09700834077969443 -0.2186826958215724 15.492752990288862 -0.181814 -0.3654237 15.49659
14 0.14760809040694414 -0.21005690785841177 16.683016979192807 -0.1950729 -0.3924445 16.68758
15 0.10270236792152024 -0.21616224066366213 17.875987190454282 -0.2081761 -0.4191514 17.88104
16 0.07224640062991645 -0.2525993768012347 19.070995804022065 -0.2220687 -0.4450814 19.07663
17 0.02771425220221025 -0.2768479151386545 20.26386835010747 -0.2372951 -0.4715143 20.27019
18 0.04001787639737457 -0.31342649639250814 21.458129012444015 -0.2531559 -0.4977817 21.46468
19 -0.06646793706401091 -0.37377333958269426 22.646426221976647 -0.2707637 -0.5247441 22.65883
20 -0.06287011950070488 -0.4141176409343351 23.840333271326656 -0.2887908 -0.5527301 23.85296
21 -0.09952040144559998 -0.4286625860187035 25.034042956980297 -0.3071147 -0.5812326 25.04684
22 -0.14857387860843008 -0.4765505435612924 26.228786081205993 -0.3273512 -0.6069839 26.2431
23 -0.054529255506368016 -0.4741467097922196 27.42411601331305 -0.3472488 -0.6329432 27.44168
24 -0.0446684074260369 -0.4863833800110495 28.619862668331653 -0.3677985 -0.6565642 28.63712
25 -0.02844440919518399 -0.4868839033961664 29.81140526855095 -0.3892136 -0.6824261 29.8283
26 -0.06641238350466656 -0.5274729375063258 31.01024855724652 -0.4112762 -0.7087202 31.02794
27 -0.05504223653438586 -0.5292578828303015 32.214732611370906 -0.4357161 -0.7356474 32.23193
28 -0.07995620495624964 -0.5507776416680346 33.40314833220082 -0.4596533 -0.7632533 33.42024
29 -0.07979979095322814 -0.5808813111736677 34.59792772767157 -0.4846981 -0.7915945 34.6148
30 -0.033045754579043005 -0.6104476992117145 35.79497061147949 -0.509819 -0.8182722 35.81256
31 0.1850604840789572 -0.5661514667031909 36.97144245266021 -0.5367057 -0.8457827 37.00928
32 0.07253333632887687 -0.518534656204634 38.16341906324805 -0.5627412 -0.8734675 38.2069
33 -0.019925498608264938 -0.5904521582934362 39.3568911238557 -0.5904619 -0.9001114 39.40549
34 -0.020844245377371076 -0.5758199351353817 40.55437077010888 -0.6181703 -0.9268582 40.60244
35 -0.06867416435947078 -0.6283528446681889 41.749157239320425 -0.6466319 -0.9531287 41.79871
36 -0.05297938189192034 -0.6490610194802231 42.94668807274757 -0.675668 -0.9776312 42.99592
37 -0.13180570782318957 -0.6471148127320286 44.14445769361467 -0.708016 -1.000412 44.19563
38 -0.1993145014096423 -0.6927935749916979 45.342176148180684 -0.7358613 -1.020365 45.39563
39 -0.22612789886619253 -0.7170335848963827 46.542522121756676 -0.7617275 -1.037444 46.59612
40 -0.24023378630269748 -0.7253025533387687 47.748073896194335 -0.784447 -1.051207 47.80149
41 -0.2779343953235033 -0.7201356360515849 48.950766939974734 -0.8050204 -1.064092 49.00454
42 -0.28914060821216 -0.7471171889297494 50.14951092160698 -0.822002 -1.07385 50.20348
43 -0.22690653537723854 -0.7381083378799103 51.349147888928925 -0.8402902 -1.085315 51.40457
44 -0.2231283169334745 -0.7667885610882147 52.55028260267379 -0.859463 -1.098286 52.60583
45 -0.22003698595642307 -0.7676119151380959 53.75588881231938 -0.8753783 -1.112635 53.81125
46 -0.12658305159254038 -0.810559508201482 54.955662138799866 -0.892873 -1.127883 55.0152
47 -0.1772465044930942 -0.881012686210995 56.157850528892446 -0.9118602 -1.143152 56.22027
48 -0.20453781486134173 -0.8868260981280202 57.365344554411315 -0.9332309 -1.160687 57.42777
49 -0.26519526844823027 -0.9051065507206194 58.56884043340475 -0.956215 -1.175655 58.63262
50 -0.2846487649519145 -0.9454573674985937 59.77431075926479 -0.981436 -1.190278 59.83857
51 -0.21048813664430238 -0.9519057257934926 60.97589005411359 -1.006715 -1.2056 61.04209
52 -0.2704344349610671 -0.9736912579910142 62.17808944640506 -1.031126 -1.22132 62.24563
53 -0.16366357686624583 -0.9644580493600252 63.37546671821962 -1.053863 -1.237483 63.44747
54 -0.16394819959981227 -0.9903919324184326 64.57560302827919 -1.078473 -1.251701 64.64755
55 -0.1449165205519874 -1.006668836739393 65.77854492981822 -1.103193 -1.267101 65.8504
56 -0.15146441450035572 -1.0165406751065733 66.97606813340892 -1.129538 -1.281112 67.04761
57 -0.15622108126676787 -1.060285313298175 68.16911742854082 -1.15768 -1.293922 68.24107
58 -0.11893343706099317 -1.0878341768696869 69.36287619363137 -1.18693 -1.309417 69.43527
59 -0.20328452513583373 -1.1147966252840449 70.55090631763206 -1.215316 -1.324678 70.62616
60 -0.22514853765733533 -1.1660315275924424 71.73986112447962 -1.243226 -1.339456 71.816
61 -0.24110657576995698 -1.2076912653531724 72.92559463417702 -1.268567 -1.355743 73.00219
62 -0.2642188415409303 -1.252456927613279 74.11017657250942 -1.292838 -1.37147 74.18749
63 -0.25920018921938554 -1.2850408403966136 75.28804165844991 -1.310252 -1.390125 75.36554
64 -0.2533542478120016 -1.3088220852174135 76.46320674683531 -1.320138 -1.407515 76.54079
65 -0.26876136853389715 -1.3464205712450583 77.63822673432638 -1.33092 -1.427085 77.7163
66 -0.3021158494038487 -1.388659841243515 78.8155181360277 -1.33795 -1.448797 78.8946
67 -0.296108369895106 -1.4324995800879867 79.98868366468128 -1.340942 -1.468534 80.06843
68 -0.29081062554359527 -1.4627854354024303 81.1545172991852 -1.34229 -1.485826 81.23454
69 -0.2976916708920459 -1.4925819535429616 82.3189011001901 -1.335651 -1.506096 82.39913
70 -0.2792239531162516 -1.5269148623889677 83.47743826990988 -1.323865 -1.530312 83.55801
71 -0.25394938133515166 -1.5647902372579359 84.63634890650307 -1.309268 -1.555472 84.71745
72 -0.2394124885831123 -1.624648198545283 85.79460828253663 -1.292993 -1.580587 85.87696
73 -0.21478489098724465 -1.6560576455029725 86.94852895140059 -1.273121 -1.605074 87.03114
74 -0.16783292169621425 -1.7007554639001592 88.0999726723923 -1.247131 -1.630673 88.18383
75 -0.19540495449071524 -1.752831652106019 89.24867830319138 -1.216671 -1.656163 89.33336
76 -0.12899543053434 -1.8128695732887223 90.3960880830974 -1.182745 -1.683163 90.48344
77 -0.06657870718865769 -1.8565743145747156 91.54764827803334 -1.144128 -1.710419 91.63655
78 0.0033945955182772963 -1.883888807123096 92.70100720429095 -1.10175 -1.736086 92.79129
79 0.077234773621768 -1.899007718506149 93.85555483541633 -1.056015 -1.76065 93.94713
80 0.09489054061967955 -1.926162443214447 95.01192589652722 -1.006119 -1.785071 95.10262
81 0.11841025836125513 -1.9845199616907554 96.16440828455215 -0.953966 -1.809543 96.25538
82 0.1699372263195808 -2.0398129612991114 97.32138311725066 -0.8975398 -1.834871 97.41317
83 0.29649150794335777 -2.0521733571944076 98.47514044328933 -0.8410031 -1.861916 98.57222
84 0.2929357176788402 -2.1005014632875882 99.64346159726495 -0.7820453 -1.891643 99.73968
85 0.31283531600873926 -2.1247788487227592 100.81933182047553 -0.7233569 -1.922457 100.9141
86 0.4119894104856551 -2.159398078421288 101.99706893557912 -0.6655319 -1.953029 102.0947
87 0.3876758743725384 -2.2184125715571716 103.18124173528585 -0.6077182 -1.983093 103.2788
88 0.4031545150201747 -2.2620433774484283 104.37328490451499 -0.5505715 -2.012875 104.47
89 0.49577662296115804 -2.304445916538406 105.56834788917585 -0.4977483 -2.041118 105.6679
90 0.5744535267960065 -2.318745889530112 106.76634102452414 -0.4483272 -2.069739 106.8672
91 0.6476128382659759 -2.3713871259123627 107.96877111368376 -0.4053771 -2.098282 108.0719
92 0.7009098995766412 -2.395822264187647 109.17506029685144 -0.3651076 -2.127 109.2786
93 0.8092008653267193 -2.400533722875168 110.38411339624214 -0.3290753 -2.156853 110.4916
94 0.8296386390569209 -2.4353173917922235 111.5998691835344 -0.2985283 -2.185665 111.7073
95 0.9475707560930697 -2.443022696679294 112.81110801374469 -0.2726718 -2.213402 112.9237
96 0.9417026796214936 -2.4636059132598644 114.03015988108154 -0.2537792 -2.240145 114.1425
97 0.9783137124208592 -2.469144476597224 115.25027281190316 -0.2415523 -2.267804 115.3628
98 0.962387622804612 -2.4989016798734545 116.47337443342734 -0.2340717 -2.29683 116.586
99 0.9792135485127839 -2.5412142773216524 117.69851499644311 -0.2325711 -2.327575 117.8116
100 0.9012814606060795 -2.6051039414277932 118.92306129171125 -0.2372931 -2.358001 119.0399
101 0.9429824346784844 -2.614551747943338 120.1542219629046 -0.246444 -2.388148 120.2714
102 0.8748267517067873 -2.668176662105699 121.38144894544067 -0.2562318 -2.417424 121.5013
103 0.8718277735649542 -2.7000131243697503 122.62250813775184 -0.2696789 -2.444635 122.7424
104 0.8940610403717255 -2.734806273891393 123.86268961911264 -0.2835717 -2.4715 123.9829
105 0.873447373595766 -2.764101630647108 125.1037483752294 -0.2970155 -2.498919 125.2241
106 0.885559422377372 -2.7931045241209085 126.3498159805304 -0.3168152 -2.521615 126.4702
107 0.8855022367440566 -2.8461392058865793 127.59902695548718 -0.336076 -2.543289 127.7202
108 0.8199138477270904 -2.883058413629255 128.84670592862997 -0.3532043 -2.561295 128.9699
109 0.8034504876309627 -2.937077046163581 130.09586219831968 -0.3704424 -2.578125 130.2201
110 0.8402465010540157 -2.9818304520348544 131.35023373076564 -0.384545 -2.59617 131.4756
111 0.8353536181703719 -3.0338136095848682 132.60725585455424 -0.3976226 -2.614808 132.7335
112 0.8742439358987418 -3.0639457456669477 133.86890370764692 -0.4133731 -2.631357 133.9959
113 0.8782863487866125 -3.1130469608530933 135.13153760754636 -0.4299121 -2.64614 135.2593
114 0.946417374599192 -3.1437570804284567 136.39277941084129 -0.4438867 -2.660056 136.5226
115 0.8883060149888824 -3.194544459752807 137.6574954651431 -0.4570556 -2.675992 137.7895
116 0.8917802430567771 -3.2240942893364113 138.92465197960922 -0.472057 -2.693213 139.0568
117 0.8747068630653806 -3.2509802112024646 140.1983205660453 -0.490815 -2.711316 140.3306
118 0.8754803804339095 -3.2664506434949026 141.4738809336333 -0.5099508 -2.728134 141.606
119 0.886664397786239 -3.2995469546145584 142.7478873576476 -0.5316574 -2.744134 142.8802
120 0.8788208346214481 -3.336222131138412 144.02036214639452 -0.5501461 -2.759529 144.153
121 0.8376078893516923 -3.3583872448743572 145.29082601405125 -0.5681071 -2.775354 145.4241
122 0.8574953766584449 -3.4106706300392426 146.5597722233627 -0.586224 -2.79483 146.694
123 0.8330302514532595 -3.4657842630939144 147.82575778971494 -0.6015689 -2.818864 147.9611
124 0.8455684482060323 -3.461806153116209 149.09196184553542 -0.6184009 -2.844547 149.227
125 0.8542138950562689 -3.494965481327117 150.35736734491377 -0.6344428 -2.875057 150.4924
126 0.8412821136441322 -3.5300302534028245 151.6211512158621 -0.6492857 -2.908757 151.7562
127 0.8929443613383687 -3.5673999382520183 152.88864852535767 -0.6669047 -2.939717 153.0248
128 0.8514490214252802 -3.6169219814272813 154.15097497236187 -0.6841745 -2.969914 154.2883
129 0.8604036058347269 -3.6608545086558077 155.41563098282268 -0.703475 -2.997619 155.5533
130 0.7541752282262132 -3.7295778935588753 156.67330196179444 -0.7212308 -3.024885 156.8169
131 0.7483432354621515 -3.7927042279496535 157.93303471545306 -0.7401339 -3.051707 158.0778
132 0.7137653183642589 -3.8393512917496615 159.19653130265766 -0.7581397 -3.079341 159.3422
133 0.6500208603248954 -3.8801178853887786 160.45623586854333 -0.7785169 -3.10733 160.6037
134 0.7007741324195587 -3.897011157470096 161.71597602647046 -0.7989665 -3.135262 161.8641
135 0.622003351078395 -3.973492715567609 162.97377627644926 -0.8210143 -3.16234 163.1262
136 0.6673957455488769 -3.9982695455609893 164.23737304906516 -0.8448485 -3.191224 164.3903
137 0.5715383186809017 -4.108315598173717 165.49108409395762 -0.8676072 -3.221845 165.6519
138 0.5284739119966206 -4.1575749177686765 166.75238392049198 -0.8915914 -3.252329 166.9143
139 0.5547023278367369 -4.208357133228352 168.0138898175558 -0.9159259 -3.282708 168.1765
140 0.5244159007882362 -4.239031584778845 169.27870587661417 -0.9418036 -3.313952 169.4414
141 0.5445548310108966 -4.276650864833052 170.54193391818623 -0.9682551 -3.3446 170.7047
142 0.5557867888948324 -4.326900782361865 171.80752361991838 -0.9957698 -3.373848 171.9707
143 0.4878039288355747 -4.419669368618754 173.0665272893982 -1.024319 -3.402447 173.2343
144 0.4824622292570759 -4.497180154053269 174.32882227412045 -1.053647 -3.431925 174.4983
145 0.5182992336001164 -4.553829145616163 175.58842606666977 -1.083166 -3.461238 175.759
146 0.56237708201547 -4.550122133633531 176.85575304317516 -1.111965 -3.491932 177.0264
147 0.5513514125142042 -4.586416042511417 178.11861117084288 -1.14094 -3.523533 178.2891
148 0.5875055825403545 -4.595045484910096 179.37884701271284 -1.167498 -3.555449 179.5492
149 0.5694946364015745 -4.6418851915233805 180.64001103561213 -1.193384 -3.587083 180.8107
150 0.50746980770184 -4.672246823557932 181.90028052689763 -1.220912 -3.617217 182.0722
151 0.4993997885003151 -4.705176476454041 183.16495474124028 -1.249819 -3.644685 183.3367
152 0.4675592940634504 -4.764808508787644 184.42044260707323 -1.280267 -3.669131 184.5934
153 0.4452128625741076 -4.808407529456544 185.6698347022877 -1.311919 -3.694209 185.8431
154 0.4118817954754121 -4.856247452784312 186.9183718658131 -1.342768 -3.722358 187.0923
155 0.3803401912999515 -4.905718010058755 188.16418990495606 -1.371475 -3.752664 188.3388
156 0.3803391879361794 -4.954408068133827 189.41072757653347 -1.400872 -3.781861 189.5856
157 0.3768183301843653 -4.999126298561812 190.65580022189724 -1.429913 -3.811043 190.8308
158 0.3856803033371302 -5.046247319290285 191.8943994012068 -1.45692 -3.839753 192.0697
159 0.3149322104444854 -5.0933729271528625 193.12587418065974 -1.482347 -3.868861 193.3035
160 0.35431417928871023 -5.131508099339281 194.35608531401093 -1.504387 -3.897568 194.5344
161 0.3836753774443629 -5.157099518593305 195.58265801207185 -1.525428 -3.929306 195.761
162 0.3133991258323436 -5.232282183786393 196.79948606531428 -1.54334 -3.962116 196.9816
163 0.310336469031277 -5.270761164467714 198.01653812354888 -1.561315 -3.994523 198.1987
164 0.3180560792888485 -5.298867369977945 199.22948622056262 -1.577337 -4.025379 199.4115
165 0.3503165166581938 -5.322352257256182 200.43701257543663 -1.593225 -4.055718 200.6192
166 0.37502908059067236 -5.35533250521077 201.63823024615985 -1.607052 -4.084508 201.8207
167 0.42104715992269925 -5.389500219365949 202.8320511697418 -1.619569 -4.112611 203.0155
168 0.4280687002126101 -5.451294858738505 204.01863460984947 -1.629855 -4.142166 204.2033
169 0.36741076884327434 -5.5153903002241575 205.1944741012907 -1.639698 -4.168995 205.3821
170 0.28914154708065926 -5.564633477403164 206.36157058381946 -1.649074 -4.196218 206.5525
171 0.3735200731995183 -5.579298077464547 207.51564009377282 -1.655974 -4.223531 207.7094
172 0.4605705990623511 -5.615506265157737 208.65487997941412 -1.663162 -4.25023 208.8522
173 0.4870516776253197 -5.652150323970764 209.78391734502512 -1.670517 -4.277047 209.9818
174 0.45955274699967097 -5.703173922751627 210.8946303842967 -1.680916 -4.301812 211.0937
175 0.47790968163641845 -5.752746507395069 211.99070461095997 -1.692609 -4.32686 212.1907
176 0.4855988950491639 -5.785913364701829 213.07472792128476 -1.705386 -4.351615 213.2749
177 0.48106405329974783 -5.826865306927234 214.1447015401821 -1.717659 -4.376802 214.3453
178 0.5567017647553917 -5.832944574000422 215.20166229124268 -1.730641 -4.402081 215.4046
179 0.5849209363982067 -5.857725245833246 216.2449687294723 -1.744177 -4.426871 216.4482
180 0.550281832197651 -5.904669603534393 217.280888602117 -1.758097 -4.450451 217.4854
181 0.565138016316077 -5.977320225639494 218.300890600796 -1.775959 -4.472509 218.5077
182 0.4802241670685491 -5.993920337591582 219.3013024252829 -1.796549 -4.494237 219.5114
183 0.5276342269356395 -6.007065947394764 220.28413716742844 -1.82019 -4.513126 220.495
184 0.535240570372784 -6.010436462160477 221.25080102162735 -1.844527 -4.532452 221.4612
185 0.5187810662669199 -6.0306857220023184 222.19245943601788 -1.871601 -4.553298 222.4026
186 0.5845198764421226 -6.03927905800593 223.11096424783003 -1.900504 -4.574348 223.3228
187 0.5839131603636621 -6.060441392809495 224.0078552242554 -1.93108 -4.594192 224.2192
188 0.5653514013806302 -6.113813391263354 224.88084072052064 -1.963226 -4.613875 225.0932
189 0.5436112419516704 -6.145099831780436 225.73399898582304 -1.999321 -4.634336 225.9462
190 0.5087433738513336 -6.182025753524756 226.5631297296231 -2.03611 -4.65549 226.7758
191 0.44513396733146393 -6.2401363732903965 227.37245197891426 -2.076063 -4.674144 227.5885
192 0.4298348874151244 -6.276043552365566 228.16610400269204 -2.113952 -4.692285 228.382
193 0.3833332579266756 -6.305810836013471 228.94216675331026 -2.149429 -4.710568 229.159
194 0.3745686548599758 -6.331585807854697 229.70023703692362 -2.182836 -4.728951 229.9166
195 0.3831838525624402 -6.3469590868138175 230.44204177808373 -2.215172 -4.746558 230.6577
196 0.35977180997161134 -6.37309985985107 231.17260544916226 -2.24791 -4.762455 231.3882
197 0.36279721732067255 -6.391037956125553 231.90062052879824 -2.278813 -4.778921 232.1156
198 0.35096152021638805 -6.416780393146868 232.62359513893006 -2.30914 -4.795655 232.8383
199 0.32954120708701345 -6.44597030372794 233.34519903955956 -2.338553 -4.813178 233.56
200 0.2773044562589929 -6.4780578364213035 234.06086761070586 -2.3648 -4.830531 234.2776
201 0.2899806420369725 -6.508863371130885 234.77463310318808 -2.389577 -4.847959 234.9915
202 0.3193485024014685 -6.544845851814854 235.4843601374424 -2.414706 -4.864866 235.7021
203 0.24911714515092845 -6.5947732477839045 236.18604334444146 -2.437161 -4.881579 236.4085
204 0.23093809681026828 -6.614180169629078 236.88912471175746 -2.45827 -4.896919 237.1116
205 0.22925117194089623 -6.640202865574518 237.58880941478677 -2.475218 -4.912132 237.8114
206 0.2587748751899901 -6.647599278669096 238.2847056425893 -2.489243 -4.929647 238.5076
207 0.252969332170703 -6.675177607635212 238.97677281569514 -2.501543 -4.947554 239.1999
208 0.26633934726715425 -6.694348439654043 239.6645901641213 -2.511949 -4.965562 239.8878
209 0.29021018665827325 -6.704548998261828 240.35184101472163 -2.520293 -4.98174 240.5753
210 0.30015903433330265 -6.7154742837275325 241.04052486640356 -2.528203 -4.99821 241.2639
211 0.3369361067103731 -6.740054295199903 241.73275975622377 -2.534352 -5.01566 241.9573
212 0.3325566879960003 -6.7630864395915244 242.42876922777458 -2.538348 -5.032044 242.6535
213 0.32277248282219334 -6.792560989861093 243.1306857328637 -2.543393 -5.04817 243.3559
214 0.30769890048156545 -6.834248318683929 243.83257533492662 -2.545596 -5.064282 244.059
215 0.3070920941968917 -6.8698680645701184 244.5362572369208 -2.546852 -5.080295 244.7634
216 0.3182630083844037 -6.88790930833009 245.24418752348353 -2.546619 -5.094783 245.4715
217 0.32708580778336915 -6.912452443830354 245.95865454552484 -2.545576 -5.109038 246.1863
218 0.34565566215582116 -6.932460448193206 246.6801433217778 -2.543734 -5.126143 246.9081
219 0.35051132507961297 -6.96434008760506 247.40747996537314 -2.542056 -5.145191 247.6359
220 0.383668043693864 -6.993611180470845 248.140002284466 -2.541896 -5.164585 248.3695
221 0.4229819865965632 -7.02150032078036 248.88062690586287 -2.542204 -5.185382 249.1114
222 0.45481566153884667 -7.0603347164382795 249.6251207882169 -2.540944 -5.205979 249.8573
223 0.4699132635865477 -7.1045419091381286 250.3766947061305 -2.535403 -5.22737 250.61
224 0.47960662963596234 -7.131910798269148 251.1372010542456 -2.529259 -5.246305 251.3708
225 0.5300767148948266 -7.167466011966302 251.90913556145324 -2.529475 -5.263872 252.145
226 0.5012725550643313 -7.212334004649655 252.6914685894113 -2.534412 -5.282956 252.9289
227 0.5507777977841709 -7.259458300744815 253.4757901111999 -2.53173 -5.300222 253.716
228 0.6185233964774667 -7.288328975670736 254.26728121548157 -2.522827 -5.316153 254.5107
229 0.6180059970237023 -7.317343277547445 255.06177402240456 -2.516895 -5.328791 255.3056
230 0.6158644582783134 -7.35497497868761 255.86740116945157 -2.508908 -5.345294 256.1119
231 0.6486364396392568 -7.389906987479075 256.68402516841587 -2.495854 -5.364407 256.9296
232 0.6898163016962109 -7.4417254600615275 257.51008080587206 -2.476437 -5.385775 257.7578
233 0.7507201013316097 -7.480176094109641 258.34259749109907 -2.451908 -5.406872 258.5928
234 0.8149594014684249 -7.5128648596731225 259.17677921722884 -2.426274 -5.425049 259.4295
235 0.8818875977856431 -7.536594884739914 260.01337086183094 -2.401831 -5.445288 260.2685
236 0.8931807562338742 -7.593611002373639 260.8462955657894 -2.377452 -5.467449 261.1028
237 0.9730319106140813 -7.617207887943101 261.6799336533793 -2.347909 -5.488513 261.9398
238 1.0478709079886475 -7.650584076966989 262.51571278009357 -2.315586 -5.509575 262.7787
239 1.1158778006419163 -7.682344570744771 263.35584019567506 -2.282743 -5.533299 263.6212
240 1.1148308727200522 -7.725377482405317 264.1976542939372 -2.249292 -5.557575 264.4631
241 1.1939097366571365 -7.766101420724459 265.03358142748607 -2.211671 -5.580169 265.3026
242 1.2373027088400472 -7.801421022606301 265.87607424588697 -2.169031 -5.601556 266.1456
243 1.2944644920111057 -7.8442536450378135 266.71770456254944 -2.120601 -5.622751 266.9886
244 1.4147452951525032 -7.874654847326943 267.55616030058695 -2.070929 -5.642388 267.8345
245 1.504981537950659 -7.913755556863917 268.3998009968276 -2.020152 -5.662313 268.6821
246 1.5811422128599577 -7.942577816645235 269.2447099595511 -1.972336 -5.683949 269.5293
247 1.669300994775017 -7.943986235666114 270.09410817264734 -1.923826 -5.705921 270.3816
248 1.7921614687210317 -7.960208617216785 270.9391877142756 -1.875688 -5.726987 271.2341
249 1.8715823205209998 -7.993532572478163 271.79140911736874 -1.829452 -5.750154 272.0891
250 1.9862405495876254 -8.023016224322879 272.63883138172235 -1.783337 -5.773108 272.9432
251 2.0439914930284706 -8.046863963206691 273.4900335060188 -1.741198 -5.793806 273.7954
252 2.13965084660564 -8.086452738521606 274.3406675840966 -1.700845 -5.814912 274.6511
253 2.2290148350787757 -8.099076438012649 275.1894872926822 -1.660663 -5.835884 275.5035
254 2.3126840600948757 -8.134866346785833 276.0366546896984 -1.622669 -5.858238 276.3544
255 2.3277085636469224 -8.17378408222133 276.88601140869383 -1.585579 -5.879709 277.2037
256 2.360513142968345 -8.159866337374988 277.73415380968726 -1.550632 -5.901149 278.0516
257 2.4573882748655906 -8.193519568450837 278.5739045204604 -1.517863 -5.921904 278.8967
258 2.5218211679844 -8.245610605824556 279.4092300472281 -1.489305 -5.941918 279.7354
259 2.615008333733299 -8.275624944039171 280.23729449389526 -1.466242 -5.96075 280.5687
260 2.6660705888407863 -8.286133221630744 281.05702819642033 -1.447757 -5.978025 281.3897
261 2.7299950237010644 -8.308826294828066 281.8679155636457 -1.431895 -5.99441 282.2031
262 2.8263365730450247 -8.339801959339686 282.66226695335183 -1.419054 -6.010847 283.0036
263 2.8697543353758297 -8.355177304227613 283.44540451809235 -1.412086 -6.026687 283.7879
264 2.9354045445270964 -8.364069118491818 284.2100588403338 -1.411252 -6.04017 284.5553
265 2.9878990553614178 -8.380571820927115 284.9580710919003 -1.414317 -6.053988 285.3052
266 2.966129532534463 -8.398258680714003 285.68839851186465 -1.417779 -6.069167 286.0359
267 2.9901399189722957 -8.420096746527852 286.3959567462402 -1.423417 -6.085125 286.744
268 3.013924141882627 -8.445495993113395 287.0844813340825 -1.435822 -6.10138 287.4331
269 3.0765726184112223 -8.445438577380987 287.7493895726606 -1.454441 -6.117454 288.1005
270 3.0873553165394108 -8.457328148809928 288.400381811921 -1.477649 -6.132605 288.7511
271 2.975455799887925 -8.460470577217583 289.0292633899418 -1.506373 -6.149396 289.389
272 2.963951364340665 -8.496043390785651 289.6579241961915 -1.545617 -6.167037 290.0173
273 2.946362214954006 -8.532853940177318 290.2697299414517 -1.597157 -6.182453 290.6281
274 2.9006792143678273 -8.540021866812106 290.87385286617416 -1.665044 -6.196964 291.23
275 2.738598591778186 -8.571859324244269 291.4314175005128 -1.742378 -6.210196 291.8062
276 2.6187926549671854 -8.581875316981355 291.99915664844553 -1.834488 -6.224247 292.379
277 2.4102031577544407 -8.61311017035573 292.5276090488065 -1.942994 -6.237015 292.9374
278 2.3079596061151118 -8.620085872440324 293.06302576313425 -2.067997 -6.247853 293.4679
279 2.2693775283537496 -8.631854248101261 293.6103968605261 -2.209538 -6.257666 293.9981
280 2.1821184766333035 -8.65350595748948 294.14084197469947 -2.367902 -6.271075 294.5121
281 2.004922569261223 -8.66802491261638 294.615993237043 -2.543375 -6.28527 294.9879
282 1.852328067475238 -8.685624990988677 295.1101896088184 -2.739392 -6.297631 295.4667
283 1.7095840390144355 -8.724700038625114 295.57004916141676 -2.949047 -6.307941 295.9018
284 1.4467362523395146 -8.728358225014425 295.99874108961984 -3.178542 -6.314604 296.3492
285 1.2226418117534885 -8.744140323475836 296.4443934668631 -3.425572 -6.32098 296.7828
286 0.8979729765427634 -8.759502210262829 296.7735062864239 -3.687333 -6.328231 297.1641
287 0.6708114145000572 -8.772101946061582 297.2059557214497 -3.968958 -6.33276 297.5634
288 0.3407775624560889 -8.770913608478606 297.5604062305251 -4.268559 -6.336992 297.9439
289 0.07504774067203618 -8.799119133339644 297.92174769109937 -4.586321 -6.339444 298.2617
290 -0.21310767375184309 -8.806099098849785 298.3016352688229 -4.922654 -6.345184 298.5997
291 -0.5562148737935614 -8.827373721389614 298.5763052165353 -5.270323 -6.347814 298.8694
292 -0.8518671626988927 -8.867399786818329 298.9411297173358 -5.635576 -6.343982 299.1672
293 -1.209352370976398 -8.859073289598086 299.23553710365593 -6.014393 -6.339964 299.4337
294 -1.6023995198527703 -8.877649379270933 299.4032456048496 -6.404391 -6.33231 299.6092
295 -2.027595545925761 -8.951892259111478 299.5283117499478 -6.808874 -6.331276 299.805
296 -2.4336288458304898 -8.949055863277671 299.70201048878073 -7.216405 -6.326098 299.9751
297 -2.823229917472803 -8.977288201176576 299.836249391089 -7.620091 -6.315633 300.0619
298 -3.2430409394992523 -8.951195747159106 299.89254613741116 -8.027228 -6.304576 300.1811
299 -3.6496549997575447 -8.95120207103123 299.9521006478472 -8.436151 -6.292308 300.22
300 -4.062321727687035 -8.997429590684318 300.00914299081006 -8.849753 -6.282888 300.2873
301 -4.472277818177124 -9.01603711849121 300.1107492735882 -9.270289 -6.271213 300.3291
302 -4.898528390403361 -9.007360235800505 300.15396421281736 -9.696194 -6.256955 300.284
303 -5.337563726667242 -8.995965443734683 300.122933707787 -10.13605 -6.242546 300.2712
304 -5.780099373200346 -9.026897192395765 300.0635049790332 -10.58129 -6.224323 300.2293
305 -6.242725931563711 -9.016873672883435 299.98392853677507 -11.03111 -6.199526 300.097
306 -6.69130118499388 -8.99351851858452 299.84988560291157 -11.48794 -6.178297 299.9941
307 -7.181209766951105 -8.947737779022786 299.78427662106577 -11.94318 -6.15018 299.7982
308 -7.641416025456313 -8.940982988590294 299.61824895548 -12.40289 -6.123531 299.6328
309 -8.09538787928107 -8.933059440208856 299.41078591919415 -12.8598 -6.094784 299.4338
310 -8.5625730454047 -8.94175698727458 299.14481961427924 -13.3109 -6.063773 299.1429
311 -8.97820398311288 -8.944769309349129 298.82008585908807 -13.7634 -6.028358 298.8742
312 -9.421629116426983 -8.994182350905746 298.46198358907924 -14.21251 -5.989762 298.5219
313 -9.8746003173639 -8.986274809723044 298.1221139563813 -14.66311 -5.950116 298.1811
314 -10.351848601901096 -8.944143975491508 297.77415918705884 -15.11616 -5.913525 297.8016
315 -10.861809300503253 -8.929984085651432 297.39785494367334 -15.56917 -5.871992 297.3601
316 -11.366141698478206 -8.878311765863614 297.0140417631524 -16.02426 -5.830931 296.9179
317 -11.851323508736192 -8.860128722084 296.5317018742746 -16.47064 -5.783464 296.4013
318 -12.322804587700347 -8.827601482618359 296.03999039606754 -16.90392 -5.737737 295.8766
319 -12.749214846197138 -8.858850348749217 295.45244662483407 -17.32241 -5.692386 295.2843
320 -13.22658532727692 -8.841080930633145 294.9053251527253 -17.72918 -5.645499 294.6844
321 -13.571222064535293 -8.85538476752925 294.23784171382516 -18.12343 -5.596317 294.0467
322 -14.018158938114334 -8.856189179377015 293.5789615587644 -18.50534 -5.550791 293.3496
323 -14.34888182346177 -8.812422441929575 292.8483299249264 -18.87203 -5.509383 292.6362
324 -14.769398857945204 -8.810077611947214 292.1135420125799 -19.21381 -5.47294 291.8625
325 -15.105499517781704 -8.788690730682578 291.3346561928886 -19.53852 -5.435497 291.0794
326 -15.42853656959251 -8.768827665127038 290.50147297593077 -19.84548 -5.397191 290.2408
327 -15.750821626956284 -8.759287237241749 289.66444479263 -20.12922 -5.364689 289.3905
328 -16.03020129194378 -8.747071866075645 288.78613537267444 -20.38184 -5.330467 288.5047
329 -16.25148958521233 -8.72132382078052 287.8466008028502 -20.61251 -5.29613 287.5677
330 -16.51872818147328 -8.706299327137367 286.9162443018312 -20.81155 -5.265003 286.6208
331 -16.721115289309882 -8.703473602646254 285.9339217009416 -20.97738 -5.231887 285.6322
332 -16.92258433614897 -8.658175700746675 284.9425203410604 -21.11659 -5.198232 284.6297
333 -17.04607522606513 -8.632403705862831 283.90733196632493 -21.22691 -5.169612 283.5931
334 -17.184512824717373 -8.612895917501335 282.8405446781116 -21.30702 -5.143301 282.5205
335 -17.32407858946764 -8.604366181729176 281.7587299106429 -21.35871 -5.118237 281.4312
336 -17.387636339856556 -8.598942040341692 280.6399652684966 -21.38358 -5.092068 280.3112
337 -17.431431557355157 -8.56787465982525 279.5030736488828 -21.37724 -5.068634 279.1733
338 -17.46360531305535 -8.568849789729768 278.3370325108821 -21.34556 -5.044246 278.0075
339 -17.4598866303308 -8.559175474130596 277.15753845168877 -21.28976 -5.02153 276.8295
340 -17.407750587660402 -8.572142204830936 275.96515824096167 -21.20924 -5.001358 275.6388
341 -17.392847249721132 -8.539365060066626 274.7541433293407 -21.11193 -4.983245 274.4313
342 -17.387647682769757 -8.535114471248804 273.52529626872683 -21.0019 -4.965436 273.2075
343 -17.37193182298446 -8.522597584814257 272.2754511917877 -20.88617 -4.946924 271.963
344 -17.278471479924907 -8.546670433015462 271.01625336089063 -20.77685 -4.927465 270.705
345 -17.234241402369626 -8.518216642914409 269.7352442804867 -20.66591 -4.906062 269.4279
346 -17.230605752829298 -8.523403867064266 268.43842864850274 -20.55522 -4.883412 268.136
347 -17.150223455766266 -8.549046906615523 267.1311399670469 -20.44759 -4.861751 266.8306
348 -17.06526537381557 -8.549227736849947 265.8088511333435 -20.34586 -4.838516 265.5097
349 -17.05218081878113 -8.565890569667268 264.4750839379563 -20.24967 -4.817703 264.1794
350 -17.044194602138745 -8.569281474852087 263.140416748154 -20.15628 -4.799526 262.8481
351 -16.998745366854877 -8.579165862255822 261.8075499711047 -20.07085 -4.780284 261.5173
352 -16.99852040611862 -8.571841540027094 260.4780571606896 -19.99327 -4.760491 260.1902
353 -16.995189821635506 -8.57662959803573 259.1356606634741 -19.9213 -4.738614 258.8499
354 -17.00873894907399 -8.574017022598426 257.79534689891324 -19.8553 -4.717988 257.5113
355 -17.04099751610081 -8.558081161510707 256.45327621430357 -19.79675 -4.696286 256.1702
356 -17.078404347909274 -8.560079169746905 255.106347695398 -19.74591 -4.673674 254.8239
357 -17.130323685672913 -8.568202219530583 253.75716573171616 -19.70344 -4.648388 253.4746
358 -17.123498660614022 -8.586345002950472 252.40511727997387 -19.66817 -4.618642 252.1232
359 -17.135124690187762 -8.605048409292175 251.0545128448943 -19.63934 -4.586765 250.7731
360 -17.147829371964818 -8.622104787984618 249.6971975391872 -19.61368 -4.556415 249.4162
361 -17.155782927163873 -8.627006237960188 248.34495274149083 -19.59029 -4.529158 248.0644
362 -17.166563643953957 -8.640394828410802 246.9862149255207 -19.56928 -4.501374 246.706
363 -17.165139241129488 -8.708323907402589 245.6197084397769 -19.55134 -4.473848 245.3382
364 -17.197127541259068 -8.678006747053725 244.25164916910614 -19.538 -4.445003 243.9698
365 -17.143981932851464 -8.713240687778612 242.87856976369946 -19.52666 -4.411335 242.5957
366 -17.182545702793753 -8.714842484866741 241.5053539305476 -19.51383 -4.37826 241.2224
367 -17.16621667999818 -8.762089244864354 240.12194204138618 -19.50318 -4.346093 239.8385
368 -17.152877749297193 -8.742716974813188 238.74100009170476 -19.49325 -4.316996 238.4577
369 -17.15236192085048 -8.757497537776672 237.35618778349132 -19.48099 -4.286446 237.0732
370 -17.17014801239612 -8.791799586274141 235.96701147797592 -19.46668 -4.255713 235.6839
371 -17.1784692688194 -8.804334120448498 234.5738289267754 -19.45014 -4.223798 234.2911
372 -17.204203064532702 -8.80316105906048 233.17513460401537 -19.4304 -4.186692 232.8928
373 -17.257496306508738 -8.827802014553136 231.77515612864653 -19.4066 -4.152924 231.4922
374 -17.27272164115232 -8.871748576525265 230.37453904303754 -19.38129 -4.121142 230.0914
375 -17.331815471331243 -8.893396945414901 228.97169799408005 -19.35555 -4.091351 228.6877
376 -17.33997750322878 -8.913085875688232 227.56684249333128 -19.33238 -4.061083 227.2832
377 -17.400777181422157 -8.905499253031483 226.15536811281663 -19.30936 -4.031202 225.8709
378 -17.362763009948193 -8.942219162620159 224.73912365580085 -19.28821 -4.003413 224.4541
379 -17.387490988056175 -8.967814614492372 223.31890313843525 -19.26526 -3.975161 223.0339
380 -17.477581102316805 -8.994949204866334 221.8982005181372 -19.24098 -3.945563 221.6106
381 -17.537430363808728 -8.986474411301117 220.47463267042605 -19.2149 -3.915755 220.1863
382 -17.57430573133027 -8.967820001206118 219.04488360105123 -19.19066 -3.884537 218.7565
383 -17.56255707291079 -8.983287908787853 217.61610798023585 -19.16474 -3.851913 217.3282
384 -17.575813230348334 -9.005245666418702 216.17900094423928 -19.14051 -3.816692 215.8915
385 -17.588432747929932 -9.030752932670724 214.73947940936273 -19.11492 -3.783819 214.4523
386 -17.652891361261048 -9.020101721550963 213.2986922432035 -19.08395 -3.744539 213.0109
387 -17.638754298474197 -9.0069031695455 211.85739635074953 -19.0532 -3.706671 211.5703
388 -17.63854541441434 -9.018910262427328 210.40985211219342 -19.02208 -3.670204 210.1235
389 -17.608855742466567 -9.067550791889243 208.95887751175607 -18.99038 -3.634175 208.6722
390 -17.662995574327244 -9.07404932271401 207.50550533237902 -18.96021 -3.596747 207.2186
391 -17.709841343968574 -9.081215813651994 206.0450320848971 -18.92786 -3.559153 205.7582
392 -17.723626232049835 -9.115261195814194 204.58134579322152 -18.89614 -3.524788 204.2948
393 -17.75356858266142 -9.141046090316804 203.11807121336426 -18.86476 -3.487637 202.8318
394 -17.770650238333772 -9.14193788843628 201.65410127755973 -18.83712 -3.453039 201.3684
395 -17.812632901652137 -9.13681424194469 200.19475100361885 -18.80904 -3.419171 199.9091
396 -17.81610845033593 -9.149350511745336 198.72543486338733 -18.78081 -3.384783 198.4404
397 -17.82813488094 -9.158534739254028 197.26063037791735 -18.75193 -3.350644 196.9762
398 -17.82261551308864 -9.178826024217555 195.79914335079255 -18.72357 -3.313855 195.5153
399 -17.79876030157349 -9.210041550951416 194.3392538948969 -18.69718 -3.276436 194.0556
400 -17.80207514915543 -9.265506995427316 192.8841642534371 -18.67123 -3.241513 192.6001
401 -17.796195220289384 -9.28945748667876 191.42773171581982 -18.64803 -3.205048 191.1441
402 -17.84407355525047 -9.327407542855777 189.9758773225167 -18.62849 -3.170622 189.6915
403 -17.86128247486556 -9.344432757420119 188.52700513423932 -18.61037 -3.138275 188.2429
404 -17.88821826545855 -9.347178443209218 187.07844429009825 -18.59411 -3.107703 186.7945
405 -17.920018441345007 -9.390228117711722 185.63698241015317 -18.57686 -3.075839 185.3525
406 -17.9486708025735 -9.42829441772477 184.19332961924107 -18.56047 -3.044236 183.9085
407 -17.960187475357735 -9.45125302148411 182.75330544212238 -18.546 -3.011131 182.4687
408 -17.98922043237652 -9.48061128255821 181.31634437083008 -18.5334 -2.977267 181.0316
409 -18.00995225379713 -9.52017559596478 179.8859746083329 -18.52315 -2.942176 179.601
410 -18.07333332397902 -9.528531511104314 178.46128362236655 -18.51524 -2.908289 178.1753
411 -18.12899119675438 -9.523783919424652 177.03734801779015 -18.51072 -2.873542 176.7507
412 -18.160342605213923 -9.546142608178844 175.62404189332673 -18.51025 -2.838653 175.3373
413 -18.23108278416878 -9.567848398111158 174.21783812805484 -18.51326 -2.803213 173.9296
414 -18.23079342658945 -9.608865112873115 172.82592637826488 -18.51829 -2.769552 172.5375
415 -18.198839465610536 -9.602128692134908 171.44457985724188 -18.52671 -2.736025 171.1562
416 -18.241451031287994 -9.619416600104392 170.08057501497422 -18.5371 -2.701364 169.7919
417 -18.28238787778725 -9.667174527338098 168.73672696311678 -18.55169 -2.66695 168.4471
418 -18.34682194642513 -9.706387472515699 167.41775716029403 -18.5681 -2.633527 167.1265
419 -18.36861774535331 -9.713121139090246 166.11266857380514 -18.58704 -2.599237 165.8218
420 -18.413745259883207 -9.71589713960164 164.83010544828127 -18.60503 -2.565877 164.539
421 -18.490332737613773 -9.763035099040815 163.57293947250133 -18.62542 -2.533595 163.2792
422 -18.525913442608648 -9.79607463964084 162.3412647352959 -18.64444 -2.502804 162.0471
423 -18.56862633637148 -9.832156268901436 161.1320814688138 -18.66211 -2.473852 160.8371
424 -18.595232402677688 -9.843540400046527 159.9480755426674 -18.68207 -2.447586 159.6532
425 -18.585340325365223 -9.85449304403831 158.78744685434495 -18.70043 -2.422217 158.4929
426 -18.603817676001768 -9.881257488784952 157.65440645347178 -18.71715 -2.396857 157.3598
427 -18.59746751983366 -9.92392133534116 156.54531937064434 -18.73344 -2.370798 156.2503
428 -18.65787714867211 -9.934309519607305 155.4652929434694 -18.74892 -2.347373 155.1689
429 -18.68382768308896 -9.965263606189021 154.41409284764396 -18.76231 -2.322647 154.1173
430 -18.71282257966356 -9.991571045468428 153.3852104680149 -18.7779 -2.297427 153.0881
431 -18.733471757742933 -10.019442430742991 152.38464321161305 -18.79239 -2.274461 152.0873
432 -18.77612438249442 -10.058700822172275 151.40984138038775 -18.80437 -2.252345 151.1111
433 -18.81599443347531 -10.084037054746062 150.46168307478752 -18.81642 -2.23022 150.1621
434 -18.87867493201782 -10.128482600986489 149.54220007350588 -18.82738 -2.209938 149.2397
435 -18.859329133166458 -10.163750646516517 148.6423668013625 -18.83766 -2.187753 148.3393
436 -18.912810343707 -10.196773697224247 147.76616291130887 -18.84754 -2.164801 147.4612
437 -18.924004731390628 -10.23191253623221 146.90437527383511 -18.85476 -2.144196 146.5989
438 -18.94311163742426 -10.254822117203236 146.05951052882173 -18.86279 -2.123511 145.7538
439 -19.007207571760844 -10.267178919546604 145.2301951212075 -18.87376 -2.100874 144.9223
440 -19.053264442584915 -10.2918744936836 144.41290871715017 -18.88239 -2.078341 144.1037
441 -19.089028926461012 -10.314031583753016 143.61248069634271 -18.88627 -2.059412 143.3024
442 -19.101634634229768 -10.331203663500947 142.8299588157478 -18.89195 -2.042113 142.5198
443 -19.054736617080053 -10.380790794712906 142.06510339304714 -18.90126 -2.02299 141.7522
444 -19.085633208660216 -10.391549880116086 141.30626145596736 -18.90872 -2.005121 140.9929
445 -19.01694456371927 -10.417421378380899 140.55897788277863 -18.91348 -1.989403 140.2422
446 -18.98574474413408 -10.41520408272452 139.81666434320198 -18.91945 -1.974562 139.4994
447 -19.59277561444506 -10.225049044446532 139.45011154879032 -18.92677 -1.960534 138.7654
448 -19.657200994729983 -10.22815849124251 138.73137073116845 -18.93511 -1.944374 138.044
449 -19.602825211007733 -10.282303319096739 138.02105943088017 -18.94438 -1.928158 137.3298
450 -19.728699651608384 -10.332788151749655 137.325562411214 -18.95464 -1.914991 136.6214
451 -19.84978857776258 -10.392335211669504 136.63407277277125 -18.96431 -1.905325 135.917
452 -19.384738860195373 -10.45783205734292 136.11360250071098 -18.97372 -1.895274 135.2161
453 -19.212492243445162 -10.524098060576947 135.43903332467156 -18.97911 -1.881347 134.5169
454 -19.15188362007415 -10.495264679825981 134.74493005047057 -18.98311 -1.86792 133.8197
455 -19.23830317504481 -10.494229715366115 134.05424943220459 -18.99097 -1.854861 133.1238
456 -19.29510527654068 -10.504959292293428 133.36115542622443 -19.00389 -1.83902 132.4286
457 -19.290579980609074 -10.535829408534257 132.67337732529288 -19.0082 -1.829069 131.7402
458 -19.27767358812171 -10.560837245809605 131.99363679488678 -19.00738 -1.823556 131.0599
459 -19.343672246163614 -10.570295733134873 131.3143129214544 -19.01169 -1.813487 130.3774
460 -19.231652336373244 -10.600386318204844 130.63910907556732 -19.02656 -1.799997 129.6926
461 -19.253693269929666 -10.61243451658851 129.942088254182 -19.02976 -1.790406 128.9952
462 -19.23743703453921 -10.614836601430314 129.23374255461198 -19.02968 -1.783236 128.2867
463 -19.191193590288623 -10.564585042670638 128.51410409821386 -19.03291 -1.773597 127.5639
464 -19.296461488525164 -10.537361751801098 127.78992403777372 -19.03689 -1.762349 126.8317
465 -19.342699590182015 -10.560011696865068 127.05032716244719 -19.04093 -1.751742 126.0904
466 -19.44858944597026 -10.56252754549239 126.30592295296431 -19.0431 -1.739549 125.3386
467 -19.55666074655023 -10.527054207838134 125.55103566742916 -19.0406 -1.721883 124.5754
468 -19.595790901270835 -10.530301293469885 124.76921015979498 -19.03398 -1.704964 123.7928
469 -19.565823798029733 -10.54398180288534 123.96799157995146 -19.02609 -1.689113 122.9911
470 -19.54401122024467 -10.547124752151573 123.14935461111527 -19.01737 -1.671608 122.1724
471 -19.384346230502288 -10.599288610464932 122.33091427837168 -19.00788 -1.651373 121.3372
472 -19.396312178129822 -10.592151280232276 121.48238083199816 -18.99551 -1.630463 120.4889
473 -19.417801365272226 -10.582438888666978 120.61565967510279 -18.9811 -1.606831 119.6223
474 -19.331499616695535 -10.633155813463329 119.73895782820397 -18.96236 -1.583863 118.7404
475 -19.3577676993392 -10.6301878206726 118.8394330210074 -18.94089 -1.56236 117.841
476 -19.276641490046366 -10.634682688655815 117.92220124056607 -18.91249 -1.539442 116.9209
477 -19.25201673219349 -10.64120593253293 116.98520733763286 -18.88164 -1.51858 115.9843
478 -19.239585211723373 -10.638078442525188 116.02764439343282 -18.84566 -1.49574 115.0276
479 -19.203423066229416 -10.666298060791059 115.05739975563304 -18.80738 -1.472691 114.0573
480 -19.181240057289415 -10.668408061438399 114.07116462851192 -18.76261 -1.449607 113.0721
481 -19.190614092569213 -10.667852816699574 113.06799566437384 -18.71096 -1.425819 112.0705
482 -19.104946077958644 -10.668397875867129 112.04938079118418 -18.65467 -1.402779 111.0501
483 -18.997430814385638 -10.684866308879066 111.0133257788837 -18.59273 -1.382089 110.0104
484 -18.910394125008317 -10.69835095479581 109.95905251050033 -18.52665 -1.362588 108.9547
485 -19.015970210097688 -10.701471767147712 108.891922975087 -18.45845 -1.343346 107.8847
486 -18.934960709079963 -10.710079679437518 107.80446656758053 -18.38974 -1.32609 106.7965
487 -18.903342551765352 -10.675604428513722 106.69973117105937 -18.32377 -1.307555 105.6929
488 -18.85913604850526 -10.676623916831653 105.56774417605057 -18.25676 -1.288139 104.5622
489 -18.876957754447258 -10.65748568125203 104.41468598061496 -18.18725 -1.269054 103.4111
490 -18.907195781965868 -10.683086192920314 103.2483107458714 -18.11737 -1.244731 102.2464
491 -18.809775946794534 -10.642066453473737 102.07818555786119 -18.04504 -1.219976 101.074
492 -18.755396667267014 -10.603529021578083 100.88527350411626 -17.972 -1.195663 99.88171
493 -18.706651992632086 -10.602926670193275 99.67379222039928 -17.89756 -1.172886 98.67175
494 -18.57969041947103 -10.606838117272119 98.45410004947325 -17.82503 -1.151222 97.4478
495 -18.621775435072507 -10.587163484211153 97.2134303653088 -17.75374 -1.126795 96.20855
496 -18.715174465899736 -10.55654180431674 95.95931871654662 -17.68421 -1.102525 94.95275
497 -18.617286421845677 -10.524617341669718 94.68596599310156 -17.6127 -1.077492 93.67749
498 -18.624122846471522 -10.525641290148911 93.39957575898602 -17.54366 -1.049972 92.39323
499 -18.54923846114095 -10.549154702672201 92.09699507044455 -17.4771 -1.022258 91.09028
500 -18.508915694825742 -10.568720285539404 90.78033176922077 -17.40999 -0.9990056 89.77477
501 -18.431031386983364 -10.574037595229203 89.4604541035132 -17.35065 -0.9753403 88.45413
502 -18.466111912056345 -10.556506035561434 88.11530904328815 -17.29334 -0.9584784 87.10974
503 -18.49160425322041 -10.555420383404746 86.74219431383047 -17.23975 -0.9440549 85.73751
504 -18.450167733973732 -10.562698690684398 85.355901180703 -17.18834 -0.9218292 84.35171
505 -18.412866237991896 -10.585833188943122 83.96011412792444 -17.13847 -0.8925921 82.95643
506 -18.451858393054174 -10.58192275514181 82.55631320295768 -17.09087 -0.8621183 81.55322
507 -18.49822195211324 -10.571156563533217 81.12941558271746 -17.04828 -0.8330614 80.12646
508 -18.5674506524518 -10.556486534102524 79.68771443442945 -17.00912 -0.8053784 78.68382
509 -18.592769061371335 -10.562959982231357 78.2312022289913 -16.97362 -0.7771295 77.22778
510 -18.60481027895149 -10.552746125220098 76.76032584937042 -16.9389 -0.7478602 75.75752
511 -18.6224721521826 -10.559364894425125 75.2866079144151 -16.90538 -0.7187593 74.28435
512 -18.650246097410353 -10.570387927984687 73.81062131696127 -16.87364 -0.688618 72.80871
513 -18.73615705049536 -10.612246209704443 72.33895071199841 -16.84487 -0.6588975 71.33452
514 -18.785716762820982 -10.616769278003735 70.86659804178348 -16.82112 -0.6266962 69.86187
515 -18.81361025258368 -10.641421204174742 69.39866329658355 -16.79851 -0.5936207 68.39401
516 -18.868236275210162 -10.678083976283263 67.93027410974084 -16.77917 -0.561778 66.92462
517 -18.937014134185166 -10.691757037434279 66.46379408350928 -16.76019 -0.5300473 65.45693
518 -18.961282365867273 -10.7456535267045 64.99481869571295 -16.74127 -0.4983233 63.98723
519 -19.02166036769502 -10.780319316550985 63.53132757295805 -16.72374 -0.4662392 62.52254
520 -19.09756001450976 -10.803899084382763 62.0697852909586 -16.70738 -0.4342216 61.05928
521 -19.2005757251673 -10.813414741273732 60.602239575728014 -16.69261 -0.4028967 59.5885
522 -19.2754702553128 -10.866263686435218 59.134673944852864 -16.67728 -0.3696661 58.11853
523 -19.334265983849935 -10.894430335985893 57.66801172661784 -16.66067 -0.331875 56.651
524 -19.41031127841228 -10.937154045693665 56.20753415491771 -16.64289 -0.2928006 55.18855
525 -19.438802701683404 -10.977683668871428 54.75439801749784 -16.62286 -0.2553499 53.73519
526 -19.482976716806025 -11.004253693884483 53.296653959466376 -16.60088 -0.2238776 52.27704
527 -19.606499276531704 -11.013372876444768 51.8451610616428 -16.57777 -0.1950878 50.82074
528 -19.62271497794591 -11.06842842271538 50.39192109409604 -16.55446 -0.1667537 49.36683
529 -19.713040387248398 -11.086944800156452 48.9388908177178 -16.53154 -0.1361189 47.91138
530 -19.745364968778766 -11.131790101131434 47.489043323249085 -16.5059 -0.1018661 46.46111
531 -19.767888203976316 -11.174445708768955 46.04186896815805 -16.47825 -0.06682977 45.01382
532 -19.8247960638946 -11.207232240131383 44.60465722171481 -16.45171 -0.03390796 43.57573
533 -19.745626873790183 -11.260951846375388 43.168524269257446 -16.42535 -0.004286154 42.13696
534 -19.752805087689946 -11.262276169039804 41.72902812226032 -16.40183 0.02267275 40.69789
535 -19.800205940105926 -11.310999190854474 40.29406460123126 -16.38003 0.0513988 39.26177
536 -19.952069204979846 -11.310478165059488 38.864684675876525 -16.35679 0.08060552 37.82483
537 -19.963394934082096 -11.353617829875082 37.43684250890318 -16.33245 0.1118254 36.39684
538 -19.99806819399535 -11.394746601622614 36.01052322654123 -16.30758 0.1414094 34.97003
539 -20.03197418621585 -11.425290534832122 34.58515015098871 -16.28474 0.1706823 33.54441
540 -20.084075773873135 -11.474063007018874 33.16679303592869 -16.264 0.1998713 32.12471
541 -20.139946109676913 -11.502241338373254 31.750902607867427 -16.24608 0.2279988 30.70783
542 -20.168435579852236 -11.537306573789884 30.328136239558436 -16.22987 0.257281 29.28474
543 -20.23472092728897 -11.5806124424958 28.91281486740916 -16.21276 0.2860073 27.8676
544 -20.304892295838844 -11.622850596197543 27.50453948480264 -16.19488 0.3156601 26.45737
545 -20.346875986097885 -11.66185339674507 26.098046434192742 -16.17482 0.3455316 25.05017
546 -20.388817536345666 -11.690678183358001 24.694442994837974 -16.15363 0.3743586 23.6461
547 -20.41104982401798 -11.738657444149183 23.297279317075134 -16.13407 0.4041376 22.24839
548 -20.46155016662261 -11.764510714251124 21.90623523505807 -16.11623 0.4323654 20.85659
549 -20.528011391768114 -11.79229338736313 20.52367266123196 -16.10044 0.4615578 19.47255
550 -20.569391754834477 -11.823128661181427 19.140095558749724 -16.08658 0.4926781 18.08843
551 -20.61388574594719 -11.842117559976563 17.760514751658583 -16.07258 0.5236603 16.70842
552 -20.649077418187932 -11.894309824867017 16.38610755889528 -16.0573 0.5539333 15.33299
553 -20.722599107218524 -11.898913386608054 15.017001284598928 -16.04039 0.5822458 13.9623
554 -20.851118514300516 -11.888677079342969 13.655450338358252 -16.01956 0.6052059 12.59501
555 -20.874390786375518 -11.88553421571054 12.281834435477894 -15.99987 0.6277813 11.22152
556 -20.92044757708901 -11.912886461136411 10.913997954901568 -15.98184 0.653636 9.852998
557 -21.00173593006468 -11.92246803004551 9.550462844331141 -15.96753 0.6821976 8.487382
558 -21.111242207040814 -11.916073510613941 8.189916645581846 -15.95764 0.7126679 7.122797
559 -21.211412262592617 -11.899669839876713 6.834310811655532 -15.94956 0.7443265 5.763789
560 -21.225143295421013 -11.91917408309605 5.470571966626195 -15.93877 0.7787213 4.400318
561 -21.293253873382273 -11.960375107862413 4.11101807612904 -15.9259 0.8125999 3.038918
562 -21.36390915474547 -11.978219270198625 2.7496664571201777 -15.90918 0.8446651 1.676097
563 -21.440148220702053 -11.97958901325548 1.3841551028931502 -15.88963 0.8754178 0.3089439
564 -21.50267530553873 -11.990929128895234 0.013079211387534873 -15.87121 0.9045038 -1.063172
565 -21.567362247035803 -12.000913570012209 -1.359120743916844 -15.85397 0.9332548 -2.436523
566 -21.607879877412692 -12.0367259426916 -2.735480621561189 -15.83843 0.9601236 -3.813595
567 -21.634105834529567 -12.063913721117434 -4.114042076293254 -15.8232 0.9870965 -5.192326
568 -21.674840544929072 -12.086996976321684 -5.497738033867061 -15.80825 1.014088 -6.57647
569 -21.699614750677846 -12.095125755865249 -6.887441087613671 -15.79123 1.041956 -7.966034
570 -21.738120413821715 -12.098350908482292 -8.278414853571338 -15.7739 1.070725 -9.357139
571 -21.71227610768448 -12.138138568450419 -9.676126145770318 -15.75586 1.10059 -10.75522
572 -21.772950271951117 -12.15509469721838 -11.069823924970944 -15.73852 1.129671 -12.14993
573 -21.787393875229945 -12.19346826746702 -12.46717362759792 -15.72233 1.159922 -13.54746
574 -21.829991907696424 -12.221703372560919 -13.870206273323001 -15.70577 1.188722 -14.95103
575 -21.89373497023703 -12.240513467301684 -15.27706292863469 -15.6909 1.214563 -16.35914
576 -21.98492977835078 -12.241862829248756 -16.679609226863892 -15.67519 1.238904 -17.76435
577 -22.02575808420048 -12.258242259144588 -18.088304731362197 -15.65947 1.258378 -19.17351
578 -22.15422418061574 -12.241129999251102 -19.493222133748958 -15.64353 1.279114 -20.58415
579 -22.16665421144931 -12.241725587663455 -20.913141765760546 -15.62986 1.298206 -22.00393
580 -22.299703686504238 -12.201747735108377 -22.327013053706054 -15.61782 1.320134 -23.42439
581 -22.385720222034255 -12.216035450445919 -23.74520980863354 -15.60601 1.342475 -24.84504
582 -22.425014935563343 -12.235566353682788 -25.16755149903582 -15.59027 1.362532 -26.26783
583 -22.433646626345258 -12.27302598203484 -26.587411393797968 -15.57331 1.381668 -27.68798
584 -22.56032286418849 -12.267678291295306 -28.00941534578602 -15.55401 1.401278 -29.11536
585 -22.64811920645723 -12.225999782474268 -29.438866916124343 -15.53676 1.423844 -30.54783
586 -22.68321315168538 -12.259146661437496 -30.863643167374804 -15.5214 1.450596 -31.97309
587 -22.755188614206162 -12.261023816493932 -32.285127171141575 -15.50772 1.474487 -33.39613
588 -22.823483973901592 -12.255926115259067 -33.707589435867845 -15.49326 1.496909 -34.81999
589 -22.855292460742156 -12.283758486857216 -35.13173082633164 -15.47662 1.519635 -36.24448
590 -22.83623372188614 -12.28486012476257 -36.55297786163238 -15.46088 1.542757 -37.66558
591 -22.92120628058191 -12.295665011421885 -37.96728056602666 -15.4441 1.566849 -39.08217
592 -22.954603586108206 -12.303192197737802 -39.384068721661 -15.42668 1.593713 -40.49901
593 -22.96196886533683 -12.351365170085566 -40.79847245181943 -15.40927 1.621146 -41.91388
594 -23.02308719787665 -12.378072040186485 -42.20594691049567 -15.39245 1.647343 -43.32259
595 -23.01421624929291 -12.428190868029475 -43.607374731801805 -15.37523 1.670185 -44.72465
596 -23.03436772902899 -12.453582295599805 -45.01301587821699 -15.35699 1.68978 -46.13041
597 -23.0360119007155 -12.48371604373933 -46.4205117107691 -15.33783 1.710257 -47.53795
598 -22.994419891706816 -12.487905451189345 -47.82626747613229 -15.3171 1.733637 -48.94398
599 -22.930211690963887 -12.493396317625836 -49.22775626029152 -15.29715 1.757778 -50.3466
600 -22.947337255951 -12.48612475203879 -50.62991011684999 -15.27696 1.78328 -51.7485
601 -22.923034135628754 -12.547352373764998 -52.03295979842558 -15.25676 1.808697 -53.15272
602 -22.921998679069084 -12.561461171541534 -53.428470326889986 -15.23749 1.833987 -54.54794
603 -22.951793075563952 -12.56601624458459 -54.830080617331696 -15.21771 1.859642 -55.9495
604 -22.96629881982267 -12.583346779066893 -56.23283223668526 -15.19945 1.883021 -57.35212
605 -23.020822509665788 -12.591857421852271 -57.631304890151995 -15.1841 1.905888 -58.75141
606 -22.973855237980477 -12.61732730099018 -59.029806530541144 -15.17008 1.927806 -60.15069
607 -23.005764718562602 -12.629968691706049 -60.42828042695601 -15.15697 1.949198 -61.54936
608 -23.008411080169484 -12.65388593965957 -61.830429361670355 -15.14226 1.969588 -62.95149
609 -23.128218055817996 -12.640985646412474 -63.22472275886626 -15.12801 1.98995 -64.35076
610 -23.12136072502614 -12.653102497825222 -64.62485786617778 -15.11338 2.0103 -65.75074
611 -23.16037773868917 -12.650408376228802 -66.0203147276947 -15.10121 2.031551 -67.14653
612 -23.205055993506992 -12.637877505111343 -67.41198248916346 -15.09141 2.052437 -68.53878
613 -23.189007990932424 -12.671698188263495 -68.80747218106859 -15.08303 2.071234 -69.93462
614 -23.32670062589481 -12.677820677935523 -70.18937543414869 -15.07453 2.08736 -71.32326
615 -23.336466962913434 -12.672155743164359 -71.57458278323988 -15.06438 2.102811 -72.70839
616 -23.40856328543928 -12.676349121969656 -72.95969491070554 -15.05383 2.117081 -74.09527
617 -23.55476087711523 -12.664413698312519 -74.33296178346345 -15.04316 2.130723 -75.47624
618 -23.592177931034893 -12.685179265930778 -75.71262405758652 -15.03084 2.146554 -76.85642
619 -23.704138838588744 -12.659054466903294 -77.07800874627009 -15.01678 2.16346 -78.22646
620 -23.803188329681447 -12.68344364933544 -78.44120991281285 -14.99833 2.179823 -79.59325
621 -23.812563470002345 -12.720436676364203 -79.8012052016783 -14.9793 2.191194 -80.9536
622 -23.86740224917481 -12.734243504512223 -81.1638896891439 -14.95957 2.200916 -82.31728
623 -23.877667946199466 -12.73413760722028 -82.52729031495987 -14.94128 2.214391 -83.68053
624 -23.965763800270825 -12.746416807760868 -83.87900997234209 -14.92467 2.232509 -85.03495
625 -24.002689408876922 -12.765419074909694 -85.22765648503113 -14.90817 2.250863 -86.38401
626 -24.034473374912217 -12.77532420622314 -86.57018040834748 -14.89187 2.268643 -87.72673
627 -24.05310593142017 -12.825694771856922 -87.91296596391462 -14.87398 2.282365 -89.0704
628 -24.095632912696757 -12.85122879311661 -89.24984930519979 -14.85657 2.296993 -90.40801
629 -24.142892006554607 -12.844521813008956 -90.58229307821483 -14.83919 2.311152 -91.74112
630 -24.216895339682686 -12.85469512443153 -91.91597937039363 -14.82426 2.326927 -93.07672
631 -24.225480132590725 -12.859945717020137 -93.23976019898015 -14.81076 2.341502 -94.40039
632 -24.34850679559721 -12.83725889547999 -94.55797060070739 -14.79798 2.357904 -95.72436
633 -24.396902465080842 -12.851697694729449 -95.8783008384784 -14.78703 2.374193 -97.04551
634 -24.44760208156888 -12.878289470301231 -97.19509561263303 -14.77603 2.389834 -98.36341
635 -24.45071296741728 -12.894230901072872 -98.50833949453585 -14.76703 2.407843 -99.6766
636 -24.479928127958242 -12.887290867709481 -99.81536069153019 -14.75854 2.426874 -100.9838
637 -24.626578990023788 -12.845986070217286 -101.11308273497731 -14.75176 2.444391 -102.2903
638 -24.712162649845215 -12.84289788231068 -102.41271497186244 -14.7441 2.462669 -103.5926
639 -24.778933929266607 -12.836235285232076 -103.71050959878944 -14.7396 2.480363 -104.892
640 -24.728357252081352 -12.847860408727508 -105.00340400350842 -14.73425 2.498308 -106.1858
641 -24.732257911574752 -12.826038442750365 -106.29032567852887 -14.73066 2.514949 -107.4728
642 -24.83324090393295 -12.810872301916811 -107.57647622167015 -14.72824 2.530663 -108.7629
643 -24.875789808174726 -12.810821613899066 -108.85887988253812 -14.72729 2.547386 -110.0459
644 -24.91354188906932 -12.815179173750106 -110.14162182076119 -14.72555 2.56369 -111.3291
645 -24.981548321663684 -12.807115739914527 -111.41621715110317 -14.72479 2.582153 -112.6054
646 -24.95003215099843 -12.860988391511702 -112.68651947371676 -14.72153 2.600374 -113.8771
647 -24.99463324773389 -12.879063926996986 -113.95632130825116 -14.7196 2.617244 -115.1477
648 -25.07950388036208 -12.900336103628476 -115.21680329700891 -14.7178 2.634202 -116.4111
649 -25.213626390910772 -12.887332234529389 -116.46767862884721 -14.71582 2.650909 -117.6691
650 -25.220750386484067 -12.894799614143368 -117.72245332048901 -14.71284 2.667793 -118.9238
651 -25.273059460761647 -12.898162949460724 -118.9710848879739 -14.70983 2.685657 -120.1734
652 -25.275380249398435 -12.929378524941846 -120.21153129520135 -14.70566 2.703911 -121.4141
653 -25.34978008045845 -12.910058159127457 -121.4400362353229 -14.70294 2.719941 -122.6449
654 -25.34062344126995 -12.900161984010223 -122.66226858903508 -14.70054 2.735913 -123.8671
655 -25.42908010817921 -12.905976684638665 -123.8735303313253 -14.69881 2.751503 -125.0815
656 -25.460613107883145 -12.934967149966814 -125.0784794869969 -14.6983 2.767801 -126.2871
657 -25.513004254280627 -12.92583812071952 -126.27551965650008 -14.69852 2.784821 -127.4852
658 -25.55172877074814 -12.933322357039525 -127.46018214476712 -14.70118 2.801395 -128.6704
659 -25.566626896105895 -12.956646811984987 -128.6348773959784 -14.70614 2.817529 -129.8453
660 -25.587847401062625 -12.949398171908921 -129.79838292967193 -14.71233 2.833172 -131.0089
661 -25.58898452308626 -12.967358242106659 -130.95156599367044 -14.71896 2.848691 -132.1621
662 -25.62344530472534 -12.966383264193304 -132.08866191539863 -14.72488 2.863999 -133.2996
663 -25.663435285229802 -12.983215205433607 -133.20577003310135 -14.73334 2.880267 -134.4174
664 -25.719039042426814 -12.99914372735842 -134.30098938442367 -14.74314 2.895211 -135.514
665 -25.798413975637153 -12.995161800080886 -135.378415710795 -14.74619 2.913166 -136.5942
666 -25.87720186547463 -13.001194467612274 -136.43560192365743 -14.75233 2.928943 -137.6542
667 -25.908685759113865 -13.017573431630687 -137.46786312384032 -14.75847 2.946711 -138.6869
668 -25.952425129602695 -13.05914484183697 -138.4750374561342 -14.76466 2.964758 -139.6957
669 -26.015208346937847 -13.053972756872074 -139.4537638978426 -14.77357 2.979529 -140.6763
670 -26.037138514861834 -13.079472815492663 -140.4081369775521 -14.78487 2.993256 -141.6311
671 -26.040252725475316 -13.110192718919652 -141.33290579169412 -14.79743 3.006784 -142.5562
672 -26.06617749787133 -13.148443761314372 -142.22787897518788 -14.80845 3.020005 -143.4522
673 -26.112466951190264 -13.154138682444882 -143.09567413411293 -14.81802 3.032842 -144.3211
674 -26.145688925321316 -13.187700188892531 -143.92833720663674 -14.8233 3.044707 -145.155
675 -26.192375809503407 -13.199796945288423 -144.73528417165122 -14.81877 3.055661 -145.9633
676 -26.24224777009286 -13.224111831923143 -145.51486297993418 -14.79757 3.065594 -146.7445
677 -26.341861315225913 -13.180558407528913 -146.26295574195677 -14.75456 3.071965 -147.4992
678 -26.28193599758936 -13.202699948484444 -146.98851673343253 -14.68816 3.079106 -148.2245
679 -26.221788254122146 -13.21603512714955 -147.6929687692978 -14.59929 3.086043 -148.926
680 -26.104246344300524 -13.187068844607579 -148.35931639942805 -14.49202 3.08883 -149.5947
681 -26.037270304885535 -13.17982279912117 -148.99890912952597 -14.3642 3.087775 -150.225
682 -25.969575248010248 -13.203925423623868 -149.62175443711985 -14.21312 3.08933 -150.8335
683 -25.783104986395895 -13.236620587984726 -150.20046243262786 -14.03648 3.090778 -151.4162
684 -25.59573092370241 -13.252138665118027 -150.74015753350687 -13.83342 3.086577 -151.9504
685 -25.35423400185337 -13.280188032077 -151.2585811940777 -13.60854 3.07671 -152.4769
686 -25.12930660986769 -13.301507069787851 -151.74312817463334 -13.36041 3.06086 -152.9502
687 -24.902557374349545 -13.316538296801017 -152.2434450510291 -13.08243 3.04676 -153.424
688 -24.653256404935046 -13.314233991536067 -152.72715052013427 -12.77723 3.032264 -153.8743
689 -24.28793238568329 -13.362659874275048 -153.08522339215853 -12.44653 3.015235 -154.2672
690 -23.97956876849004 -13.40091557738019 -153.51890331908095 -12.0933 2.992923 -154.6664
691 -23.625859412839517 -13.45983729474742 -153.90383106875976 -11.71655 2.969218 -155.0328
692 -23.274227783763028 -13.463085513542138 -154.25664255335693 -11.31815 2.947184 -155.331
693 -22.837902536300053 -13.482596074871495 -154.526987717634 -10.90107 2.926439 -155.6301
694 -22.435122246899233 -13.464978314703984 -154.80746907311575 -10.46589 2.901563 -155.8564
695 -21.940946139972564 -13.503181523594913 -154.87646894103764 -10.02043 2.872763 -156.0826
696 -21.564964777562544 -13.616582262839986 -155.17673966394779 -9.567123 2.844586 -156.2778
697 -21.10858338164381 -13.646849359545143 -155.31958752405532 -9.106293 2.815747 -156.4059
698 -20.627950920749324 -13.632509888834946 -155.3727295108385 -8.642035 2.787238 -156.5389
699 -20.169306983787223 -13.653163656143061 -155.50749421065592 -8.174402 2.7555 -156.6351
700 -19.694691990315174 -13.668571535320718 -155.46300378135058 -7.699412 2.722687 -156.6631
701 -19.22326584151771 -13.681234930321239 -155.37455591473386 -7.221458 2.690343 -156.6903
702 -18.74235637805979 -13.683826976355359 -155.46597849487122 -6.734167 2.665011 -156.651
703 -18.25243460211725 -13.72253574291273 -155.43021532975797 -6.24316 2.64127 -156.6171
704 -17.761321517270567 -13.792863059237389 -155.38760979677286 -5.751237 2.615199 -156.5444
705 -17.25137389090626 -13.796948216455927 -155.33671095670837 -5.261917 2.593307 -156.3936
706 -16.76571541085485 -13.844932044409646 -155.20249115528526 -4.779011 2.569364 -156.2439
707 -16.28336208122257 -13.914328125517388 -155.01474355671863 -4.305429 2.552946 -156.0244
708 -15.801024637663883 -13.940018496820038 -154.83615723177573 -3.838336 2.542408 -155.8078
709 -15.342272986118527 -13.990370872724652 -154.57965338553916 -3.375344 2.534833 -155.5541
710 -14.839928047138967 -13.978326130284092 -154.3272930547061 -2.922418 2.530704 -155.2209
711 -14.372595365134925 -13.996397254460963 -154.03460725715712 -2.480572 2.522617 -154.8906
712 -13.908246459247458 -13.981845009225777 -153.67638749187228 -2.057963 2.510377 -154.4839
713 -13.459022844868691 -13.971895817053706 -153.32278608808602 -1.653879 2.499815 -154.0795
714 -13.06608144137454 -13.984147475810996 -152.89024535101524 -1.268487 2.493093 -153.6401
715 -12.667497568465489 -13.993792356860714 -152.41351647689515 -0.8983582 2.487045 -153.1409
716 -12.245262585055755 -14.012442787551935 -151.96573099783038 -0.5510777 2.478814 -152.6325
717 -11.931552554107007 -14.06551027199202 -151.38991701181098 -0.2261366 2.467171 -152.0606
718 -11.60624472509811 -14.123298781510499 -150.83577846930203 0.06230717 2.456904 -151.4836
719 -11.290433552099955 -14.198804775185936 -150.26343108992205 0.323482 2.446327 -150.8797
720 -11.041959101233454 -14.238035860017119 -149.60846593357164 0.5523554 2.433161 -150.2166
721 -10.776948860366044 -14.285074176404535 -148.96745216908315 0.7484821 2.422189 -149.5497
722 -10.606807493416188 -14.31674346374986 -148.25770787892958 0.9129124 2.410623 -148.838
723 -10.46847224681832 -14.351003723449617 -147.53354264061946 1.04825 2.40293 -148.1125
724 -10.306807604197212 -14.362898419118086 -146.77787392020875 1.163229 2.393425 -147.3483
725 -10.16905683300429 -14.411188426887936 -146.00333996902305 1.265054 2.383452 -146.5668
726 -10.039547862234057 -14.457526790315525 -145.20430515891158 1.348496 2.371923 -145.7604
727 -9.983648113101022 -14.501073106087203 -144.3714238702458 1.40767 2.359471 -144.9267
728 -9.921302487898885 -14.527767944424442 -143.5203224521643 1.44478 2.346915 -144.0738
729 -9.943931328756173 -14.589223012824053 -142.646357838536 1.463451 2.332663 -143.1977
730 -9.908531844515526 -14.646551412744117 -141.75428718497875 1.469675 2.319985 -142.3032
731 -9.896222946890985 -14.68122135622721 -140.8384173213692 1.468738 2.305914 -141.3867
732 -9.832079745675784 -14.723601910083271 -139.9056573185444 1.471319 2.290968 -140.4509
733 -9.775346744272245 -14.777676183796512 -138.95008900582255 1.479967 2.274698 -139.4923
734 -9.80296000136514 -14.840603917624279 -137.97545538585655 1.489345 2.260154 -138.5154
735 -9.778426588692595 -14.891962736992395 -136.9796401003579 1.499366 2.246738 -137.5181
736 -9.737234930242314 -14.942835295164103 -135.9680611363041 1.504842 2.234017 -136.5045
737 -9.679352775998314 -14.98927319675218 -134.93964180198557 1.505414 2.220167 -135.4735
738 -9.680271015496793 -15.048060073257142 -133.88958642487586 1.504501 2.205688 -134.4219
739 -9.626299664134182 -15.071858983947534 -132.8210004878254 1.503329 2.190202 -133.3518
740 -9.575074346054961 -15.115360954450695 -131.73598750080725 1.501627 2.17614 -132.2648
741 -9.552208222699225 -15.166936777588157 -130.63280150357906 1.49856 2.159629 -131.1603
742 -9.50660191211241 -15.216454966773949 -129.5134002547811 1.49165 2.144473 -130.039
743 -9.507822587879529 -15.289079560886167 -128.37616275096727 1.48238 2.128143 -128.8996
744 -9.504375744447355 -15.343285641448453 -127.22174885858837 1.470024 2.111152 -127.7441
745 -9.43697226381043 -15.414439248835524 -126.05796454541182 1.458443 2.092643 -126.5764
746 -9.50293753389238 -15.512683240477372 -124.87557285708121 1.447721 2.073753 -125.3883
747 -9.447609106212779 -15.564568573689076 -123.67444707827326 1.436723 2.053638 -124.185
748 -9.408200650302648 -15.625543330224035 -122.45678585835111 1.426398 2.032685 -122.9654
749 -9.351500821026287 -15.677428964230435 -121.22794735335063 1.41804 2.009877 -121.7344
750 -9.307439858144754 -15.724476489332316 -119.98664917070887 1.413177 1.9844 -120.4917
751 -9.300297361118306 -15.768654317112867 -118.72693727049763 1.410381 1.956743 -119.2315
752 -9.240947464001328 -15.837626907847937 -117.44923114926767 1.407398 1.927293 -117.9509
753 -9.214349264428995 -15.893772277944224 -116.15666834195336 1.405768 1.897027 -116.6572
754 -9.314623237518942 -15.942094546496069 -114.85209501173395 1.402662 1.864276 -115.3483
755 -9.288937353326522 -16.020369029227673 -113.5350622581525 1.396732 1.832056 -114.0291
756 -9.23753752348743 -16.139908108330506 -112.20688957277767 1.385028 1.800206 -112.695
757 -9.247803100498798 -16.22747318072915 -110.85477978376998 1.369687 1.767521 -111.3405
758 -9.259076155413052 -16.318364669668814 -109.48942679824528 1.351798 1.734254 -109.9726
759 -9.210646936311846 -16.401184611622572 -108.11238502888531 1.330549 1.700357 -108.5928
760 -9.12374052899876 -16.450180723552975 -106.72291918095503 1.30829 1.668467 -107.2003
761 -9.104146092068158 -16.539920616012353 -105.31614381015991 1.284827 1.635925 -105.7911
762 -9.033942110460844 -16.606583356818575 -103.89560308458931 1.259616 1.601652 -104.3679
763 -9.03029143821704 -16.68777888760531 -102.4613447361397 1.230259 1.565326 -102.9321
764 -9.02008182949566 -16.784449191908042 -101.01049897652022 1.202212 1.530047 -101.4787
765 -9.00044610048049 -16.842514387147574 -99.5399275792624 1.170075 1.495851 -100.0076
766 -8.961751105405112 -16.878015389670438 -98.06174744340683 1.142136 1.46328 -98.52911
767 -8.861324206724913 -16.920513899523137 -96.56212723500079 1.115543 1.436157 -97.02601
768 -8.881910674978728 -16.998193629636923 -95.05352281874572 1.089274 1.41068 -95.51571
769 -8.85506779092563 -17.054582650736585 -93.54103130349411 1.062982 1.390693 -94.00229
770 -8.761482576476048 -17.13473839317332 -92.03488750425485 1.036568 1.374673 -92.49143
771 -8.687599901055865 -17.20112087898364 -90.52868160958063 1.009148 1.361424 -90.98226
772 -8.636275838367034 -17.259234976513355 -89.02425465593436 0.984734 1.348472 -89.47609
773 -8.533359453091236 -17.26500233575419 -87.52468029600762 0.9616474 1.333401 -87.97323
774 -8.523500906661654 -17.3411517200851 -86.020057622397 0.9399983 1.316473 -86.4669
775 -8.483207431395162 -17.402551579522687 -84.5219416073443 0.9191412 1.298308 -84.96724
776 -8.406296669851091 -17.479144071298204 -83.01275401182284 0.8995469 1.282847 -83.45436
777 -8.384036644043395 -17.564785916729864 -81.51034055376132 0.8834484 1.268237 -81.9495
778 -8.297141304734506 -17.627167064121195 -80.01002903280657 0.8679533 1.25271 -80.44554
779 -8.204590322102964 -17.68490358679296 -78.5106613856414 0.8520469 1.234831 -78.9424
780 -8.1533939129143 -17.741567628861937 -77.00966273879304 0.8381739 1.219714 -77.4396
781 -8.110249172267986 -17.805711423175683 -75.5063903886149 0.8255732 1.207956 -75.93444
782 -8.02354232825102 -17.848580584708195 -74.0069922551196 0.8134235 1.199179 -74.432
783 -8.004418199732493 -17.855828721152392 -72.51140247259549 0.8003155 1.189369 -72.93636
784 -7.949839775591094 -17.915022899174932 -71.02044404426748 0.7849788 1.176896 -71.44336
785 -7.897335148210582 -17.966867952421698 -69.53467733108923 0.763954 1.1606 -69.956
786 -7.822602071886844 -18.017331520017812 -68.04379324377247 0.7450432 1.144297 -68.4626
787 -7.788370723138845 -18.11978768378483 -66.55621317156344 0.7252411 1.128317 -66.97132
788 -7.7287107183172115 -18.217069511613317 -65.07824068246912 0.710763 1.111896 -65.48911
789 -7.639839098550787 -18.26951111346479 -63.59770068899323 0.6946295 1.096104 -64.00515
790 -7.640440457246598 -18.37233311199318 -62.12145994809151 0.6777408 1.080622 -62.52551
791 -7.573929742085556 -18.415081765944713 -60.643243041260675 0.6587746 1.067484 -61.04536
792 -7.595111912482228 -18.519612222428066 -59.177053024678116 0.6370383 1.049226 -59.57557
793 -7.539899218540177 -18.59654775236461 -57.7076901886296 0.6135026 1.030981 -58.10346
794 -7.484020973001095 -18.6504578121143 -56.233551641729576 0.5856644 1.015669 -56.62762
795 -7.417528601572488 -18.71128274984275 -54.768990337171445 0.5571177 1.005763 -55.1606
796 -7.41007233212706 -18.748769335157732 -53.306531192213306 0.5253982 0.9957028 -53.69802
797 -7.366171694262977 -18.821245595495892 -51.847196008454134 0.4907091 0.9846881 -52.23668
798 -7.348379854857913 -18.874323989831613 -50.38965606184569 0.4561315 0.9709516 -50.77854
799 -7.342089308537053 -18.935070658375903 -48.934824395679435 0.4235407 0.9558653 -49.32287
800 -7.305590550271464 -19.009365844787578 -47.48329313788081 0.3928533 0.9391869 -47.8694
801 -7.240582138728641 -19.088264840263108 -46.035052330518695 0.3621644 0.9230089 -46.41797
802 -7.193116812517117 -19.157534385041313 -44.5875651690605 0.3335672 0.9069681 -44.96842
803 -7.167310891082162 -19.225186396902785 -43.14622165255855 0.3070324 0.8911135 -43.52559
804 -7.215543439668441 -19.323007953370457 -41.70354291133817 0.2806278 0.8754699 -42.07912
805 -7.176312723345811 -19.386990901280758 -40.262608189946484 0.254373 0.8594365 -40.63656
806 -7.132562080276643 -19.422214474499928 -38.82398781811091 0.2281179 0.8436096 -39.19717
807 -7.076401975932014 -19.468112234702232 -37.39083509541286 0.202969 0.8253285 -37.76252
808 -7.024058098307155 -19.5185877785602 -35.957772307057844 0.1777994 0.806336 -36.32796
809 -6.969369665830022 -19.569473056728693 -34.52650103319604 0.1537249 0.7865138 -34.89508
810 -6.9655831245577735 -19.63495295754687 -33.096463461114055 0.132669 0.7682861 -33.46381
811 -6.916887970338022 -19.703546108555365 -31.67095268234024 0.1133742 0.7522313 -32.03604
812 -6.897479051899277 -19.780646403263663 -30.250906622930643 0.09746084 0.735284 -30.61396
813 -6.868989532616587 -19.8777012055803 -28.834368164506554 0.0848288 0.7168959 -29.19399
814 -6.745538835469774 -19.903257180642335 -27.42334812501179 0.07224084 0.6980984 -27.77753
815 -6.652607498558155 -19.968094303770794 -26.006119736034275 0.06062565 0.6785993 -26.35596
816 -6.607468332628013 -20.05557353278105 -24.601120249298468 0.05256871 0.6586934 -24.94768
817 -6.576082073974764 -20.11739234780575 -23.198309394037278 0.04390241 0.6329309 -23.54342
818 -6.505006832642045 -20.17621696046349 -21.797461363990845 0.03720921 0.6021743 -22.13989
819 -6.427603421155174 -20.247502280499614 -20.399474519087036 0.03232865 0.5653751 -20.73844
820 -6.378930919942354 -20.326546713122926 -19.004287048461293 0.02925888 0.5295576 -19.34063
821 -6.310944364458001 -20.403424623664844 -17.610654493123093 0.02669736 0.4947389 -17.94366
822 -6.257424827395762 -20.48666455638983 -16.220397786783852 0.02516131 0.4624741 -16.55026
823 -6.167880491973971 -20.522541716131347 -14.839290070233242 0.02416042 0.4312538 -15.16614
824 -6.140799355207485 -20.54317644680464 -13.45577716236636 0.02354535 0.3987551 -13.78259
825 -6.083664162737135 -20.594746057465635 -12.078789653456758 0.02158789 0.3670075 -12.40382
826 -6.001999079733839 -20.669487806329528 -10.706396463677587 0.01528089 0.3343854 -11.02737
827 -5.9531751435808635 -20.73536978346222 -9.335810344807129 0.008955879 0.3016035 -9.654739
828 -5.90982142919477 -20.791951128214315 -7.9677029710793335 -0.0005365659 0.2716196 -8.285137
829 -5.795026809683504 -20.890430971575274 -6.604697984679007 -0.009785478 0.2414501 -6.914129
830 -5.72018738849776 -20.977135254642594 -5.243024917804323 -0.0204447 0.2108318 -5.548032
831 -5.6248500942484325 -21.030081372430864 -3.882280092398669 -0.0311414 0.1812868 -4.183286
832 -5.54328638828588 -21.11260270663203 -2.521961969250765 -0.04437224 0.1473329 -2.818515
833 -5.459040354885507 -21.1893044106647 -1.1640251474286687 -0.05789727 0.1134699 -1.456295
834 -5.431938316949119 -21.255709713970724 0.2002240269794182 -0.07289734 0.07816926 -0.09070031
835 -5.393425162556603 -21.32518236636602 1.5584963901584747 -0.08864261 0.04590358 1.269419
836 -5.276834605740403 -21.391570534032688 2.9119547046016385 -0.1031707 0.0117715 2.629005
837 -5.186617803088576 -21.49089379077586 4.264799147709391 -0.1175645 -0.02016324 3.988036
838 -5.128784812731393 -21.565828853086188 5.618040003277731 -0.1318827 -0.0534628 5.344099
839 -5.030148143776148 -21.64410967525611 6.9730306692191455 -0.1458828 -0.08812058 6.704415
840 -4.945616999810017 -21.72437767207288 8.323933606112185 -0.1601769 -0.1221722 8.059835
841 -4.840295042830114 -21.812659908625694 9.673484934559081 -0.175095 -0.1546373 9.415895
842 -4.761087570918683 -21.876731356855977 11.025327053214871 -0.1926087 -0.1870422 10.77107
843 -4.726133238833986 -21.949461110879202 12.375527260161816 -0.2081545 -0.2207459 12.12317
844 -4.649786194916821 -21.98126198696358 13.727637514056516 -0.223104 -0.2534493 13.47733
845 -4.564499618735385 -22.06204390014084 15.076049588450882 -0.235533 -0.2892015 14.83032
846 -4.39797802621382 -22.106816597562972 16.416111216596892 -0.2482197 -0.3237106 16.18093
847 -4.323137993782962 -22.19259072534035 17.76442785292225 -0.2588532 -0.3582793 17.53356
848 -4.2762235127798 -22.290098739123916 19.11009045195157 -0.2709142 -0.3936047 18.88305
849 -4.146955749378741 -22.36060018915117 20.452798985286456 -0.2833573 -0.4284891 20.2333
850 -4.16647507624978 -22.45564140942109 21.79665521297725 -0.2952092 -0.463001 21.58016
851 -4.041730831470704 -22.533134683766992 23.135490115025963 -0.3094675 -0.4966128 22.92653
852 -3.963617788525407 -22.668517032649824 24.47346532860212 -0.3233764 -0.5315032 24.27308
853 -3.8684171338990114 -22.749119189784178 25.80860599140182 -0.3380715 -0.5652421 25.61353
854 -3.792499022151026 -22.827996167403512 27.14600980914557 -0.3534582 -0.5991642 26.95489
855 -3.7443064625862053 -22.91873207463768 28.48067843604546 -0.3674572 -0.630802 28.29306
856 -3.6172805510302553 -22.996963128439152 29.803517475897774 -0.3836725 -0.6611411 29.62384
857 -3.503573932727684 -23.087714162996658 31.123027749828122 -0.3976799 -0.6925713 30.9509
858 -3.402822176208547 -23.171255713681532 32.44863383077943 -0.4139985 -0.7240355 32.28248
859 -3.284597985013762 -23.24221938345601 33.76593257367506 -0.4270073 -0.7566562 33.60651
860 -3.1987476699377657 -23.340322964409975 35.080334322663404 -0.4397568 -0.7887161 34.92691
861 -3.100329956483644 -23.397836214058472 36.392281126189445 -0.4515375 -0.8206355 36.24336
862 -2.976114432724246 -23.508557651769795 37.693702316319204 -0.4615286 -0.8517037 37.55497
863 -2.9204270507931094 -23.60631807101432 39.000820376232404 -0.4718552 -0.882457 38.86652
864 -2.8519714477276374 -23.67360588815289 40.30492136243896 -0.4839122 -0.9115305 40.17377
865 -2.767882149354991 -23.738078400947987 41.6073969196665 -0.4974895 -0.9403596 41.48016
866 -2.6930806769548856 -23.84391065926684 42.899597545161235 -0.5125043 -0.9685698 42.77845
867 -2.626576617401146 -23.922786085913373 44.19353204736254 -0.5346231 -0.9956525 44.07602
868 -2.5676920124777345 -24.004443863030723 45.487148994474985 -0.5552041 -1.019285 45.37317
869 -2.4905398608628837 -24.081204633412312 46.77985342170236 -0.5782583 -1.038533 46.6701
870 -2.336745075215747 -24.155518617240357 48.059787631332 -0.5999916 -1.053627 47.96111
871 -2.1713150046754826 -24.211893429692346 49.33648208328632 -0.6230983 -1.066505 49.24944
872 -2.1124155227432144 -24.288788837276517 50.61124999967085 -0.6456359 -1.075808 50.52765
873 -2.0230739686996158 -24.373206478573817 51.888474099516245 -0.6740058 -1.087279 51.81041
874 -1.9804337310097486 -24.45660386483442 53.1622240083217 -0.7020633 -1.100738 53.08722
875 -1.8902191720651544 -24.53018761032445 54.43099490892435 -0.7311397 -1.115793 54.3609
876 -1.7817634481843716 -24.629128821118677 55.69152634459421 -0.7624769 -1.130431 55.62948
877 -1.6364679347346212 -24.695755466829404 56.95401617241667 -0.7942812 -1.144783 56.90157
878 -1.5888980275081706 -24.79373222758184 58.2191260660422 -0.8268987 -1.159941 58.17085
879 -1.5168213511804678 -24.872685122154852 59.47834002989565 -0.8597866 -1.174664 59.43408
880 -1.4368725269474847 -24.963364860322333 60.73365541442723 -0.8950914 -1.188757 60.69463
881 -1.4000147724163239 -25.05092692988334 61.98526501201672 -0.9282884 -1.203865 61.94931
882 -1.3449524192626081 -25.137414070617904 63.23971729452626 -0.9621792 -1.218811 63.2074
883 -1.2956610933106638 -25.21845611268076 64.4877027379425 -0.9961734 -1.23409 64.45843
884 -1.2379068610750623 -25.309901161787593 65.73537914187818 -1.031828 -1.250518 65.71017
885 -1.1142040088055492 -25.397831778155886 66.9702831077405 -1.068654 -1.267809 66.9537
886 -1.1344228717915157 -25.448746555632326 68.2075215432565 -1.107414 -1.284607 68.19143
887 -1.134738533924974 -25.561092068645554 69.44489044494276 -1.148265 -1.303043 69.43308
888 -1.0884643706551216 -25.651968946811994 70.67712477388689 -1.188155 -1.321203 70.66875
889 -1.0119969098770425 -25.720353633616856 71.9051078311954 -1.227083 -1.338073 71.90028
890 -0.9619957603773482 -25.798428136732248 73.1291030762699 -1.261385 -1.354666 73.12719
891 -0.8845942884611033 -25.864166206593236 74.33927860052998 -1.293464 -1.370635 74.34109
892 -0.8242346364064279 -25.94874211317908 75.53765917925864 -1.318225 -1.387753 75.54359
893 -0.7645451988044556 -26.023211431630564 76.71325798264061 -1.337076 -1.406295 76.72276
894 -0.7221025787116783 -26.108238899960835 77.87390653300072 -1.359396 -1.424263 77.88694
895 -0.6453843525120898 -26.172714537139885 79.02028210693108 -1.377966 -1.443308 79.03738
896 -0.6035996111776475 -26.250831846824433 80.13951370300235 -1.3923 -1.459771 80.1599
897 -0.5359930694366066 -26.308866029772133 81.24386975908455 -1.402951 -1.475612 81.26768
898 -0.4355972288102877 -26.39874815126859 82.33490749452235 -1.407266 -1.495464 82.36682
899 -0.32927849175807167 -26.498908069652124 83.42044773209304 -1.406566 -1.518542 83.4619
900 -0.2629023928073775 -26.588808297928804 84.51060755453601 -1.402636 -1.542197 84.55751
901 -0.17992076644052662 -26.67134859393885 85.60235585235384 -1.397294 -1.566145 85.65524
902 -0.09690905992350896 -26.744025478933523 86.69288605353701 -1.394094 -1.587213 86.75113
903 -0.03870276290081583 -26.8308071650653 87.773450315732 -1.391329 -1.608126 87.83653
904 0.07507395805657255 -26.896091570180815 88.84835291603675 -1.385563 -1.630039 88.91917
905 0.1516576376228279 -26.98869778074517 89.92087682225143 -1.3802 -1.654701 89.99811
906 0.24530018142716792 -27.06137614695344 90.99225865504876 -1.372397 -1.681009 91.07568
907 0.29501282059193634 -27.156179146374566 92.06115972303262 -1.363832 -1.705257 92.14962
908 0.3826967776828507 -27.228311031305356 93.12436679810416 -1.356111 -1.726171 93.21864
909 0.471833875209191 -27.289950624653546 94.18257429466685 -1.348852 -1.747689 94.28214
910 0.5898850146084511 -27.368104834639233 95.23587281124325 -1.343107 -1.769082 95.34468
911 0.6490266010158092 -27.429581395827213 96.28646742218828 -1.341283 -1.790649 96.39851
912 0.7292011757562701 -27.524712833843303 97.33288563604361 -1.346362 -1.812458 97.45206
913 0.7737529340735005 -27.573782378955645 98.38705970894111 -1.357998 -1.835038 98.50801
914 0.8955486927196643 -27.65788775061216 99.43923645236606 -1.375059 -1.861895 99.57007
915 1.0577938970945109 -27.713957106560517 100.49221198869436 -1.397412 -1.887691 100.6364
916 1.0666141187635174 -27.79874410346562 101.56342868171569 -1.426691 -1.913252 101.7103
917 1.1708754924573934 -27.936288375035687 102.62755074912465 -1.463118 -1.9392 102.7874
918 1.125892430814953 -28.062445619159067 103.70124656637526 -1.507808 -1.964419 103.8682
919 1.019431087250025 -28.15363260234906 104.78219352690942 -1.561792 -1.988222 104.9566
920 1.1864616135816535 -28.190368345189952 105.86429417134151 -1.62272 -2.010967 106.0502
921 1.153848281818422 -28.296232471871736 106.95808625970666 -1.686244 -2.034406 107.1475
922 1.2197223075297439 -28.381421737226315 108.058724315025 -1.748773 -2.056669 108.2514
923 1.3453254846744156 -28.460434617411615 109.16069382134945 -1.806035 -2.079756 109.3616
924 1.3619371019480957 -28.562152122803237 110.27777175256486 -1.855701 -2.102084 110.4821
925 1.4514912560469597 -28.64653363641273 111.39828997699033 -1.897032 -2.123092 111.6084
926 1.4753084581332858 -28.7267483072672 112.53104271023112 -1.928092 -2.145152 112.7436
927 1.545626973409872 -28.843094022633778 113.660785669691 -1.949092 -2.166434 113.8811
928 1.5753329534436018 -28.945749075014337 114.80123132729463 -1.958712 -2.18791 115.0263
929 1.5212858580111088 -29.07948230963707 115.94489123919703 -1.956136 -2.210288 116.1788
930 1.6619523879705465 -29.157439517276863 117.09670745375914 -1.940135 -2.235787 117.3414
931 1.735382497788204 -29.247317653952777 118.25770722459325 -1.913209 -2.261146 118.5076
932 1.9162784667889312 -29.33439288537472 119.41762402830682 -1.87627 -2.286958 119.6839
933 1.9443183575563177 -29.45553195851344 120.59412799847813 -1.83308 -2.31212 120.8659
934 2.112884227993842 -29.547458421666402 121.77006268804887 -1.781388 -2.338144 122.056
935 2.27345241897317 -29.6507627844006 122.95849261388325 -1.725066 -2.362701 123.2581
936 2.4651003506243887 -29.758140980733625 124.1478774452478 -1.665951 -2.387598 124.4659
937 2.647907686731404 -29.862730476270883 125.34915063962687 -1.602097 -2.410925 125.6836
938 2.773787330479905 -29.94366155770135 126.56836034539911 -1.529042 -2.432251 126.9096
939 2.9585760998091035 -30.03804603921355 127.78650783608629 -1.45419 -2.455779 128.1428
940 3.0807674440036936 -30.157572005778505 129.0211014219054 -1.374919 -2.480551 129.3864
941 3.2367045214793135 -30.250638205877614 130.26554415183892 -1.29261 -2.504395 130.6411
942 3.431973660822564 -30.378964625999 131.51607744375204 -1.212752 -2.530425 131.9105
943 3.6280679861182437 -30.466316106381395 132.77879446528252 -1.135332 -2.552624 133.1888
944 3.785784345856702 -30.539747758759408 134.06128884993646 -1.063477 -2.571936 134.4809
945 3.96942707114112 -30.63848164216002 135.34619998183445 -0.9982536 -2.593743 135.7808
946 4.1020308751020975 -30.722590247010636 136.64601320721974 -0.9419915 -2.613858 137.0887
947 4.234767651697269 -30.799337821413975 137.96337343080094 -0.8957984 -2.63369 138.414
948 4.355321429596132 -30.894970250982755 139.29021336153096 -0.86007 -2.654048 139.7491
949 4.456912729367363 -30.981032827266887 140.6261363605703 -0.8326782 -2.674907 141.0912
950 4.55513277064512 -31.07288552632329 141.97979256162535 -0.8166247 -2.693332 142.4513
951 4.6831528380142275 -31.192036286666173 143.3349024542643 -0.8082126 -2.711653 143.8175
952 4.792268965167404 -31.30012750528145 144.69979834270546 -0.8063071 -2.728963 145.1909
953 4.886130529413534 -31.41027509674561 146.07569129508596 -0.8107742 -2.750987 146.5742
954 5.015178325232337 -31.514615030911482 147.45394987715378 -0.8181994 -2.779541 147.9621
955 5.112575132343517 -31.620412305941013 148.85118215929774 -0.8311338 -2.811042 149.3663
956 5.226173466265801 -31.727471534426417 150.25586869035845 -0.8465134 -2.846681 150.7791
957 5.267189472527733 -31.85905537429224 151.67238339288852 -0.8636978 -2.884423 152.2017
958 5.3259741533363885 -31.98009578353934 153.094660041615 -0.8818614 -2.922677 153.6297
959 5.397949587342045 -32.10123650085875 154.5241610354181 -0.903141 -2.959476 155.0655
960 5.476119751202477 -32.22965622979937 155.9596283430133 -0.9252286 -2.995496 156.5082
961 5.560890641485704 -32.34107676630424 157.3942558130079 -0.9505879 -3.030265 157.949
962 5.6443325246999185 -32.429444058662796 158.8324791253205 -0.9765171 -3.064935 159.3917
963 5.718676368388409 -32.569458162252744 160.26440966300214 -1.007339 -3.096653 160.8317
964 5.753082042194192 -32.72628440937142 161.6958662353293 -1.039444 -3.129506 162.2714
965 5.843845617692095 -32.832275074348786 163.12730431754122 -1.075629 -3.162047 163.7088
966 5.817800921093593 -32.99462322520173 164.55466708888693 -1.112662 -3.196968 165.1447
967 5.945001252183242 -33.1057306493241 165.98164623982103 -1.150964 -3.232057 166.5807
968 6.000977371490854 -33.22630672489148 167.40992171888556 -1.188887 -3.267867 168.0142
969 6.027890547779824 -33.33310670209321 168.84691116867415 -1.225583 -3.303343 169.4545
970 6.10101175203859 -33.44900584841113 170.2743362225234 -1.262468 -3.337774 170.8876
971 6.199169790373945 -33.56453660558205 171.6989258556398 -1.297634 -3.371687 172.3194
972 6.273732710523057 -33.66532483920091 173.1215569696788 -1.333194 -3.40556 173.7467
973 6.325843781857162 -33.772991861529114 174.53943289875278 -1.366304 -3.44042 175.1688
974 6.3758777025920885 -33.89842830608761 175.95791050877466 -1.398479 -3.475354 176.5929
975 6.351752590495526 -34.048646648651484 177.36879437545034 -1.427528 -3.511715 178.0112
976 6.446181552523819 -34.17859494648075 178.77422274571845 -1.453391 -3.547073 179.4251
977 6.544264661757079 -34.27629672293567 180.18158873845337 -1.476326 -3.583634 180.8386
978 6.610806364117467 -34.3976525412977 181.58702061090491 -1.498241 -3.619675 182.2502
979 6.687529163166742 -34.5121687144048 182.991404112759 -1.51887 -3.652469 183.6608
980 6.76088529660772 -34.63344274398072 184.38544607550116 -1.539735 -3.680137 185.0616
981 6.820369236308726 -34.7576979575363 185.7730413107016 -1.559212 -3.708117 186.4556
982 6.863192033439929 -34.881613733951035 187.16017517592383 -1.576113 -3.742055 187.8484
983 6.936117120202767 -35.000525318452674 188.54710516124283 -1.590302 -3.777663 189.2418
984 7.058262866674085 -35.09339560493586 189.93170435416923 -1.603074 -3.811744 190.6344
985 7.128606993485706 -35.23202335780969 191.30956993178057 -1.613327 -3.843743 192.0206
986 7.206661067331545 -35.345927091990575 192.68324347718237 -1.623756 -3.875123 193.4008
987 7.274820455302578 -35.44404904055034 194.05402782213685 -1.633867 -3.905876 194.7764
988 7.335600988128695 -35.56130616641237 195.42261671065086 -1.645539 -3.93893 196.1509
989 7.447274823184247 -35.677324448277716 196.7856266621545 -1.657445 -3.973595 197.5229
990 7.592202193579269 -35.7969929941964 198.13986503514542 -1.669867 -4.009132 198.8896
991 7.692035025014198 -35.92345105531984 199.49589962413592 -1.682304 -4.042827 200.2547
992 7.675552671113543 -36.05766035998522 200.84588093015577 -1.694878 -4.074851 201.611
993 7.7995992905775795 -36.19593173509566 202.19234992657738 -1.705984 -4.106859 202.9698
994 7.897077969457495 -36.30521364182 203.537654549288 -1.717412 -4.139885 204.3226
995 7.940740621632771 -36.42563951742683 204.87826659833962 -1.727574 -4.171862 205.6689
996 8.019583018120153 -36.532935906042546 206.2153963638161 -1.737778 -4.204811 207.0122
997 8.078248040203711 -36.6555716949262 207.54733572589862 -1.746442 -4.238781 208.3506
998 8.203915142186284 -36.789304931703676 208.8753455117456 -1.757196 -4.270954 209.6908
999 8.266735541791052 -36.92588452478007 210.20160402796844 -1.768399 -4.303818 211.0251
1000 8.326591016090067 -37.0477662921483 211.52046141794835 -1.780005 -4.335485 212.3505
1001 8.435617224625757 -37.16952287889866 212.8269926517783 -1.792488 -4.366042 213.6668
1002 8.53704494180112 -37.27412565856972 214.11912136516474 -1.802728 -4.397364 214.9667
1003 8.632808027886187 -37.37505618642516 215.39308571157767 -1.814957 -4.428604 216.2478
1004 8.74571078402006 -37.453199032361056 216.64538601632864 -1.826714 -4.458316 217.5072
1005 8.782249990405028 -37.536419306651354 217.87787056851127 -1.842513 -4.486884 218.7426
1006 8.814953980921535 -37.627965350404665 219.08260492537934 -1.859734 -4.515014 219.9508
1007 8.922004754290182 -37.7414418339835 220.25054744800485 -1.87789 -4.540479 221.1287
1008 8.966468538230249 -37.81605209735198 221.4042717341919 -1.895168 -4.569335 222.2852
1009 9.015544203169489 -37.90906722952211 222.5255394415295 -1.917244 -4.598297 223.4108
1010 9.075354184896549 -38.013121578806604 223.6138441626981 -1.94167 -4.625178 224.5051
1011 9.159294457602599 -38.12357895156818 224.66761735748986 -1.971966 -4.651833 225.5672
1012 9.166709525231495 -38.23465431927117 225.6988078801047 -2.004581 -4.679495 226.6035
1013 9.240656113253504 -38.32588613460971 226.6928875968407 -2.040151 -4.706339 227.6035
1014 9.247078921496373 -38.41170337772249 227.6606646206312 -2.073778 -4.731016 228.5742
1015 9.264624820763755 -38.48841049695069 228.59653367520218 -2.106014 -4.755443 229.5125
1016 9.313796124379845 -38.58632589263417 229.49287255800425 -2.139617 -4.778138 230.4146
1017 9.315827510388416 -38.66866408658934 230.36211730845838 -2.17419 -4.799162 231.2868
1018 9.323183137898026 -38.74717187927083 231.19880561803382 -2.207888 -4.818374 232.1263
1019 9.321490347463998 -38.81450893257045 232.00403863777126 -2.243669 -4.838575 232.9333
1020 9.301850222280818 -38.89773632029742 232.78612228024494 -2.280068 -4.860372 233.7189
1021 9.325402284132077 -38.9672190940101 233.55691793025196 -2.314971 -4.881633 234.4921
1022 9.319272592403443 -39.03699983989389 234.32799781414676 -2.346879 -4.903083 235.2654
1023 9.321513108317056 -39.10828836482555 235.09720025876166 -2.372559 -4.923693 236.0372
1024 9.370222771754149 -39.17179863495498 235.86380143401246 -2.391165 -4.943065 236.8075
1025 9.41891735767717 -39.227164811547865 236.6293339686426 -2.40634 -4.961684 237.5762
1026 9.449981703092876 -39.30504630006719 237.3872723291139 -2.42154 -4.979606 238.3384
1027 9.511287778901767 -39.3926538993144 238.1438517067922 -2.438172 -4.997815 239.1021
1028 9.566324495483768 -39.46612919986081 238.89576965798 -2.449188 -5.01612 239.8593
1029 9.633576316293626 -39.53590914981887 239.64425274826303 -2.457471 -5.032857 240.6138
1030 9.647252435518322 -39.601264470637666 240.39289093805408 -2.464848 -5.049016 241.3652
1031 9.678827241326994 -39.68049120088814 241.13598951145332 -2.471118 -5.064022 242.113
1032 9.759277414702 -39.740707512965756 241.87482684669544 -2.47794 -5.076752 242.8585
1033 9.842314839646761 -39.80979665158596 242.60976450167936 -2.481229 -5.090455 243.6012
1034 9.918409968604527 -39.87085167083827 243.3405141794576 -2.485941 -5.103671 244.3383
1035 9.983865121725165 -39.92549410274196 244.07262123155832 -2.487604 -5.118722 245.0752
1036 10.055809433201507 -39.99980379200615 244.80670804375538 -2.493249 -5.131839 245.8164
1037 10.109899108082802 -40.0679833935645 245.54767753357774 -2.49473 -5.147361 246.5623
1038 10.18767602526808 -40.13638689711909 246.29412335046442 -2.497272 -5.164438 247.3157
1039 10.255952919638679 -40.209171511805756 247.0443335334965 -2.498606 -5.182585 248.0723
1040 10.297416896667617 -40.29000553170137 247.79968665995224 -2.503085 -5.199298 248.8329
1041 10.335445717521674 -40.37141691479715 248.5608423644759 -2.506486 -5.218219 249.5991
1042 10.358211773684713 -40.443608693016344 249.3247531442338 -2.508505 -5.237784 250.3665
1043 10.444210098544664 -40.50695650834457 250.09058091013642 -2.505563 -5.256841 251.1395
1044 10.514162376820266 -40.57462248109663 250.8667746308303 -2.503453 -5.273084 251.9216
1045 10.564821136830496 -40.65519863664809 251.65120303147356 -2.508541 -5.289235 252.7116
1046 10.584103277162976 -40.76298871430008 252.44104632748866 -2.507121 -5.306929 253.5088
1047 10.643291459827028 -40.82257407519688 253.23167432369024 -2.498934 -5.321532 254.3037
1048 10.695017432356494 -40.902256251160864 254.02144684898124 -2.491981 -5.336196 255.099
1049 10.761874436768945 -40.984631855230134 254.8155560559196 -2.485561 -5.351123 255.9
1050 10.885829271289081 -41.033969078022075 255.61153778715732 -2.475778 -5.3702 256.7068
1051 10.996371841978561 -41.1135964893889 256.41966710233487 -2.461593 -5.39272 257.5259
1052 11.099604562314918 -41.19610843226567 257.23169534920237 -2.442073 -5.414196 258.3481
1053 11.20297120766548 -41.27742766489253 258.0495154622682 -2.418788 -5.432422 259.1759
1054 11.313396740614913 -41.372664966851474 258.8684114386403 -2.398099 -5.451575 260.0072
1055 11.388541958977775 -41.44947576922872 259.69835268060405 -2.3794 -5.472421 260.8436
1056 11.465071310993503 -41.5316370208471 260.5355998079933 -2.357178 -5.492976 261.6878
1057 11.562591975842388 -41.62158129096427 261.3788554710437 -2.331649 -5.513461 262.5408
1058 11.655154728740133 -41.69683106141381 262.23831764599464 -2.305211 -5.536213 263.4078
1059 11.737524095136344 -41.7830994119909 263.1058101344792 -2.278446 -5.560785 264.2827
1060 11.800583518342354 -41.89907640226725 263.9810362883688 -2.24888 -5.58502 265.167
1061 11.971144656204507 -41.993331504970755 264.85269141717924 -2.217026 -5.60834 266.0593
1062 12.104640353869927 -42.073219150365176 265.741324704187 -2.181048 -5.632766 266.9604
1063 12.235885347918183 -42.15843926903984 266.63774574063547 -2.144562 -5.657825 267.8693
1064 12.346880924531987 -42.24859369278132 267.54560681413403 -2.107091 -5.684566 268.7872
1065 12.486983977836935 -42.340697224719406 268.4557852771819 -2.072995 -5.710527 269.7117
1066 12.62745435273548 -42.43193342845247 269.3733452195275 -2.039857 -5.735484 270.6435
1067 12.72964305745239 -42.515716890608246 270.2993223389999 -2.008137 -5.759967 271.578
1068 12.857931479895043 -42.5995992669366 271.2252192073112 -1.977183 -5.786935 272.5156
1069 12.974912525443786 -42.696094545813324 272.14915863616403 -1.948577 -5.813039 273.4511
1070 13.100190845536025 -42.78815801639727 273.0725122778837 -1.923694 -5.837506 274.3868
1071 13.21079862350718 -42.891434167638266 273.99595801375403 -1.903306 -5.862752 275.322
1072 13.31344982128967 -42.986120522028436 274.9195834213253 -1.886301 -5.888992 276.2556
1073 13.40966605773718 -43.052687241925284 275.8464896667158 -1.871958 -5.914599 277.1894
1074 13.472221514910682 -43.155786045445375 276.7713838839123 -1.860171 -5.940087 278.1217
1075 13.572945878469868 -43.25631934391953 277.6940661374641 -1.850165 -5.965237 279.0549
1076 13.694489581532064 -43.349734912177986 278.60896844050137 -1.84113 -5.989292 279.9822
1077 13.846676025511039 -43.45796766376485 279.51471088509203 -1.834878 -6.011766 280.9067
1078 13.930999238198867 -43.53865911849956 280.42925834133405 -1.829538 -6.033194 281.8284
1079 14.038154821752077 -43.63224295735574 281.3372353693251 -1.824423 -6.05424 282.7472
1080 14.112748077027515 -43.728193730485785 282.2448016863053 -1.820378 -6.076007 283.6626
1081 14.273168155011973 -43.80950805306659 283.1383293177408 -1.819188 -6.097253 284.5738
1082 14.290757943937859 -43.89402763108777 284.03352425682704 -1.820078 -6.118356 285.4729
1083 14.401998051156339 -43.983985866928855 284.90512932162153 -1.821293 -6.140076 286.3559
1084 14.459394603350677 -44.079880416617634 285.75875520084566 -1.824665 -6.162957 287.2165
1085 14.502552691070735 -44.15600580020642 286.598247206225 -1.831132 -6.186044 288.0602
1086 14.57563713384049 -44.22685729917925 287.4226162517345 -1.835812 -6.20897 288.8905
1087 14.656041655117473 -44.271916738924446 288.2442089693228 -1.838573 -6.232745 289.7169
1088 14.760961931822882 -44.3936005173034 289.05350010614285 -1.841599 -6.257807 290.5416
1089 14.848346785723823 -44.486113771829125 289.86806523694196 -1.843827 -6.281585 291.3657
1090 14.956398837070862 -44.54291374523929 290.67927864906744 -1.844053 -6.305431 292.1857
1091 15.016873015004366 -44.61014297491466 291.489392453091 -1.843243 -6.332348 293.0004
1092 15.0810414675756 -44.65079321573733 292.29813416476145 -1.840209 -6.360716 293.8122
1093 15.21133099860093 -44.734318537648825 293.09132847740034 -1.836186 -6.387429 294.6199
1094 15.325042161416118 -44.83837537218455 293.88548351498036 -1.829836 -6.414405 295.4284
1095 15.358078128451433 -44.9336669487704 294.6828706874341 -1.823832 -6.440313 296.2317
1096 15.47568258465206 -45.00443579249861 295.4705802972727 -1.81794 -6.46419 297.0309
1097 15.504989531105 -45.08440710319404 296.26372983102556 -1.814744 -6.486179 297.8283
1098 15.565675126253824 -45.14812426941457 297.05511728997044 -1.812035 -6.506511 298.6243
1099 15.631053814696081 -45.223080938041335 297.847411705282 -1.809517 -6.524789 299.4226
1100 15.694269692243132 -45.29501466827481 298.642442718087 -1.807621 -6.541554 300.2232
