0 0.0 0.0 0.0 -5.551115e-17 0.0 2.220446e-16
1 -0.0444445142194317 0.01831672088902715 1.3098884481805377 0.001289128 -0.01821616 1.310643
2 -0.06032776142911747 0.008824795751969731 2.624630243145493 0.0004448326 -0.04203318 2.625299
3 0.016294168319552715 -0.019663705275054906 3.9386893676471337 0.002037581 -0.06302801 3.94173
4 -0.007938774885441986 -0.03260055666380861 5.2578708553209506 0.002777892 -0.08483761 5.261017
5 -0.011475193690555895 -0.0221467738195532 6.5785511745224134 0.004157928 -0.1014678 6.581638
6 -0.010986670248912646 -0.04765150056274084 7.905533517487992 0.007571022 -0.1165874 7.908775
7 0.12150591333893315 -0.048886486517911734 9.22920461473003 0.008323818 -0.1328035 9.238962
8 0.12544924515300854 -0.11988311133549999 10.55807981553254 0.007728339 -0.1497649 10.56963
9 0.16948935378054325 -0.11896972057691022 11.892053270920613 0.006780918 -0.1634547 11.90426
10 0.1008106603271703 -0.1491392674026894 13.227838957163595 0.003419395 -0.176748 13.24208
11 0.057341355156020124 -0.17656092193814732 14.565399610247756 -0.001862182 -0.1959202 14.58048
12 0.07467767168713277 -0.2248987978948295 15.91478533589104 -0.005851755 -0.2177602 15.93066
13 0.07729325566802264 -0.2545082255818693 17.266148110111807 -0.004267715 -0.236414 17.28222
14 0.06046793523698223 -0.28050936463839565 18.61838291508122 0.000482789 -0.2537475 18.63469
15 0.034838210508448875 -0.3250185410981365 19.969521242705646 0.005006086 -0.2699101 19.9867
16 0.058016443555814104 -0.3287546133380511 21.324086727928048 0.004134686 -0.2931092 21.34127
17 0.01471181549071681 -0.3416055763784734 22.688138503862614 -0.0007654745 -0.3222297 22.70575
18 -0.0330593448581305 -0.3346782595068606 24.053872792223622 -0.007369324 -0.3468119 24.0721
19 -0.07811176298064018 -0.3498310885816244 25.42980870528084 -0.009719264 -0.3687424 25.44868
20 -0.08159342437216788 -0.36006416112901635 26.801517403366436 -0.005061181 -0.3871399 26.8203
21 -0.08900848632204703 -0.3930792116340385 28.175727891160967 0.001962273 -0.4099385 28.19472
22 -0.12493857084733205 -0.4014401887651195 29.5508287695831 0.005281593 -0.4328977 29.57012
23 -0.17369714524321775 -0.4326738536739487 30.929585056541313 0.007939024 -0.4591179 30.94984
24 -0.14183497895531977 -0.47187230051375945 32.31437645353738 0.006827076 -0.4850133 32.33531
25 -0.10953892038773641 -0.5112633336318427 33.69619670576682 0.008305167 -0.5122367 33.7178
26 -0.0592539038915272 -0.5481206465515789 35.088174635894795 0.0101734 -0.543116 35.11083
27 -0.045573175179395 -0.6017752764613807 36.48449378237258 0.0121194 -0.5746233 36.50789
28 -0.04687663471303989 -0.6392729038068707 37.882221990263275 0.01511478 -0.5999006 37.90589
29 -0.052935355743832006 -0.6411243212585997 39.278084357286545 0.01696851 -0.6238526 39.30156
30 -0.09732873108003337 -0.6757288669778584 40.679907492326315 0.01942949 -0.643712 40.70437
31 -0.13785656779442088 -0.6823010959822556 42.08619765033018 0.01916344 -0.6707246 42.111
32 -0.13947450083271662 -0.7129043572147555 43.49364034602451 0.02134431 -0.694132 43.51858
33 -0.15396959289612194 -0.749653889785272 44.90292485837267 0.02622364 -0.7178581 44.92821
34 -0.19150661974923114 -0.8012440392664972 46.31471008584869 0.03086036 -0.739025 46.34127
35 -0.18242702839251487 -0.830475582018523 47.730323883799734 0.03408031 -0.7610315 47.75704
36 -0.17962294627612618 -0.8610925724490406 49.152766913966104 0.03359221 -0.7839856 49.17963
37 -0.1999938042055944 -0.8939671053857972 50.57495707931553 0.03175532 -0.805635 50.60218
38 -0.2063289310970634 -0.917474910205243 52.00103523423286 0.02895795 -0.8265408 52.02831
39 -0.2747079892872634 -0.9587823879061542 53.427779165474405 0.02536977 -0.8453836 53.45716
40 -0.2714656438517017 -0.9631140777326136 54.855417251932124 0.02082938 -0.8668316 54.88464
41 -0.28088328887013525 -0.9941604054601481 56.28715569847436 0.0168087 -0.88688 56.3166
42 -0.2629121701030496 -1.013325157964509 57.71596375952717 0.0132291 -0.9072442 57.7455
43 -0.3449959615205747 -1.0184376366193384 59.14185711738213 0.01007535 -0.9249469 59.17365
44 -0.3146021425705289 -1.0291162369820899 60.57116366125688 0.006524255 -0.9446035 60.60318
45 -0.3002279071672414 -1.0452104156895967 61.99591762829916 0.00276421 -0.9647484 62.02795
46 -0.3221636636224558 -1.0630098322421209 63.419859995997776 -0.001308243 -0.98781 63.45198
47 -0.3149179455329784 -1.1167533068821265 64.83886102988853 -0.002873604 -1.008175 64.87187
48 -0.3506922486895451 -1.0896192678183911 66.25584658313728 -0.005953934 -1.0297 66.2894
49 -0.3749512557411409 -1.1085668496684604 67.66937598228031 -0.01002031 -1.050203 67.70311
50 -0.439428506703259 -1.1187429248207468 69.08095529510862 -0.0193644 -1.076075 69.11593
51 -0.44699813637234037 -1.1652701332568136 70.49442756520894 -0.02702275 -1.097831 70.53
52 -0.433778280694564 -1.2112647753943924 71.90356607362487 -0.03513442 -1.118231 71.93978
53 -0.430828871355459 -1.2380668398950767 73.30351657329442 -0.0421465 -1.135987 73.33986
54 -0.4463057895706483 -1.2830234181791527 74.70541515429068 -0.04677589 -1.153311 74.74245
55 -0.408994415293485 -1.3066381106797105 76.10698876953299 -0.05327678 -1.177226 76.1445
56 -0.39290476656432627 -1.3278771730259653 77.50317881888796 -0.05458511 -1.197942 77.54079
57 -0.42895409713041355 -1.3561319777108631 78.89674215070737 -0.05287325 -1.218035 78.93496
58 -0.36905122200262525 -1.3765372616817766 80.28592014806158 -0.0495425 -1.236655 80.32545
59 -0.3731847852198783 -1.3828375411171896 81.67156870314251 -0.04883212 -1.258287 81.71095
60 -0.4065139123134967 -1.389266200989747 83.0575631251085 -0.04838807 -1.278676 83.09721
61 -0.4072667748596691 -1.429524309105635 84.44360951626466 -0.05269073 -1.300031 84.48367
62 -0.44603658035630894 -1.4366418886123749 85.82516846193394 -0.06072004 -1.320245 85.86562
63 -0.4244403508590099 -1.4698258601505378 87.20940643023788 -0.07518042 -1.343695 87.25015
64 -0.46590987144561746 -1.5015768736982256 88.58752261777063 -0.0843762 -1.362982 88.62909
65 -0.5071517055125145 -1.4953359037372926 89.96434990936999 -0.09813229 -1.38264 90.00634
66 -0.5323374221157505 -1.490420490393089 91.33317763590142 -0.1110475 -1.399781 91.37524
67 -0.5577768679164129 -1.5417864366005851 92.69824635291361 -0.1283351 -1.418059 92.74128
68 -0.5230343880624049 -1.5695974451667944 94.05985460108788 -0.1454603 -1.435964 94.10339
69 -0.46965839422813543 -1.577851191979015 95.41651708037371 -0.1697048 -1.45619 95.46076
70 -0.43777912100176275 -1.5791654428308484 96.76952202849309 -0.1913409 -1.476213 96.81382
71 -0.47266843224267147 -1.6095227155731358 98.12067101948854 -0.2120314 -1.496478 98.16545
72 -0.4617033754405219 -1.6645483861885317 99.46953658074855 -0.2344056 -1.517683 99.51513
73 -0.5005638696438977 -1.7146017794685438 100.8133994328619 -0.2485715 -1.534999 100.8603
74 -0.5198732104299295 -1.7403355773313207 102.15844019182177 -0.2694021 -1.556018 102.2054
75 -0.47536500212654637 -1.7594753737358895 103.4983148099082 -0.2867601 -1.575247 103.5459
76 -0.49457565405642817 -1.7903550020380024 104.83671110234164 -0.3053256 -1.596046 104.8845
77 -0.46571006356110045 -1.8219803698112635 106.17247431964235 -0.3153955 -1.613299 106.2208
78 -0.41780600778795646 -1.831193971895866 107.51645718189086 -0.3343086 -1.638432 107.5653
79 -0.43588376279277735 -1.8840490104396506 108.85668960607846 -0.3508131 -1.661275 108.9064
80 -0.43196162322738724 -1.8848522197116904 110.19532283678099 -0.3737761 -1.686739 110.2446
81 -0.47138326571825784 -1.9483379100082936 111.52558866484142 -0.3943149 -1.710102 111.5766
82 -0.49068854717943705 -1.961766407773245 112.8541370437063 -0.4137129 -1.733997 112.905
83 -0.5451949512669089 -2.00898935177945 114.17594781580001 -0.4219683 -1.753986 114.2286
84 -0.5560753925876282 -2.0422709958025456 115.50717508538187 -0.4295899 -1.775004 115.5601
85 -0.6119525239379837 -2.0980313009662983 116.8378800489933 -0.4334779 -1.79423 116.893
86 -0.667615649263439 -2.139367485618002 118.17059336938793 -0.4334151 -1.811794 118.2274
87 -0.6915101265002026 -2.1764829055506354 119.50383979980197 -0.4306137 -1.825847 119.5613
88 -0.6874880991191972 -2.1905098847143067 120.84711950925086 -0.4334146 -1.846322 120.9045
89 -0.6684906253429623 -2.22902511015444 122.21085304018217 -0.4472932 -1.880929 122.2684
90 -0.6867369848990231 -2.253155090913766 123.56665628256874 -0.4560744 -1.91003 123.6242
91 -0.6743132843093206 -2.3034210679378817 124.92532160516394 -0.4622549 -1.940325 124.9835
92 -0.6866641080550577 -2.3421214076939103 126.27856240732724 -0.4641329 -1.966295 126.3371
93 -0.6886130879195266 -2.3536969867515856 127.63451042717296 -0.4708495 -2.006026 127.6925
94 -0.6805158035761832 -2.3817857391296124 128.99168070973633 -0.4718094 -2.038343 129.0496
95 -0.620314333035 -2.434675387846106 130.34716349294817 -0.47428 -2.073189 130.407
96 -0.5489065688186433 -2.5130398126716815 131.69195365830203 -0.4701254 -2.099489 131.7557
97 -0.5242275136883777 -2.521584763194325 133.04600297106444 -0.4656937 -2.127702 133.1097
98 -0.45263299314385136 -2.607581579227261 134.39352408938615 -0.4651028 -2.162932 134.4614
99 -0.3918271606572784 -2.679186972657159 135.7439254076575 -0.4661197 -2.198388 135.8146
100 -0.3814800295525877 -2.7187118804159938 137.08959585002475 -0.4644953 -2.226309 137.1606
101 -0.39482993254463555 -2.7422459362053027 138.4414264574835 -0.4645723 -2.254854 138.5124
102 -0.3973583898519735 -2.7695519148783445 139.7916158978243 -0.4641807 -2.281749 139.8626
103 -0.40556773392583745 -2.7654779106823515 141.14229478994557 -0.4674418 -2.314866 141.2129
104 -0.42042339819277885 -2.7904449223779193 142.49155592916568 -0.4704574 -2.341886 142.5622
105 -0.400492027878291 -2.8148628194077996 143.83913657134343 -0.474702 -2.367455 143.9099
106 -0.45157157025066963 -2.847214844220768 145.18596852846468 -0.4789013 -2.395024 145.2578
107 -0.470174567517474 -2.8830569866438234 146.5290347841489 -0.4813925 -2.426593 146.6011
108 -0.45651771325534307 -2.915659961145057 147.88176542077528 -0.484415 -2.462969 147.9538
109 -0.42416072570116564 -2.907697325158391 149.23081261856936 -0.4832843 -2.489366 149.303
110 -0.4661320207492196 -2.9820676338163956 150.57352908383209 -0.4887986 -2.518617 150.6481
111 -0.4485328985522325 -3.032184203837856 151.9163818500438 -0.4979854 -2.545628 151.9917
112 -0.5134772089349128 -3.0584040255166562 153.26073972278994 -0.5139897 -2.581792 153.3373
113 -0.5241709713643 -3.0633095941032678 154.60803942966723 -0.5203405 -2.611885 154.6843
114 -0.5469447570591415 -3.1094597529663326 155.95598222034036 -0.5188374 -2.641449 156.0329
115 -0.47276551416017787 -3.130753531074882 157.3040269250564 -0.510487 -2.666163 157.3829
116 -0.4438434473275804 -3.174354318876877 158.65225179946552 -0.4996047 -2.68915 158.7319
117 -0.48545173121702706 -3.209435878406786 159.99806352018868 -0.4908894 -2.711383 160.0786
118 -0.5168820624750312 -3.2312526307141383 161.3481736984286 -0.4848759 -2.73678 161.429
119 -0.5232817926558972 -3.251782680215433 162.69801320089087 -0.4836516 -2.760604 162.7788
120 -0.5569399256717691 -3.2971607250832835 164.04781166376952 -0.4767803 -2.787254 164.1295
121 -0.5314601227704427 -3.3502310296124618 165.39795531235066 -0.468784 -2.810667 165.4807
122 -0.5291261296158545 -3.4057632584187285 166.75537478804654 -0.4599264 -2.835558 166.839
123 -0.520768785570003 -3.458967100762657 168.11560564671063 -0.449484 -2.861986 168.2
124 -0.5444079356324305 -3.4899470837979445 169.47548759641347 -0.4424438 -2.88656 169.5602
125 -0.5351203575801207 -3.532123765167806 170.83468782681405 -0.4389717 -2.91424 170.9198
126 -0.5540695748061624 -3.5443378760354696 172.19921043838409 -0.4111543 -2.932731 172.2841
127 -0.5604816940097047 -3.5923345220171914 173.56753499268075 -0.388112 -2.960771 173.6528
128 -0.5802833438051909 -3.6557362191022404 174.94250873384408 -0.3779301 -2.986448 175.0291
129 -0.5411045836707753 -3.710679224369874 176.32066602824162 -0.3588782 -3.008539 176.4086
130 -0.5493555623227243 -3.7617282577955473 177.69642726642954 -0.3405308 -3.013913 177.7852
131 -0.5425333613621435 -3.793555053549097 179.0717048060824 -0.3214042 -3.022953 179.1607
132 -0.6111090081664189 -3.8072630634588753 180.45137482745702 -0.3136545 -3.041123 180.542
133 -0.5907494991375659 -3.8777980231512923 181.82898739033791 -0.3089995 -3.0621 181.9214
134 -0.6440113019636933 -3.9263054951148963 183.21577120807052 -0.3140564 -3.088158 183.3098
135 -0.6510039603387864 -3.9689424037825547 184.60945742529896 -0.3186558 -3.114466 184.7039
136 -0.6544371785802859 -4.016971509715675 186.00432489149668 -0.3141305 -3.137555 186.0994
137 -0.6928333884038931 -4.0387262318367325 187.40329839421696 -0.3087277 -3.164478 187.4988
138 -0.6857842499029209 -4.117095141827464 188.8028980583021 -0.3089327 -3.193945 188.9003
139 -0.6396001093326049 -4.156005493427372 190.20637803659955 -0.3070211 -3.221858 190.3048
140 -0.7012398102055785 -4.2255143266525765 191.6116080136672 -0.3030042 -3.25053 191.7128
141 -0.742607724493283 -4.242795782409972 193.0197293407129 -0.3007558 -3.281162 193.1213
142 -0.794857419810432 -4.293153222436453 194.4366583579845 -0.2979338 -3.314135 194.5397
143 -0.886400935362887 -4.344310400089107 195.85260645756605 -0.2945301 -3.344375 195.9592
144 -0.9129944804706379 -4.366303560718686 197.27445578763172 -0.2955048 -3.384557 197.3809
145 -0.9663342409492613 -4.415703266342935 198.6932275014425 -0.2998637 -3.419365 198.8011
146 -0.9933488578544095 -4.446444906711235 200.11676948345112 -0.3150034 -3.471363 200.2242
147 -1.0529463088585844 -4.474452367812665 201.5491263185151 -0.3321987 -3.515079 201.6573
148 -1.083793236651003 -4.48549718542325 202.98691667502024 -0.3485808 -3.555576 203.0948
149 -1.12560983483569 -4.512012105867022 204.42398065284618 -0.3518432 -3.580327 204.5325
150 -1.1563969804754846 -4.553552984883761 205.8611518356366 -0.3481359 -3.604083 205.9704
151 -1.1466262652994959 -4.550656333128283 207.30923118408256 -0.3438313 -3.628674 207.4183
152 -1.1096661554791765 -4.5401260698417865 208.75849281141217 -0.342198 -3.650886 208.8679
153 -1.1856555624773388 -4.584883213003137 210.21130804855892 -0.3429638 -3.67436 210.3232
154 -1.268311927242449 -4.6465259018312945 211.66978533280664 -0.347951 -3.708945 211.7849
155 -1.2948418396181987 -4.646083977233963 213.13032301726602 -0.3533161 -3.741769 213.2453
156 -1.3151678872756287 -4.667527360230912 214.59938048082807 -0.3575809 -3.778065 214.7142
157 -1.400411204932969 -4.703001832913695 216.06902907898873 -0.3574839 -3.809987 216.1864
158 -1.4330855187338905 -4.7293138148705385 217.54378219287946 -0.3559812 -3.837087 217.6615
159 -1.4609986688080754 -4.777463856868898 219.02345753077677 -0.3604882 -3.867619 219.1419
160 -1.4995941682391916 -4.816964335729666 220.50008726320488 -0.3669047 -3.899694 220.6192
161 -1.588851569049338 -4.861517562757354 221.9832191950674 -0.3711882 -3.93317 222.1053
162 -1.6344207786559033 -4.9118122157501265 223.46604726601768 -0.3755068 -3.961696 223.5894
163 -1.6899502361893386 -4.9336503251988235 224.9546312813366 -0.3771503 -3.990503 225.0789
164 -1.7403804694661646 -4.976210580411671 226.44360734831685 -0.3787707 -4.017067 226.5691
165 -1.7739526032142632 -4.998411459444355 227.93448782144392 -0.3785266 -4.048136 228.0602
166 -1.7445122650567213 -5.0592335903199865 229.42409939310275 -0.3786614 -4.075078 229.5511
167 -1.7391670398874142 -5.058821021074283 230.9185833614003 -0.3766086 -4.099044 231.0454
168 -1.7911439851634468 -5.120960938175945 232.4133159380991 -0.3745701 -4.124994 232.5421
169 -1.7225182695522305 -5.137447691763705 233.90762421756128 -0.3739626 -4.153624 234.0378
170 -1.7641340970474297 -5.181060589272535 235.4079720571629 -0.3764692 -4.186333 235.539
171 -1.8355001943206384 -5.24295496566109 236.91098896311 -0.3784077 -4.220226 237.0446
172 -1.858304713460212 -5.255164452852846 238.41643354241202 -0.3814943 -4.253315 238.5499
173 -1.8353251264283923 -5.291439784854691 239.9265642885747 -0.3829065 -4.285388 240.0603
174 -1.8685865699857662 -5.2965484796731115 241.4373819584454 -0.3820924 -4.315103 241.5712
175 -1.864808441515787 -5.311398072307603 242.95374296816905 -0.3818797 -4.347138 243.0873
176 -1.8777618452712637 -5.362454734753307 244.46783585633912 -0.3796393 -4.377646 244.602
177 -1.9529394946930874 -5.386370582432136 245.9871316886295 -0.377078 -4.404696 246.1231
178 -1.973180067482683 -5.44065385540503 247.51088354836162 -0.3721572 -4.432022 247.6477
179 -1.9924820224035082 -5.481821843878124 249.03093399725142 -0.3683885 -4.458219 249.1682
180 -2.044670022074304 -5.518192580539012 250.55808396338963 -0.3658944 -4.487063 250.6964
181 -2.0028568176528903 -5.615658225720164 252.08229370457522 -0.3629857 -4.511301 252.2241
182 -2.0248163438888294 -5.630066682861072 253.61516671910837 -0.3598899 -4.535745 253.757
183 -2.0974783660559275 -5.663759381633847 255.14474303016792 -0.3565283 -4.558441 255.2885
184 -2.151684986660367 -5.709838851617627 256.67782887200616 -0.3518994 -4.58494 256.823
185 -2.1882600200196896 -5.7629316856687955 258.214914441775 -0.3474488 -4.611578 258.3612
186 -2.1768912687254853 -5.8329755334858255 259.7526123922008 -0.3407995 -4.637604 259.9003
187 -2.240029653699538 -5.880096300330533 261.2856992945072 -0.3346776 -4.662237 261.4352
188 -2.3006543152010024 -5.891803847526 262.82256164945994 -0.3291338 -4.686551 262.9731
189 -2.3275010044023716 -5.943703704939708 264.35993321395415 -0.3253738 -4.715745 264.5113
190 -2.3474683519728154 -5.97580588505586 265.90571112827286 -0.3249046 -4.748173 266.0572
191 -2.404253179534365 -5.992326223870072 267.4460059157996 -0.3208179 -4.788372 267.5981
192 -2.4481628986911868 -6.035363452934637 268.9848099360582 -0.3173943 -4.824679 269.1377
193 -2.4834182841547814 -6.100198249022186 270.5229966019888 -0.3166024 -4.866052 270.6771
194 -2.5065196897554682 -6.1432830943845635 272.0641546616053 -0.3155943 -4.906588 272.2185
195 -2.6429904887137496 -6.165443088932065 273.60498031539356 -0.3140401 -4.950219 273.7649
196 -2.7003574355840456 -6.211896618445209 275.1459694679369 -0.3112309 -4.987626 275.3072
197 -2.756948891184227 -6.235006364439794 276.69194261029065 -0.3114206 -5.039836 276.8535
198 -2.808611562026065 -6.291953770270605 278.2323309118223 -0.3062026 -5.082755 278.3952
199 -2.8763309743272454 -6.299254165457329 279.78159413735125 -0.3011292 -5.134136 279.9451
200 -2.928013496219948 -6.336759066702898 281.331484054472 -0.2897536 -5.172038 281.4958
201 -2.948854522839492 -6.390710389662737 282.8849288575143 -0.2764899 -5.210037 283.0498
202 -2.8915433394746666 -6.4464431592754785 284.4339789345929 -0.2599233 -5.24169 284.6005
203 -2.9029514748090555 -6.465535703139255 285.9792108175803 -0.2447296 -5.277598 286.1454
204 -2.9171203191692645 -6.5068446349064155 287.5336460533188 -0.2301583 -5.316244 287.6999
205 -2.8772522114930967 -6.592270758373701 289.08502645524754 -0.2170805 -5.355148 289.2536
206 -2.9733107035280466 -6.657290041818956 290.6378515528958 -0.2045251 -5.390475 290.8103
207 -2.9970020510297193 -6.718060519848907 292.1958112607035 -0.1926927 -5.424878 292.3692
208 -3.0646347186810607 -6.762860923311578 293.7565902733057 -0.1828271 -5.462578 293.9316
209 -3.1759944969086553 -6.8105071368870576 295.32152657001234 -0.1753107 -5.502144 295.5007
210 -3.1868945444959196 -6.842404806815379 296.8933033753787 -0.1681708 -5.542654 297.0723
211 -3.1800640721328395 -6.907106981168247 298.47019591709665 -0.1571664 -5.573209 298.6502
212 -3.243674839150945 -6.958634443628956 300.0549318128971 -0.1498301 -5.605662 300.2367
213 -3.329372304130378 -6.9966613354048475 301.6368991773208 -0.1436567 -5.638056 301.8211
214 -3.358586506738409 -7.07656609001286 303.2269487748708 -0.1362308 -5.674045 303.413
215 -3.4067572471219156 -7.112644389412394 304.82265540030943 -0.1245796 -5.704927 305.0095
216 -3.440487028669269 -7.1603316979992835 306.4211406537825 -0.1113075 -5.740563 306.6086
217 -3.462414718985556 -7.213018776365811 308.0235482421583 -0.1009905 -5.775938 308.2116
218 -3.509020739487329 -7.276605281588468 309.6295551658417 -0.0964999 -5.821106 309.8189
219 -3.5236324677256188 -7.295514789126908 311.24412634643664 -0.09324941 -5.863046 311.4331
220 -3.5175766035252845 -7.326082316162621 312.85584900029426 -0.09658434 -5.907766 313.0445
221 -3.5822848482192664 -7.350670025444613 314.47870696319563 -0.106523 -5.952029 314.6682
222 -3.6035725200242728 -7.391269094412066 316.10562109890304 -0.1079811 -5.990688 316.2953
223 -3.5870424078039407 -7.4199872916093605 317.73461894887583 -0.1086696 -6.032426 317.9241
224 -3.64444336339409 -7.4395690237729655 319.36228833731013 -0.1058419 -6.068362 319.5525
225 -3.7447651914178732 -7.506228736632742 320.9880879865753 -0.1039698 -6.106845 321.1823
226 -3.8606691193770883 -7.568760284249824 322.614778036834 -0.1009179 -6.143404 322.8139
227 -3.882380209665396 -7.633278349556775 324.2396933605665 -0.09883113 -6.185282 324.4397
228 -4.030616822704454 -7.702924813187483 325.86040275448323 -0.09648438 -6.224088 326.0682
229 -4.0017941015214715 -7.736897726434317 327.48980937944873 -0.09411052 -6.268819 327.6976
230 -4.060954045474955 -7.777515131838372 329.11526367392776 -0.08496956 -6.305428 329.3242
231 -4.052012298884235 -7.837425451779982 330.7411835027427 -0.07442718 -6.342113 330.9508
232 -4.0730812425612655 -7.856737938693877 332.3598438464193 -0.06421231 -6.372244 332.5694
233 -4.125702912751233 -7.908864113420504 333.97858559792337 -0.05844895 -6.413497 334.1893
234 -4.172619239114167 -7.975183501214588 335.5900752919024 -0.05434961 -6.45078 335.8024
235 -4.237280879901757 -8.034558588655877 337.19552697937496 -0.04949748 -6.492551 337.4097
236 -4.309000264720859 -8.077572203314677 338.80524849172895 -0.04548042 -6.532188 339.0211
237 -4.41356968239667 -8.135529945946171 340.4088786588105 -0.04257007 -6.571397 340.6287
238 -4.52054968351507 -8.179227194872665 342.0225353029578 -0.03930296 -6.601811 342.2462
239 -4.605864170013869 -8.25303367625874 343.62540105087555 -0.03681003 -6.628918 343.8528
240 -4.682895164925721 -8.305763657067223 345.2225541814411 -0.03514659 -6.652782 345.4525
241 -4.785480545563403 -8.34610295167234 346.82185273657836 -0.0345479 -6.677644 347.0554
242 -4.777682705158037 -8.397774475371245 348.4209920191946 -0.03707175 -6.708152 348.6551
243 -4.826319451254093 -8.458206997992578 350.01747948075166 -0.04156332 -6.737239 350.2532
244 -4.889808432372727 -8.533574297850006 351.6094729433339 -0.05261018 -6.773059 351.8478
245 -4.974315187535128 -8.586339938760222 353.20533497667606 -0.06277075 -6.805862 353.4464
246 -4.978780091712361 -8.650828077618074 354.7960160289393 -0.07506606 -6.843564 355.0379
247 -5.022611930265124 -8.663807162538255 356.38877274100616 -0.08570356 -6.882552 356.6308
248 -5.1061176277416465 -8.697275585825047 357.9777534333124 -0.09729989 -6.921763 358.2218
249 -5.141517568775414 -8.727201078988914 359.5682510048214 -0.1091014 -6.958715 359.8125
250 -5.145450712887883 -8.759501423976761 361.15960835830646 -0.1223014 -6.995935 361.4037
251 -5.205313252503907 -8.829436736992738 362.74272245640446 -0.1322206 -7.034017 362.989
252 -5.30778569820742 -8.873276181298806 364.3370298369932 -0.1419952 -7.072717 364.5867
253 -5.315402474401569 -8.936389801522546 365.93341283065917 -0.1552999 -7.112398 366.1838
254 -5.398277142381591 -8.966300429292387 367.5286956859999 -0.1668615 -7.146884 367.7811
255 -5.478813020296176 -9.006183171997154 369.13232599617584 -0.1858911 -7.18829 369.3866
256 -5.563611260140749 -9.05113836765081 370.7186423230586 -0.2029185 -7.225081 370.9753
257 -5.628892962009004 -9.076906475520005 372.35794716183483 -0.2229981 -7.26884 372.6154
258 -5.72656210213952 -9.1312409423111 373.96447994298893 -0.2378134 -7.306808 374.2253
259 -5.784681160160201 -9.177848929755429 375.5190275334878 -0.2519893 -7.344936 375.7811
260 -5.8826976074553405 -9.250087201250736 377.1210102226556 -0.2625878 -7.379336 377.3873
261 -5.92130343363466 -9.271315867809491 378.72640802066235 -0.2704012 -7.414418 378.9929
262 -6.02721434074791 -9.32421010465656 380.336639545051 -0.2783585 -7.448411 380.6071
263 -6.047784587863728 -9.369045303368402 381.9494291189142 -0.2877925 -7.485057 382.2202
264 -6.108625449966323 -9.42671014248756 383.5683043260895 -0.2960866 -7.522079 383.8408
265 -6.110967207889859 -9.473226864012886 385.17846664710754 -0.3039652 -7.558709 385.4512
266 -6.156117349518991 -9.502750795571325 386.7946294053785 -0.3110174 -7.596748 387.0678
267 -6.199404189486386 -9.53068718927179 388.41209356088166 -0.3164538 -7.631598 388.6857
268 -6.258227501737108 -9.587075089632483 390.030581686933 -0.3206582 -7.664429 390.3059
269 -6.311713971788224 -9.621376608612637 391.6596555203934 -0.3238003 -7.696195 391.9359
270 -6.365545586559092 -9.66653090231772 393.2805217126319 -0.3237896 -7.731691 393.5579
