0 0.0 0.0 0.0 -5.551115e-17 0.0 2.220446e-16
1 0.03906337128704632 -0.02299735848087886 1.309986159587855 0.001289128 -0.01821616 1.310643
2 0.026505390651055193 -0.034324795622435414 2.624749388425106 0.0004448326 -0.04203318 2.625299
3 0.07617260700410844 -0.04969080942100319 3.9403218686537236 0.002037581 -0.06302801 3.94173
4 0.08169166196453397 -0.06346692555698598 5.259705874066131 0.002777892 -0.08483761 5.261017
5 0.06435868873370007 -0.07506426130887321 6.580267634531061 0.004157928 -0.1014678 6.581638
6 -0.03397800737041977 -0.07221950625543493 7.903844103743107 0.007571022 -0.1165874 7.908775
7 -0.03525881683955364 -0.09201246754918563 9.2339822852041 0.008323818 -0.1328035 9.238962
8 -0.16101816040990682 -0.11430636401270385 10.558615419167774 0.007728339 -0.1497649 10.56963
9 -0.13421565291296536 -0.1486199909238603 11.892605578700696 0.006780918 -0.1634547 11.90426
10 -0.09454220084685702 -0.14455795766513682 13.229901313064913 0.003419395 -0.176748 13.24208
11 -0.16805925671057148 -0.17969634625713354 14.565966642475393 -0.001862182 -0.1959202 14.58048
12 -0.1755862858886332 -0.17326901355522736 15.916292887469105 -0.005851755 -0.2177602 15.93066
13 -0.11845912471993741 -0.17135295881373636 17.266773440171807 -0.004267715 -0.236414 17.28222
14 -0.08928177704686233 -0.18416832597836635 18.618987390387417 0.000482789 -0.2537475 18.63469
15 -0.12417948881001445 -0.19409553599948393 19.97061468005325 0.005006086 -0.2699101 19.9867
16 -0.18376662208020933 -0.24490793212690523 21.323118401462995 0.004134686 -0.2931092 21.34127
17 -0.1796864376414252 -0.2836169315128995 22.6873627530931 -0.0007654745 -0.3222297 22.70575
18 -0.17339357022952112 -0.32309331026411814 24.0533650346525 -0.007369324 -0.3468119 24.0721
19 -0.15787876320575495 -0.3627435864240785 25.42946318224653 -0.009719264 -0.3687424 25.44868
20 -0.16678939944407967 -0.40081057615870447 26.800657222124862 -0.005061181 -0.3871399 26.8203
21 -0.1786772420834327 -0.43405949065065536 28.174830657449 0.001962273 -0.4099385 28.19472
22 -0.17557954324063527 -0.46445646817629765 29.55008689930689 0.005281593 -0.4328977 29.57012
23 -0.12277786768942767 -0.4992266955011462 30.92860960625746 0.007939024 -0.4591179 30.94984
24 -0.12587426464758547 -0.5318450480495828 32.31393461666925 0.006827076 -0.4850133 32.33531
25 -0.17055743765633663 -0.5709859308082094 33.695416901646986 0.008305167 -0.5122367 33.7178
26 -0.16859404082110646 -0.6057706076223466 35.08835472283458 0.0101734 -0.543116 35.11083
27 -0.23436616028938803 -0.6024818095156103 36.48421873934083 0.0121194 -0.5746233 36.50789
28 -0.25046521448191217 -0.6120561953605218 37.88232498200855 0.01511478 -0.5999006 37.90589
29 -0.24704677551659793 -0.581718009969854 39.27786781270245 0.01696851 -0.6238526 39.30156
30 -0.301809986357828 -0.6260700189811363 40.679049541931725 0.01942949 -0.643712 40.70437
31 -0.2886470783865087 -0.6581158602852829 42.0855123072228 0.01916344 -0.6707246 42.111
32 -0.3262406549851534 -0.6994325877727591 43.49217991899076 0.02134431 -0.694132 43.51858
33 -0.33255973279818546 -0.7356275235973609 44.9015391593758 0.02622364 -0.7178581 44.92821
34 -0.30930460382996 -0.7544343195923945 46.314448782751995 0.03086036 -0.739025 46.34127
35 -0.3335741316116807 -0.7292052753732529 47.72996064507223 0.03408031 -0.7610315 47.75704
36 -0.2972283140159078 -0.7740593511514924 49.15156415184823 0.03359221 -0.7839856 49.17963
37 -0.27434814601074936 -0.8442497246778524 50.57236335742286 0.03175532 -0.805635 50.60218
38 -0.29120639518013375 -0.8724019630141843 51.99827180664538 0.02895795 -0.8265408 52.02831
39 -0.28646090595798335 -0.9222944230274026 53.42637140800848 0.02536977 -0.8453836 53.45716
40 -0.31682771809515975 -0.9526668495386996 54.85337356451483 0.02082938 -0.8668316 54.88464
41 -0.3507360282930506 -0.9642883661730784 56.285030895254586 0.0168087 -0.88688 56.3166
42 -0.3684705941993362 -0.964332175359951 57.713970434714064 0.0132291 -0.9072442 57.7455
43 -0.38463165929353293 -0.9729372062407132 59.14211627028021 0.01007535 -0.9249469 59.17365
44 -0.19787894892775684 -1.0125193144336881 60.558983128873955 0.006524255 -0.9446035 60.60318
45 -0.34544629556757767 -1.0972673794016705 61.97370258923501 0.00276421 -0.9647484 62.02795
46 -0.4207999979860088 -1.1435361150556875 63.39517748764188 -0.001308243 -0.98781 63.45198
47 -0.39241639098758047 -1.2311375629204233 64.81222552947597 -0.002873604 -1.008175 64.87187
48 -0.38149308103918267 -1.2436112428818147 66.22982533321675 -0.005953934 -1.0297 66.2894
49 -0.39241597859060273 -1.250110250470155 67.64363271957892 -0.01002031 -1.050203 67.70311
50 -0.4239461762056258 -1.293230699540066 69.05571044347103 -0.0193644 -1.076075 69.11593
51 -0.419160367370715 -1.3568643714863757 70.4685281212303 -0.02702275 -1.097831 70.53
52 -0.41594541645858124 -1.3915531947569675 71.87804859189433 -0.03513442 -1.118231 71.93978
53 -0.40332597753960514 -1.400214535269255 73.27817507980313 -0.0421465 -1.135987 73.33986
54 -0.3425798531865232 -1.5006810514414233 74.6759578411191 -0.04677589 -1.153311 74.74245
55 -0.4637659380792797 -1.5680203434273963 76.07135661705341 -0.05327678 -1.177226 76.1445
56 -0.4072530888485911 -1.566708478852963 77.46665630004864 -0.05458511 -1.197942 77.54079
57 -0.45947215616075765 -1.5710100799663385 78.85998731357363 -0.05287325 -1.218035 78.93496
58 -0.520061803297916 -1.659322335669428 80.24647571184748 -0.0495425 -1.236655 80.32545
59 -0.5692561973673025 -1.73132265074948 81.6293981841084 -0.04883212 -1.258287 81.71095
60 -0.5066210742156472 -1.7129642991945853 83.0142709249685 -0.04838807 -1.278676 83.09721
61 -0.5022997782469623 -1.7699329454686266 84.39972456195926 -0.05269073 -1.300031 84.48367
62 -0.530203738574905 -1.7938968719068127 85.78135619786761 -0.06072004 -1.320245 85.86562
63 -0.424795408964287 -1.8325921047931282 87.16160041140024 -0.07518042 -1.343695 87.25015
64 -0.4918256460192637 -1.8903511274457168 88.53786452739011 -0.0843762 -1.362982 88.62909
65 -0.5128099980066914 -1.9506080342117256 89.91384490211743 -0.09813229 -1.38264 90.00634
66 -0.5250451011383329 -1.9834347299047745 91.28246484089942 -0.1110475 -1.399781 91.37524
67 -0.4907873439825143 -2.0080221769853144 92.64808561238705 -0.1283351 -1.418059 92.74128
68 -0.5087718877009966 -2.032324111535178 94.01008542360745 -0.1454603 -1.435964 94.10339
69 -0.5119306513646423 -2.0706716591498 95.36727726397501 -0.1697048 -1.45619 95.46076
70 -0.5003635877291521 -2.0715674891263682 96.7206086370983 -0.1913409 -1.476213 96.81382
71 -0.5880951821542486 -2.1143902513194823 98.06901948038495 -0.2120314 -1.496478 98.16545
72 -0.5080372505322972 -2.1439474742020894 99.41635145781683 -0.2344056 -1.517683 99.51513
73 -0.4998067081052033 -2.1397098200088545 100.7616756365697 -0.2485715 -1.534999 100.8603
74 -0.5554261304234978 -2.2204859216354107 102.10352191074733 -0.2694021 -1.556018 102.2054
75 -0.5227031398197766 -2.245725520706279 103.44363514220566 -0.2867601 -1.575247 103.5459
76 -0.5365131590098654 -2.2696555052024445 104.7822403399407 -0.3053256 -1.596046 104.8845
77 -0.5460793240010896 -2.3001982619259578 106.11830635155617 -0.3153955 -1.613299 106.2208
78 -0.5694296933439716 -2.321435131937736 107.46280379619645 -0.3343086 -1.638432 107.5653
79 -0.5388924669860553 -2.346221009686089 108.80362315361933 -0.3508131 -1.661275 108.9064
80 -0.57884544191332 -2.3884378396379695 110.14099985961067 -0.3737761 -1.686739 110.2446
81 -0.47911768765299845 -2.379683301763412 111.46959664011679 -0.3943149 -1.710102 111.5766
82 -0.37715821940662936 -2.404163607679839 112.79420933629865 -0.4137129 -1.733997 112.905
83 -0.4050408628803292 -2.460795275151355 114.11648014221643 -0.4219683 -1.753986 114.2286
84 -0.4185871077975646 -2.5000871363895545 115.44751911384711 -0.4295899 -1.775004 115.5601
85 -0.4210848422749961 -2.563765890214321 116.77903927638833 -0.4334779 -1.79423 116.893
86 -0.42324003384346237 -2.5881659562096275 118.11333004303876 -0.4334151 -1.811794 118.2274
87 -0.37845857508654696 -2.5853416070131545 119.44655215081157 -0.4306137 -1.825847 119.5613
88 -0.41230051392352707 -2.6017400480281294 120.78938465152558 -0.4334146 -1.846322 120.9045
89 -0.3766590990639958 -2.646441945519679 122.15259589703906 -0.4472932 -1.880929 122.2684
90 -0.4009415020458174 -2.683393953717485 123.50801558542713 -0.4560744 -1.91003 123.6242
91 -0.41553865388023703 -2.7011418053538154 124.86747298179006 -0.4622549 -1.940325 124.9835
92 -0.4385352697448647 -2.706993857597003 126.22111541497813 -0.4641329 -1.966295 126.3371
93 -0.45894417029090295 -2.778582188583944 127.5750694070774 -0.4708495 -2.006026 127.6925
94 -0.4472892053680047 -2.837346934818189 128.9312318554182 -0.4718094 -2.038343 129.0496
95 -0.44138980858511034 -2.8443267457177366 130.2890505424813 -0.47428 -2.073189 130.407
96 -0.383127235537225 -2.8693149137877296 131.63652288161836 -0.4701254 -2.099489 131.7557
97 -0.31231612405732373 -2.9164944277604716 132.98814838200158 -0.4656937 -2.127702 133.1097
98 -0.2783402710161685 -2.9664564468526167 134.33895696582135 -0.4651028 -2.162932 134.4614
99 -0.32675133376122056 -2.9964573598259143 135.69142312667208 -0.4661197 -2.198388 135.8146
100 -0.31741278606899864 -3.0168196242508056 137.03752727963752 -0.4644953 -2.226309 137.1606
101 -0.37501832593428375 -3.027892248646088 138.38835556691902 -0.4645723 -2.254854 138.5124
102 -0.36867579215862406 -3.0617177254011128 139.73838487910564 -0.4641807 -2.281749 139.8626
103 -0.3471564767572248 -3.1000160858330976 141.08838029210344 -0.4674418 -2.314866 141.2129
104 -0.3359822267808761 -3.1310994973788713 142.43754989667787 -0.4704574 -2.341886 142.5622
105 -0.32951679011839896 -3.1368753429982976 143.78547122899897 -0.474702 -2.367455 143.9099
106 -0.33969231029412295 -3.155895019289622 145.13348710597685 -0.4789013 -2.395024 145.2578
107 -0.3930399120752559 -3.1694345271804147 146.47603260351082 -0.4813925 -2.426593 146.6011
108 -0.39538934808327764 -3.200320259946501 147.82887043213043 -0.484415 -2.462969 147.9538
109 -0.39154727770276465 -3.225105266247698 149.1780960107678 -0.4832843 -2.489366 149.303
110 -0.3819533024726473 -3.275745648444374 150.5225377335047 -0.4887986 -2.518617 150.6481
111 -0.4426545701483533 -3.2886420656972684 151.8650070962612 -0.4979854 -2.545628 151.9917
112 -0.4881090283550826 -3.3320679025196758 153.2097194898383 -0.5139897 -2.581792 153.3373
113 -0.29540856681161853 -3.366935916759951 154.542763253191 -0.5203405 -2.611885 154.6843
114 -0.13578898790116745 -3.4302902803222985 155.88071170662695 -0.5188374 -2.641449 156.0329
115 -0.11229227937230317 -3.473541418976294 157.23006627628965 -0.510487 -2.666163 157.3829
116 -0.15788493855675723 -3.5449717149941113 158.576642248473 -0.4996047 -2.68915 158.7319
117 -0.21271580310933516 -3.589986063986605 159.92168441785665 -0.4908894 -2.711383 160.0786
118 -0.23125382706887437 -3.621851389295408 161.27183339945162 -0.4848759 -2.73678 161.429
119 -0.2280776884198288 -3.626594958152877 162.62183211522296 -0.4836516 -2.760604 162.7788
120 -0.24757090631010853 -3.6262367042468475 163.97267178497438 -0.4767803 -2.787254 164.1295
121 -0.20149322930296737 -3.6789183350737757 165.3222847083112 -0.468784 -2.810667 165.4807
122 -0.22916926813327013 -3.7132021479228685 166.68012695467488 -0.4599264 -2.835558 166.839
123 -0.30565352461286494 -3.735939787401099 168.03908303975027 -0.449484 -2.861986 168.2
124 -0.37078342277909304 -3.7135667544300373 169.39777911674932 -0.4424438 -2.88656 169.5602
125 -0.35647415004417293 -3.7908644047135773 170.75539125423663 -0.4389717 -2.91424 170.9198
126 -0.012568036164331942 -3.9101303838768193 172.0706609702546 -0.4111543 -2.932731 172.2841
127 -0.06936665293951802 -3.920047937561611 173.4386275043667 -0.388112 -2.960771 173.6528
128 -0.11108991540215193 -3.906227905677272 174.81450280594922 -0.3779301 -2.986448 175.0291
129 -0.08834375131283964 -3.952310717654839 176.19335385796103 -0.3588782 -3.008539 176.4086
130 -0.10069903310172656 -3.9834377330196284 177.5696792275191 -0.3405308 -3.013913 177.7852
131 -0.12712506160866854 -4.0062812246393325 178.94489835127192 -0.3214042 -3.022953 179.1607
132 -0.12357330233945889 -4.0392989910564285 180.32594038859628 -0.3136545 -3.041123 180.542
133 -0.13228053158524875 -4.095122432273346 181.7043503389099 -0.3089995 -3.0621 181.9214
134 -0.1845448034741489 -4.135063077809501 183.0914452680044 -0.3140564 -3.088158 183.3098
135 -0.20356438861807116 -4.165633329312935 184.48533614983424 -0.3186558 -3.114466 184.7039
136 -0.2232685984168795 -4.147335828109893 185.88077542684596 -0.3141305 -3.137555 186.0994
137 -0.24871089535813198 -4.132607384412883 187.28013605250663 -0.3087277 -3.164478 187.4988
138 -0.26986186484028474 -4.123631883336209 188.68175749675768 -0.3089327 -3.193945 188.9003
139 -0.3269699219573593 -4.178803372920044 190.08429014034678 -0.3070211 -3.221858 190.3048
140 -0.45556825474867635 -4.200153019782669 191.4865415017124 -0.3030042 -3.25053 191.7128
141 -0.4496343017010979 -4.224867879876085 192.89514704927294 -0.3007558 -3.281162 193.1213
142 -0.42668090881657994 -4.229850569594402 194.31373862438232 -0.2979338 -3.314135 194.5397
143 -0.40172194222416086 -4.263581990816723 195.73294457630848 -0.2945301 -3.344375 195.9592
144 -0.4350648933276193 -4.340328703771031 197.1527490074984 -0.2955048 -3.384557 197.3809
145 -0.32409649483485914 -4.3821963821883365 198.5684226100329 -0.2998637 -3.419365 198.8011
146 -0.323526290683524 -4.425700116374665 199.9918879986178 -0.3150034 -3.471363 200.2242
147 -0.34503151059440323 -4.4542823301701455 201.42531150880913 -0.3321987 -3.515079 201.6573
148 -0.3797618713783506 -4.522441284367255 202.8614392152517 -0.3485808 -3.555576 203.0948
149 -0.3633340420367336 -4.560224641042442 204.29876558376938 -0.3518432 -3.580327 204.5325
150 -0.3745052251785487 -4.610165076202174 205.73595577967686 -0.3481359 -3.604083 205.9704
151 -0.3838621490134541 -4.642397416108565 207.18368199036126 -0.3438313 -3.628674 207.4183
152 -0.3616819255807443 -4.670673690440626 208.6330075889109 -0.342198 -3.650886 208.8679
153 -0.3920887499391482 -4.6956613228747175 210.08796489013437 -0.3429638 -3.67436 210.3232
154 -0.39855582301632647 -4.740261906567911 211.54938777530103 -0.347951 -3.708945 211.7849
155 -0.44042783506060723 -4.771572935145075 213.00923047688596 -0.3533161 -3.741769 213.2453
156 -0.4481068960130368 -4.819383392078415 214.47778690765932 -0.3575809 -3.778065 214.7142
157 -0.4551146228087588 -4.85772402749996 215.94981705372754 -0.3574839 -3.809987 216.1864
158 -0.508877660663259 -4.9211718667610835 217.42282098636352 -0.3559812 -3.837087 217.6615
159 -0.48369254481265167 -4.957432867427296 218.90288433833305 -0.3604882 -3.867619 219.1419
160 -0.5403859470171885 -5.01055996192065 220.3785023909044 -0.3669047 -3.899694 220.6192
161 -0.606557369858251 -5.077488086128101 221.8620030380015 -0.3711882 -3.93317 222.1053
162 -0.663839086787544 -5.140598712759017 223.34393456364424 -0.3755068 -3.961696 223.5894
163 -0.7174209569993361 -5.1727996156107885 224.8324018556535 -0.3771503 -3.990503 225.0789
164 -0.678417343679742 -5.214076923121165 226.32175715705907 -0.3787707 -4.017067 226.5691
165 -0.664752004646972 -5.291161889775323 227.81112471369877 -0.3785266 -4.048136 228.0602
166 -0.6853021444424712 -5.3221933590040695 229.30180356549982 -0.3786614 -4.075078 229.5511
167 -0.7067889020445697 -5.415384065947589 230.7932340481342 -0.3766086 -4.099044 231.0454
168 -0.6674234424101229 -5.458593165928413 232.28901871921786 -0.3745701 -4.124994 232.5421
169 -0.7416202614083609 -5.510556646597613 233.78224782577973 -0.3739626 -4.153624 234.0378
170 -0.7207484370099176 -5.591063238829384 235.28150119238526 -0.3764692 -4.186333 235.539
171 -0.6242401516325338 -5.606947947063195 236.78430446631342 -0.3784077 -4.220226 237.0446
172 -0.6549757586446575 -5.669434758590095 238.28836005699728 -0.3814943 -4.253315 238.5499
173 -0.69265708316282 -5.69260372675117 239.79845348070813 -0.3829065 -4.285388 240.0603
174 -0.6235117847337033 -5.745633304765209 241.30713146011414 -0.3820924 -4.315103 241.5712
175 -0.6155706707429858 -5.77417457125363 242.82328047366198 -0.3818797 -4.347138 243.0873
176 -0.7734076273118179 -5.84431975656465 244.3284113635101 -0.3796393 -4.377646 244.602
177 -0.8069299955595652 -5.932897145081037 245.84680320023352 -0.377078 -4.404696 246.1231
178 -0.8699442226509206 -5.99898157794604 247.3689195359535 -0.3721572 -4.432022 247.6477
179 -0.8932932794428424 -6.075635248953543 248.887537253543 -0.3683885 -4.458219 249.1682
180 -0.8959029610452436 -6.0823858692594515 250.41599433686534 -0.3658944 -4.487063 250.6964
181 -0.8142564787651864 -6.158596050186899 251.93980176939542 -0.3629857 -4.511301 252.2241
182 -0.8718532081016165 -6.212814972702994 253.47085775410812 -0.3598899 -4.535745 253.757
183 -0.8977636075039825 -6.275889404567685 255.00101099023132 -0.3565283 -4.558441 255.2885
184 -0.9099930927821197 -6.285310126727355 256.5356691161343 -0.3518994 -4.58494 256.823
185 -0.9718880551466664 -6.348894782749239 258.07154496920214 -0.3474488 -4.611578 258.3612
186 -1.0127691752576524 -6.384659255818219 259.6099207400563 -0.3407995 -4.637604 259.9003
187 -0.9697387014525483 -6.4224261103558415 261.1439625632707 -0.3346776 -4.662237 261.4352
188 -1.0381681107869323 -6.45218810708522 262.68025353629736 -0.3291338 -4.686551 262.9731
189 -1.1374442140669132 -6.525586454486286 264.21377321506003 -0.3253738 -4.715745 264.5113
190 -1.1743886957322236 -6.588990969792497 265.7582710551511 -0.3249046 -4.748173 266.0572
191 -1.219765899158026 -6.618093426665936 267.2987578052178 -0.3208179 -4.788372 267.5981
192 -1.2942781992566619 -6.662877022806732 268.836333958108 -0.3173943 -4.824679 269.1377
193 -1.2959281938750598 -6.714275141908961 270.3754311685223 -0.3166024 -4.866052 270.6771
194 -1.308788803973742 -6.777071967598218 271.91603147585477 -0.3155943 -4.906588 272.2185
195 -1.2936911422078106 -6.868883338105647 273.4602470607241 -0.3140401 -4.950219 273.7649
196 -1.3310625124944242 -6.919364371202941 275.00172411577034 -0.3112309 -4.987626 275.3072
197 -1.3362896270896103 -7.035808644251131 276.544508293364 -0.3114206 -5.039836 276.8535
198 -1.4070834853096263 -7.0420266079375695 278.0851762409279 -0.3062026 -5.082755 278.3952
199 -1.4438918116222048 -7.099330842512007 279.63443965570366 -0.3011292 -5.134136 279.9451
200 -1.5119965511316593 -7.159583139850937 281.1829769852508 -0.2897536 -5.172038 281.4958
201 -1.5725129816293126 -7.243302876441262 282.734061965864 -0.2764899 -5.210037 283.0498
202 -1.5678018009512973 -7.317445943907717 284.28339326192946 -0.2599233 -5.24169 284.6005
203 -1.6108850075657024 -7.383490419364825 285.82677209019977 -0.2447296 -5.277598 286.1454
204 -1.6119156783052702 -7.404738455580419 287.3816751562378 -0.2301583 -5.316244 287.6999
205 -1.6336383399787449 -7.45066431186555 288.93508662193614 -0.2170805 -5.355148 289.2536
206 -1.6324268716716368 -7.513971591826441 290.4909501267612 -0.2045251 -5.390475 290.8103
207 -1.6840244468223926 -7.586610080610591 292.0477269644244 -0.1926927 -5.424878 292.3692
208 -1.5800048390117376 -7.687949166419129 293.60385121747805 -0.1828271 -5.462578 293.9316
209 -1.6053623511684345 -7.749289604248098 295.1720639332437 -0.1753107 -5.502144 295.5007
210 -1.711701449375696 -7.794743956998097 296.7399429133568 -0.1681708 -5.542654 297.0723
211 -1.785145849226984 -7.824186156024929 298.3161923199836 -0.1571664 -5.573209 298.6502
212 -1.8745338460944254 -7.90651084281163 299.8983812153018 -0.1498301 -5.605662 300.2367
213 -1.9260810620782292 -7.9496258840486735 301.4816988776321 -0.1436567 -5.638056 301.8211
214 -1.9955061979250692 -7.978061998528318 303.0722545981329 -0.1362308 -5.674045 303.413
215 -2.077685405195014 -8.066334272643001 304.6645348127624 -0.1245796 -5.704927 305.0095
216 -2.1528356836601263 -8.151471099038769 306.2600507291895 -0.1113075 -5.740563 306.6086
217 -2.2364803720820605 -8.256030018389584 307.8578735696812 -0.1009905 -5.775938 308.2116
218 -2.222922095974246 -8.307312126888425 309.4649391944176 -0.0964999 -5.821106 309.8189
219 -2.278970358976811 -8.349821780049169 311.0781542113598 -0.09324941 -5.863046 311.4331
220 -2.2624944180646103 -8.39627392048757 312.6894244252525 -0.09658434 -5.907766 313.0445
221 -2.341225424320168 -8.488324550529557 314.3092354606188 -0.106523 -5.952029 314.6682
222 -2.3933945636343634 -8.548728340547656 315.93483713919545 -0.1079811 -5.990688 316.2953
223 -2.379798802529397 -8.649179824416564 317.5610156747028 -0.1086696 -6.032426 317.9241
224 -2.421809560849862 -8.755107538874997 319.1858234687136 -0.1058419 -6.068362 319.5525
225 -2.5096449715552835 -8.833994484997492 320.81179833826263 -0.1039698 -6.106845 321.1823
226 -2.526234621268074 -8.898699031738495 322.44244316155437 -0.1009179 -6.143404 322.8139
227 -2.580301958260149 -8.99435084064738 324.0650679536786 -0.09883113 -6.185282 324.4397
228 -2.554793936825634 -9.009521632364711 325.6937615561688 -0.09648438 -6.224088 326.0682
229 -2.6215640591605576 -9.068660305772632 327.32133497252926 -0.09411052 -6.268819 327.6976
230 -2.711319021795163 -9.13584786072993 328.9445050853554 -0.08496956 -6.305428 329.3242
231 -2.88723094078835 -9.252663784262886 330.557791646313 -0.07442718 -6.342113 330.9508
232 -2.927289459245866 -9.317211816440842 332.17492090749494 -0.06421231 -6.372244 332.5694
233 -3.0260845763527833 -9.417704758467941 333.78921695524025 -0.05844895 -6.413497 334.1893
234 -3.132332356569775 -9.51173687933117 335.3965028060217 -0.05434961 -6.45078 335.8024
235 -3.217042313550513 -9.577387198698025 337.00077706822316 -0.04949748 -6.492551 337.4097
236 -3.2468217207169654 -9.633949345133544 338.611401512046 -0.04548042 -6.532188 339.0211
237 -3.375464325542448 -9.713637519052742 340.2123463739882 -0.04257007 -6.571397 340.6287
238 -3.3538950033451873 -9.740910386832 341.82976187114 -0.03930296 -6.601811 342.2462
239 -3.453107383133202 -9.832413536028128 343.43091415669346 -0.03681003 -6.628918 343.8528
240 -3.6040253176818733 -9.955466199001705 345.0188984660288 -0.03514659 -6.652782 345.4525
241 -3.7511327970704236 -10.023370342245276 346.613782569753 -0.0345479 -6.677644 347.0554
242 -3.7722099743495825 -10.089112302477718 348.2122852895335 -0.03707175 -6.708152 348.6551
243 -3.8584926690002557 -10.140426725727401 349.80750062432077 -0.04156332 -6.737239 350.2532
244 -3.925421760730049 -10.206490663311975 351.39976640563583 -0.05261018 -6.773059 351.8478
245 -3.990447886735931 -10.275806420403065 352.995908054346 -0.06277075 -6.805862 353.4464
246 -4.066218566490933 -10.32650608880933 354.58528944758206 -0.07506606 -6.843564 355.0379
247 -4.160428444280348 -10.427682735933221 356.1726934338294 -0.08570356 -6.882552 356.6308
248 -4.314731839212051 -10.511632432361578 357.7544949030955 -0.09729989 -6.921763 358.2218
249 -4.38848116667655 -10.559379590514569 359.343240465333 -0.1091014 -6.958715 359.8125
250 -4.476334995362267 -10.60933043356657 360.93171886508026 -0.1223014 -6.995935 361.4037
251 -4.5457789397356665 -10.693762729192311 362.5137344924676 -0.1322206 -7.034017 362.989
252 -4.643181656737637 -10.748942522702409 364.1080075004289 -0.1419952 -7.072717 364.5867
253 -4.737577332449364 -10.82889063947718 365.70085958453285 -0.1552999 -7.112398 366.1838
254 -4.807032824573587 -10.9002415397353 367.2954677584855 -0.1668615 -7.146884 367.7811
255 -4.821434885411742 -10.948068501936621 368.90083749622266 -0.1858911 -7.18829 369.3866
256 -4.870484018600839 -11.026754341824606 370.4873474776493 -0.2029185 -7.225081 370.9753
257 -4.946591562718112 -11.074774361801271 372.1256843690813 -0.2229981 -7.26884 372.6154
258 -5.025365762854721 -11.134850023789571 373.7330501060458 -0.2378134 -7.306808 374.2253
259 -5.088688087100523 -11.200662661045522 375.2866997835968 -0.2519893 -7.344936 375.7811
260 -5.167083648634764 -11.278391137762643 376.889505619636 -0.2625878 -7.379336 377.3873
261 -5.161276464240354 -11.348905746365716 378.49394855178616 -0.2704012 -7.414418 378.9929
262 -5.183485763322034 -11.445514894231405 380.10548009111614 -0.2783585 -7.448411 380.6071
263 -5.170593124040976 -11.515698358591388 381.71744522748065 -0.2877925 -7.485057 382.2202
264 -5.23796780137999 -11.563057651143556 383.33639597745463 -0.2960866 -7.522079 383.8408
265 -5.288493448224116 -11.640765665627065 384.9445628259918 -0.3039652 -7.558709 385.4512
266 -5.335102948910989 -11.714803552188876 386.55925728775384 -0.3110174 -7.596748 387.0678
267 -5.373658412878337 -11.783764434037728 388.1756119394061 -0.3164538 -7.631598 388.6857
268 -5.424519583507632 -11.854079354978152 389.7938247019178 -0.3206582 -7.664429 390.3059
269 -5.466039855058821 -11.92837820502651 391.42191398063693 -0.3238003 -7.696195 391.9359
270 -5.51293997307372 -11.992682474633519 393.04234889323635 -0.3237896 -7.731691 393.5579
