0 0.0 0.0 0.0 -5.551115e-17 0.0 2.220446e-16
1 -0.010509678331419558 -0.00842774492535241 1.3107009893801058 0.001289128 -0.01821616 1.310643
2 0.013995002131471678 -0.04014948589876989 2.6249618513848407 0.0004448326 -0.04203318 2.625299
3 0.09781740664280461 -0.05970916893335828 3.938744603896351 0.002037581 -0.06302801 3.94173
4 0.07073973022754326 -0.08772129684063684 5.257636758400119 0.002777892 -0.08483761 5.261017
5 0.09792576400096821 -0.1030709927526042 6.577994134174904 0.004157928 -0.1014678 6.581638
6 0.17683909629210048 -0.14442765992080084 7.902227942968223 0.007571022 -0.1165874 7.908775
7 0.17217920007948412 -0.17516830840919895 9.232150602925497 0.008323818 -0.1328035 9.238962
8 0.20073111018710496 -0.21263443108685326 10.562092875353104 0.007728339 -0.1497649 10.56963
9 0.18857394467817898 -0.22628502571666 11.896668242173439 0.006780918 -0.1634547 11.90426
10 0.18396133112756877 -0.25981920494252014 13.234130221700948 0.003419395 -0.176748 13.24208
11 0.054205685395317726 -0.31356962848607073 14.565289262791808 -0.001862182 -0.1959202 14.58048
12 0.1152334268844164 -0.3223220297128911 15.914243652285473 -0.005851755 -0.2177602 15.93066
13 0.09991552164475351 -0.3799380933266583 17.2646179181947 -0.004267715 -0.236414 17.28222
14 0.0393587701210886 -0.3993026236542661 18.615712294328578 0.000482789 -0.2537475 18.63469
15 0.11147198989632677 -0.42342250473794235 19.965686606982217 0.005006086 -0.2699101 19.9867
16 0.11929914184462287 -0.4241727532722029 21.32043271430207 0.004134686 -0.2931092 21.34127
17 0.0927250005856665 -0.4715499420507193 22.684150757921408 -0.0007654745 -0.3222297 22.70575
18 0.09413738948062482 -0.5129454487022993 24.050109994162273 -0.007369324 -0.3468119 24.0721
19 0.07751796139285283 -0.5564712162915348 25.426078114292263 -0.009719264 -0.3687424 25.44868
20 0.06877223673735747 -0.5567659203723567 26.797801488589442 -0.005061181 -0.3871399 26.8203
21 0.04443745424518157 -0.5785578037125098 28.17204032287175 0.001962273 -0.4099385 28.19472
22 0.052077108479445855 -0.5904609600041796 29.547563224645245 0.005281593 -0.4328977 29.57012
23 0.04077515001059005 -0.6065608409466013 30.92739469942612 0.007939024 -0.4591179 30.94984
24 -0.03270193801695716 -0.640820216429575 32.31073353781534 0.006827076 -0.4850133 32.33531
25 -0.0982031456019698 -0.6267686430667101 33.6918685940106 0.008305167 -0.5122367 33.7178
26 -0.0957919083233526 -0.6428148641507168 35.08514757077252 0.0101734 -0.543116 35.11083
27 -0.14485684997322268 -0.682805430086484 36.481129850963185 0.0121194 -0.5746233 36.50789
28 -0.17831473201941225 -0.6989662906657257 37.878867777368185 0.01511478 -0.5999006 37.90589
29 -0.23362568383752358 -0.7500428571832524 39.27271273520269 0.01696851 -0.6238526 39.30156
30 -0.3018653939028094 -0.7493199542998726 40.674004698953475 0.01942949 -0.643712 40.70437
31 -0.3332705194754657 -0.7756544389710327 42.080296959206024 0.01916344 -0.6707246 42.111
32 -0.4000119832452963 -0.8225131303170012 43.48570933962251 0.02134431 -0.694132 43.51858
33 -0.3772450854305656 -0.8303496259643665 44.89534182019407 0.02622364 -0.7178581 44.92821
34 -0.37462539504173376 -0.8394637466096821 46.30853613466576 0.03086036 -0.739025 46.34127
35 -0.498064119454813 -0.88591955790836 47.71832480178296 0.03408031 -0.7610315 47.75704
36 -0.48452155606015396 -0.8826430980507269 49.14103183446254 0.03359221 -0.7839856 49.17963
37 -0.5774921590560377 -0.9467888216278603 50.55925691050321 0.03175532 -0.805635 50.60218
38 -0.7938150895158037 -0.9845037804918689 51.96853815507001 0.02895795 -0.8265408 52.02831
39 -1.043041884692116 -0.967943289891707 53.375517900256405 0.02536977 -0.8453836 53.45716
40 -1.0938180044219052 -0.9950584367743736 54.80200531230043 0.02082938 -0.8668316 54.88464
41 -1.0861872679531739 -1.0039382735311355 56.234063434783714 0.0168087 -0.88688 56.3166
42 -1.1061276439090293 -1.0147987423605331 57.662932622568704 0.0132291 -0.9072442 57.7455
43 -1.0802238322559836 -1.0355177032887104 59.09081058353955 0.01007535 -0.9249469 59.17365
44 -1.1044826831437544 -1.0293310653910583 60.52026091382892 0.006524255 -0.9446035 60.60318
45 -1.1126457690495797 -1.0445877471487768 61.94507321919571 0.00276421 -0.9647484 62.02795
46 -1.119912890791152 -1.0303481667142012 63.36920603830306 -0.001308243 -0.98781 63.45198
47 -1.0888384587981637 -1.0077765411817652 64.78872345527166 -0.002873604 -1.008175 64.87187
48 -1.1010508277824596 -1.0615933363242789 66.20534574987326 -0.005953934 -1.0297 66.2894
49 -1.1840700173581555 -1.0313840190166572 67.61644747683441 -0.01002031 -1.050203 67.70311
50 -1.2475378445994632 -1.035323711299135 69.02810371633889 -0.0193644 -1.076075 69.11593
51 -1.2532489902771184 -1.0247725953673774 70.44231091315567 -0.02702275 -1.097831 70.53
52 -1.2982100679586217 -1.0499880204218464 71.85131917836323 -0.03513442 -1.118231 71.93978
53 -1.456996509826609 -1.0671803992476472 73.2423906140527 -0.0421465 -1.135987 73.33986
54 -1.3778796841975773 -1.0547366909302307 74.64280696012749 -0.04677589 -1.153311 74.74245
55 -1.4138578410234146 -1.0248448629479667 76.04429561229242 -0.05327678 -1.177226 76.1445
56 -1.4742075167234259 -1.0665603887331412 77.43881142791975 -0.05458511 -1.197942 77.54079
57 -1.4621106197311693 -1.1165968914196633 78.83217665695904 -0.05287325 -1.218035 78.93496
58 -1.4878651435233694 -1.1667720939731718 80.22165115904554 -0.0495425 -1.236655 80.32545
59 -1.386181358091241 -1.166614979333851 81.6035842548063 -0.04883212 -1.258287 81.71095
60 -1.3568223512653395 -1.2473401087259137 82.98733069050333 -0.04838807 -1.278676 83.09721
61 -1.3910130936481082 -1.2711884673350118 84.37333506619449 -0.05269073 -1.300031 84.48367
62 -1.43221454890075 -1.2791107169510154 85.75481925219198 -0.06072004 -1.320245 85.86562
63 -1.4602792402065963 -1.292414188013529 87.13927499967882 -0.07518042 -1.343695 87.25015
64 -1.4799926986199117 -1.307175527876418 88.51816062102007 -0.0843762 -1.362982 88.62909
65 -1.4658231139576954 -1.3184464705118188 89.89550060018232 -0.09813229 -1.38264 90.00634
66 -1.4427667891579727 -1.3230774437774606 91.26436684145781 -0.1110475 -1.399781 91.37524
67 -1.4731236972643122 -1.3644782707534326 92.62967364128475 -0.1283351 -1.418059 92.74128
68 -1.4707110912316144 -1.4139746949333614 93.99110736972165 -0.1454603 -1.435964 94.10339
69 -1.4961601763553658 -1.4227847315758162 95.34857741767001 -0.1697048 -1.45619 95.46076
70 -1.5314134150262046 -1.4465623808182506 96.70129033529591 -0.1913409 -1.476213 96.81382
71 -1.5232726246702353 -1.4306493915940124 98.05311241242795 -0.2120314 -1.496478 98.16545
72 -1.550008219280269 -1.4713655106642254 99.4022653929603 -0.2344056 -1.517683 99.51513
73 -1.593573264095594 -1.485497691174441 100.74684161386526 -0.2485715 -1.534999 100.8603
74 -1.6191506122976977 -1.5350280863755368 102.09111177327055 -0.2694021 -1.556018 102.2054
75 -1.6795398950467726 -1.5889729373953712 103.42941457614535 -0.2867601 -1.575247 103.5459
76 -1.7492181745386688 -1.6195128124177856 104.76614173214686 -0.3053256 -1.596046 104.8845
77 -1.6990526842948779 -1.6182407601884803 106.10164858887457 -0.3153955 -1.613299 106.2208
78 -1.7260349311950398 -1.6274508606887828 107.44621422707955 -0.3343086 -1.638432 107.5653
79 -1.6638588121964377 -1.626953439213595 108.78616844046425 -0.3508131 -1.661275 108.9064
80 -1.6988958669773666 -1.6059755841302406 110.12418461714276 -0.3737761 -1.686739 110.2446
81 -1.7307904627979465 -1.6443659450920125 111.45561264261657 -0.3943149 -1.710102 111.5766
82 -1.764128816011466 -1.691189283887723 112.78312533279247 -0.4137129 -1.733997 112.905
83 -1.9021554337414501 -1.7820978772150398 114.09654413584327 -0.4219683 -1.753986 114.2286
84 -1.8546133823542246 -1.8226727450764157 115.42676424114859 -0.4295899 -1.775004 115.5601
85 -1.779860772233173 -1.7870369733849198 116.75723382166369 -0.4334779 -1.79423 116.893
86 -1.879352138083262 -1.836234885738863 118.0871258817878 -0.4334151 -1.811794 118.2274
87 -1.8963716894602025 -1.8185532332880328 119.42087707248587 -0.4306137 -1.825847 119.5613
88 -1.89811282285706 -1.8585925452172056 120.76363808347052 -0.4334146 -1.846322 120.9045
89 -1.9186488756145592 -1.8972784547120547 122.1273444818315 -0.4472932 -1.880929 122.2684
90 -1.9595584111686386 -1.8653947937490667 123.48249298282273 -0.4560744 -1.91003 123.6242
91 -1.9748040799785518 -1.8643101815133594 124.84205867406538 -0.4622549 -1.940325 124.9835
92 -1.9164854430759377 -1.887738767065338 126.19444950727627 -0.4641329 -1.966295 126.3371
93 -1.9324526211964217 -1.9153900682166227 127.55007234562183 -0.4708495 -2.006026 127.6925
94 -2.0145811770626567 -1.9057262390702436 128.90503626787753 -0.4718094 -2.038343 129.0496
95 -2.0607390287100076 -1.9236739506203373 130.26198226531508 -0.47428 -2.073189 130.407
96 -2.0749425632740595 -1.9486879633690657 131.61063833691867 -0.4701254 -2.099489 131.7557
97 -2.047377913449444 -1.999163368555972 132.96371780128328 -0.4656937 -2.127702 133.1097
98 -1.9607312570618578 -2.0544240632667035 134.3119659255615 -0.4651028 -2.162932 134.4614
99 -1.8714421064293458 -2.1231120647550124 135.6609350905362 -0.4661197 -2.198388 135.8146
100 -1.8387691567541717 -2.158820144075454 137.00635533430656 -0.4644953 -2.226309 137.1606
101 -1.8142330301261032 -2.18672420973402 138.35794602847542 -0.4645723 -2.254854 138.5124
102 -1.8145234470872893 -2.220208054550548 139.70799872454688 -0.4641807 -2.281749 139.8626
103 -1.8148823310753242 -2.2403428935208596 141.05855857880147 -0.4674418 -2.314866 141.2129
104 -1.9090826507070124 -2.234868057396274 142.4048297216973 -0.4704574 -2.341886 142.5622
105 -2.0483420056133435 -2.263533679959103 143.7452595760889 -0.474702 -2.367455 143.9099
106 -2.1267419173834647 -2.3231049675134985 145.0898475462177 -0.4789013 -2.395024 145.2578
107 -2.191852439280401 -2.348421745236081 146.43170349174332 -0.4813925 -2.426593 146.6011
108 -2.1298097424298486 -2.381371974024862 147.78307117859708 -0.484415 -2.462969 147.9538
109 -2.2020618726044154 -2.387812929036887 149.13057882750869 -0.4832843 -2.489366 149.303
110 -2.2214440721351374 -2.4171426231890876 150.475548766908 -0.4887986 -2.518617 150.6481
111 -2.172783124636738 -2.4450241062803695 151.81828093919867 -0.4979854 -2.545628 151.9917
112 -2.2191260856932646 -2.4481004885357676 153.163660513277 -0.5139897 -2.581792 153.3373
113 -2.2428582147102434 -2.5101092685653565 154.5093746800157 -0.5203405 -2.611885 154.6843
114 -2.2081956592334784 -2.516205579844703 155.85784032349432 -0.5188374 -2.641449 156.0329
115 -2.2555147970411378 -2.546842484209582 157.20691511395785 -0.510487 -2.666163 157.3829
116 -2.2681477464546314 -2.581038020938468 158.55566227353935 -0.4996047 -2.68915 158.7319
117 -2.2759468765099373 -2.6421361220452573 159.9011649113497 -0.4908894 -2.711383 160.0786
118 -2.2850224959418903 -2.657615413067806 161.251697900385 -0.4848759 -2.73678 161.429
119 -2.2977617649457427 -2.668694608542903 162.60160311347937 -0.4836516 -2.760604 162.7788
120 -2.3521071407736156 -2.691759586120414 163.95129289791103 -0.4767803 -2.787254 164.1295
121 -2.4071125399120423 -2.7229041489950445 165.30124029379417 -0.468784 -2.810667 165.4807
122 -2.3645128578051655 -2.751071821011222 166.6588369784897 -0.4599264 -2.835558 166.839
123 -2.4392551440061205 -2.7983044753345836 168.01725928025036 -0.449484 -2.861986 168.2
124 -2.4980610780668258 -2.846360426525418 169.37557808434846 -0.4424438 -2.88656 169.5602
125 -2.422056858126563 -2.8711409573915 170.7331124970687 -0.4389717 -2.91424 170.9198
126 -2.4795143273425206 -2.9013711254596712 172.09627609363133 -0.4111543 -2.932731 172.2841
127 -2.487546020492811 -2.95718049629746 173.46429571528196 -0.388112 -2.960771 173.6528
128 -2.5329610135465654 -3.028753299945915 174.83826059168908 -0.3779301 -2.986448 175.0291
129 -2.590016678474428 -3.0435056641414633 176.21680992197253 -0.3588782 -3.008539 176.4086
130 -2.561220282783579 -3.0963165015206173 177.5922279856947 -0.3405308 -3.013913 177.7852
131 -2.620176018799117 -3.119688748335065 178.9664280285186 -0.3214042 -3.022953 179.1607
132 -2.61979353764579 -3.1362010846273747 180.3477705252255 -0.3136545 -3.041123 180.542
133 -2.4926978884929474 -3.1547170376632865 181.7213461216175 -0.3089995 -3.0621 181.9214
134 -2.5541107561788614 -3.1941830373617544 183.10807971036192 -0.3140564 -3.088158 183.3098
135 -2.5561012817759834 -3.2237720283164744 184.50212009886096 -0.3186558 -3.114466 184.7039
136 -2.6336929973689482 -3.27760282551546 185.89461986590055 -0.3141305 -3.137555 186.0994
137 -2.7885911155927587 -3.3231153389302395 187.2849470152687 -0.3087277 -3.164478 187.4988
138 -2.9022473970858895 -3.3615832603688616 188.68161199471487 -0.3089327 -3.193945 188.9003
139 -2.8301606735192895 -3.382893019110616 190.08437799025774 -0.3070211 -3.221858 190.3048
140 -2.815060181273087 -3.412850170617426 191.49227598488557 -0.3030042 -3.25053 191.7128
141 -2.9281058917280474 -3.435996587768754 192.89637731151672 -0.3007558 -3.281162 193.1213
142 -2.954644037681524 -3.4627175386060562 194.3146634110075 -0.2979338 -3.314135 194.5397
143 -2.972617416984767 -3.4737093858655896 195.73433324223726 -0.2945301 -3.344375 195.9592
144 -2.992283091735861 -3.4870459383794024 197.1564028012841 -0.2955048 -3.384557 197.3809
145 -3.00686672104347 -3.527491677508854 198.5763852296316 -0.2998637 -3.419365 198.8011
146 -3.0966018059896725 -3.589921535812738 199.99631365734967 -0.3150034 -3.471363 200.2242
147 -3.202807632088991 -3.6426328588823056 201.4252727945964 -0.3321987 -3.515079 201.6573
148 -3.2001771632875182 -3.642653499415758 202.86343402005662 -0.3485808 -3.555576 203.0948
149 -3.208887881037459 -3.6584732704095346 204.30123734579237 -0.3518432 -3.580327 204.5325
150 -3.2219937240698595 -3.667573234606732 205.73924983848474 -0.3481359 -3.604083 205.9704
151 -3.221036725711595 -3.7126796191799976 207.18666206556 -0.3438313 -3.628674 207.4183
152 -3.190968748510404 -3.7298991486944346 208.63601902820352 -0.342198 -3.650886 208.8679
153 -3.2120249778054464 -3.750677922449455 210.09120787604934 -0.3429638 -3.67436 210.3232
154 -3.308215971968911 -3.779377989344945 211.54987558433345 -0.347951 -3.708945 211.7849
155 -3.376570979979078 -3.814702135976694 213.0086264735598 -0.3533161 -3.741769 213.2453
156 -3.45456683989606 -3.85551234807928 214.4753418415024 -0.3575809 -3.778065 214.7142
157 -3.4587835888458627 -3.9001129552412404 215.94720626065316 -0.3574839 -3.809987 216.1864
158 -3.5123428048452237 -3.9547819571411122 217.4205695521465 -0.3559812 -3.837087 217.6615
159 -3.603781358393721 -3.9469796881765524 218.89844464551433 -0.3604882 -3.867619 219.1419
160 -3.7906746938894136 -4.026011534428476 220.36210789760568 -0.3669047 -3.899694 220.6192
161 -3.75216513651106 -4.091631586621159 221.84664258015405 -0.3711882 -3.93317 222.1053
162 -3.779795518343023 -4.109860594133541 223.33065385311224 -0.3755068 -3.961696 223.5894
163 -3.845561163022477 -4.162741938635497 224.81804123968132 -0.3771503 -3.990503 225.0789
164 -3.856817945560653 -4.18473235599232 226.30827411349114 -0.3787707 -4.017067 226.5691
165 -4.132064735655822 -4.185271222538879 227.7740788298538 -0.3785266 -4.048136 228.0602
166 -4.331383477800415 -4.237063859135379 229.25093300727258 -0.3786614 -4.075078 229.5511
167 -4.381862991411832 -4.282065981273275 230.74389573314772 -0.3766086 -4.099044 231.0454
168 -3.9841151055499626 -4.336054736588244 232.18600192950575 -0.3745701 -4.124994 232.5421
169 -3.971780910399629 -4.3093211028575045 233.68168629340536 -0.3739626 -4.153624 234.0378
170 -4.040741996506453 -4.320779792844303 235.18161651469944 -0.3764692 -4.186333 235.539
171 -4.181085195249985 -4.369521849035735 236.68025317905673 -0.3784077 -4.220226 237.0446
172 -4.2985513779062545 -4.38349209547868 238.18126584628078 -0.3814943 -4.253315 238.5499
173 -4.392978684911334 -4.454095727669142 239.6873991214099 -0.3829065 -4.285388 240.0603
174 -4.461373765102813 -4.483844038018403 241.19674984440994 -0.3820924 -4.315103 241.5712
175 -4.45051892034284 -4.578762576241887 242.71017580556992 -0.3818797 -4.347138 243.0873
176 -4.436335182166277 -4.627892395606992 244.22432141609642 -0.3796393 -4.377646 244.602
177 -4.505525623800479 -4.656329534233162 245.7438237967102 -0.377078 -4.404696 246.1231
178 -4.387172656402113 -4.653335344490195 247.26407367567234 -0.3721572 -4.432022 247.6477
179 -4.436345688361049 -4.695330060003742 248.78342853636343 -0.3683885 -4.458219 249.1682
180 -4.512331292555391 -4.718325409064344 250.30983963392123 -0.3658944 -4.487063 250.6964
181 -4.620949762467572 -4.749584011234412 251.83354831964957 -0.3629857 -4.511301 252.2241
182 -4.617970103837799 -4.8036233075629555 253.3656907344402 -0.3598899 -4.535745 253.757
183 -4.693767238440068 -4.830557285638627 254.89524884513153 -0.3565283 -4.558441 255.2885
184 -4.7185106717471275 -4.884088776520013 256.4288511455042 -0.3518994 -4.58494 256.823
185 -4.818634699684703 -4.967781109151071 257.961743641204 -0.3474488 -4.611578 258.3612
186 -4.880380888725009 -5.001519985866304 259.4994690627938 -0.3407995 -4.637604 259.9003
187 -4.9364476991358 -5.050691950748517 261.03276645827475 -0.3346776 -4.662237 261.4352
188 -5.040389414896297 -5.081793594698922 262.5670373345488 -0.3291338 -4.686551 262.9731
189 -5.084728047650405 -5.130155907169266 264.1041192580695 -0.3253738 -4.715745 264.5113
190 -5.226904264056823 -5.129668291522107 265.6438089316895 -0.3249046 -4.748173 266.0572
191 -5.330418264987218 -5.1481346979948714 267.1816481021365 -0.3208179 -4.788372 267.5981
192 -5.398098988176625 -5.2108896132959215 268.7189116513043 -0.3173943 -4.824679 269.1377
193 -5.389403486823798 -5.279601030447654 270.2573094677497 -0.3166024 -4.866052 270.6771
194 -5.418608017627877 -5.333341278738952 271.79802917770854 -0.3155943 -4.906588 272.2185
195 -5.542372568535881 -5.37049606312592 273.3396390173354 -0.3140401 -4.950219 273.7649
196 -5.557834924810159 -5.389105568574774 274.88220540718675 -0.3112309 -4.987626 275.3072
197 -5.66009705443659 -5.44691741383121 276.4249204999626 -0.3114206 -5.039836 276.8535
198 -5.6981046202513195 -5.444745630941534 277.9667566995587 -0.3062026 -5.082755 278.3952
199 -5.7627174367867555 -5.478001456906796 279.5158128607508 -0.3011292 -5.134136 279.9451
200 -5.863063026503093 -5.4866922085531735 281.0637442834371 -0.2897536 -5.172038 281.4958
201 -5.931550211015543 -5.522051766282092 282.6163533961804 -0.2764899 -5.210037 283.0498
202 -5.986680516288156 -5.544824184491042 284.16631756384817 -0.2599233 -5.24169 284.6005
203 -6.103242289285492 -5.533367817544536 285.70726478803067 -0.2447296 -5.277598 286.1454
204 -6.161286214907151 -5.588258840180813 287.26025994720925 -0.2301583 -5.316244 287.6999
205 -6.221782823863574 -5.632909183582556 288.8126821665838 -0.2170805 -5.355148 289.2536
206 -6.2248549210251305 -5.674873934895387 290.3692649773794 -0.2045251 -5.390475 290.8103
207 -6.290618826936776 -5.733808895159126 291.926086920068 -0.1926927 -5.424878 292.3692
208 -6.463926419438305 -5.7797018031415295 293.4786559843745 -0.1828271 -5.462578 293.9316
209 -6.558441964695696 -5.803148136907137 295.0452490571801 -0.1753107 -5.502144 295.5007
210 -6.758602789455841 -5.855844959227062 296.60370254940267 -0.1681708 -5.542654 297.0723
211 -7.021405898730167 -5.904927018044156 298.1591280834937 -0.1571664 -5.573209 298.6502
212 -7.003719818193362 -5.954483824514318 299.74510431093046 -0.1498301 -5.605662 300.2367
213 -7.031091088737465 -6.037234892994193 301.3274487476186 -0.1436567 -5.638056 301.8211
214 -7.037417730286543 -6.119908823448261 302.91761256211754 -0.1362308 -5.674045 303.413
215 -7.1100554489251095 -6.172060757064516 304.5119480462728 -0.1245796 -5.704927 305.0095
216 -7.147418087385156 -6.222636328275222 306.11026373097917 -0.1113075 -5.740563 306.6086
217 -7.2361885350249775 -6.215389903357859 307.71121161522325 -0.1009905 -5.775938 308.2116
218 -7.253734312014757 -6.234396601443758 309.3189443339455 -0.0964999 -5.821106 309.8189
219 -7.298546531377222 -6.3197096047329655 310.9308142808553 -0.09324941 -5.863046 311.4331
220 -7.36830511763605 -6.382837361495817 312.54009038709916 -0.09658434 -5.907766 313.0445
221 -7.321060724062113 -6.397492242277299 314.16367065363255 -0.106523 -5.952029 314.6682
222 -7.196285633175081 -6.3777881676690065 315.7863209488208 -0.1079811 -5.990688 316.2953
223 -7.234308322798464 -6.413264714086484 317.41482568151406 -0.1086696 -6.032426 317.9241
224 -7.310178583660537 -6.4570129896508055 319.04126834692994 -0.1058419 -6.068362 319.5525
225 -7.376585036379587 -6.549623430686625 320.66753584500515 -0.1039698 -6.106845 321.1823
226 -7.513655762846657 -6.650817401385785 322.2906303680735 -0.1009179 -6.143404 322.8139
227 -7.562872689325541 -6.739608170450872 323.9137993842175 -0.09883113 -6.185282 324.4397
228 -7.627089432895635 -6.787473954762966 325.54079315784077 -0.09648438 -6.224088 326.0682
229 -7.665661850702236 -6.867695499627741 327.16837649822503 -0.09411052 -6.268819 327.6976
230 -7.767333524895565 -6.913205682854358 328.7915964555691 -0.08496956 -6.305428 329.3242
231 -7.774342063347765 -6.977145418456738 330.4173722954686 -0.07442718 -6.342113 330.9508
232 -7.802753841144536 -7.015111121950664 332.0355903144545 -0.06421231 -6.372244 332.5694
233 -7.878718686171608 -7.071663013279723 333.6532559975407 -0.05844895 -6.413497 334.1893
234 -7.9026445887685535 -7.095742066811527 335.26643490486725 -0.05434961 -6.45078 335.8024
235 -7.968581707911473 -7.1366752553191795 336.8724107515114 -0.04949748 -6.492551 337.4097
236 -8.053557192730802 -7.185556586844564 338.48131937879515 -0.04548042 -6.532188 339.0211
237 -8.179100977240678 -7.263061596343248 340.0826173858793 -0.04257007 -6.571397 340.6287
238 -8.342334865833195 -7.31133228508921 341.6914264403126 -0.03930296 -6.601811 342.2462
239 -8.385464431589488 -7.363852210997434 343.29681924647855 -0.03681003 -6.628918 343.8528
240 -8.442980419014646 -7.402802582337398 344.8951893936258 -0.03514659 -6.652782 345.4525
241 -8.450988989214395 -7.45292942835467 346.4974783967665 -0.0345479 -6.677644 347.0554
242 -8.558977279877105 -7.51009803475775 348.0927988903992 -0.03707175 -6.708152 348.6551
243 -8.66809422634603 -7.552825208477849 349.6868684366829 -0.04156332 -6.737239 350.2532
244 -8.784620978527613 -7.576197304960741 351.2774750903368 -0.05261018 -6.773059 351.8478
245 -8.925338845077338 -7.620987780175972 352.86960998705734 -0.06277075 -6.805862 353.4464
246 -9.019630581991935 -7.668322954958281 354.4581040270304 -0.07506606 -6.843564 355.0379
247 -9.087100780186018 -7.714568679854314 356.04941566710437 -0.08570356 -6.882552 356.6308
248 -9.211001864561478 -7.765921751129151 357.635279583319 -0.09729989 -6.921763 358.2218
249 -9.325334990936183 -7.840185625676808 359.22060101100897 -0.1091014 -6.958715 359.8125
250 -9.467417004246485 -7.919798502855757 360.8039365723102 -0.1223014 -6.995935 361.4037
251 -9.52686619646361 -7.991952451589616 362.38696667956634 -0.1322206 -7.034017 362.989
252 -9.651839219980598 -8.044890582437146 363.97939181768135 -0.1419952 -7.072717 364.5867
253 -9.770983724855167 -8.122738960162682 365.57068821491436 -0.1552999 -7.112398 366.1838
254 -9.941849582546002 -8.16947682028337 367.1585517719927 -0.1668615 -7.146884 367.7811
255 -10.009030475715472 -8.225089317847914 368.7623288170397 -0.1858911 -7.18829 369.3866
256 -10.124563173697862 -8.288738201767165 370.34606244846407 -0.2029185 -7.225081 370.9753
257 -10.1918266846045 -8.351185482093785 371.98429991833757 -0.2229981 -7.26884 372.6154
258 -10.357092491233875 -8.429275122034221 373.58430876001034 -0.2378134 -7.306808 374.2253
259 -10.532330906110374 -8.461756959260622 375.130402149404 -0.2519893 -7.344936 375.7811
260 -10.656766030814712 -8.5382437677415 376.7303520848928 -0.2625878 -7.379336 377.3873
261 -10.787773085935905 -8.578563351798259 378.330494153146 -0.2704012 -7.414418 378.9929
262 -10.886748425666253 -8.639943839105943 379.94086578745134 -0.2783585 -7.448411 380.6071
263 -10.937268204260365 -8.701578041697804 381.5524403332647 -0.2877925 -7.485057 382.2202
264 -11.045345150607178 -8.774910465192917 383.16821429948385 -0.2960866 -7.522079 383.8408
265 -11.18213433662015 -8.829016685352697 384.7723194159796 -0.3039652 -7.558709 385.4512
266 -11.302245773725005 -8.885205380454039 386.3839360987753 -0.3110174 -7.596748 387.0678
267 -11.420695664853076 -8.9443047705718 387.99679733655256 -0.3164538 -7.631598 388.6857
268 -11.4428271895248 -9.010892198478208 389.61581552718565 -0.3206582 -7.664429 390.3059
269 -11.533881987682442 -9.056607950149218 391.2429412277171 -0.3238003 -7.696195 391.9359
270 -11.61413269781382 -9.115395214154344 392.8622768468044 -0.3237896 -7.731691 393.5579
