0 0.0 0.0 0.0 -5.551115e-17 0.0 2.220446e-16
1 -0.032719249501738434 -0.00892533356508659 1.3103313904955265 0.001289128 -0.01821616 1.310643
2 -0.034064435606041076 -0.03525969052267561 2.6249389569313726 0.0004448326 -0.04203318 2.625299
3 0.021250015304841517 -0.06415501868033514 3.940058445429008 0.002037581 -0.06302801 3.94173
4 -0.009157325217250174 -0.067283643891584 5.259171784163855 0.002777892 -0.08483761 5.261017
5 -0.01885345168310563 -0.10434722296143736 6.579342443434044 0.004157928 -0.1014678 6.581638
6 0.01213879263832197 -0.13940654781937925 7.905744792955575 0.007571022 -0.1165874 7.908775
7 0.04361409530155179 -0.16212708929487019 9.235464337027688 0.008323818 -0.1328035 9.238962
8 0.030723585742293842 -0.19964128320005453 10.565649245199534 0.007728339 -0.1497649 10.56963
9 0.06548730277004436 -0.21976625589098006 11.899745199238522 0.006780918 -0.1634547 11.90426
10 -0.022886420730193383 -0.2179907879398036 13.234712351182727 0.003419395 -0.176748 13.24208
11 -0.02747775909290074 -0.2502221381509936 14.572864094440588 -0.001862182 -0.1959202 14.58048
12 -0.03361006807342151 -0.29708443413909136 15.922399293942258 -0.005851755 -0.2177602 15.93066
13 -0.12434724147780551 -0.3335676729587192 17.270546409684812 -0.004267715 -0.236414 17.28222
14 -0.11978176231447045 -0.33777555762652556 18.623121571558315 0.000482789 -0.2537475 18.63469
15 -0.12370793021441528 -0.34690953782135037 19.975199189731892 0.005006086 -0.2699101 19.9867
16 -0.11886515532895355 -0.38728380533118895 21.329357713883784 0.004134686 -0.2931092 21.34127
17 -0.0973670919429999 -0.4112702370915568 22.693777066522564 -0.0007654745 -0.3222297 22.70575
18 -0.12485294539742448 -0.44633838077675336 24.059637590530567 -0.007369324 -0.3468119 24.0721
19 -0.09288638832019516 -0.4848108703014411 25.435485319106174 -0.009719264 -0.3687424 25.44868
20 -0.15265037967598621 -0.5002935035275868 26.805846637718567 -0.005061181 -0.3871399 26.8203
21 -0.14894210293466595 -0.5301928833930606 28.18014344599374 0.001962273 -0.4099385 28.19472
22 -0.14643182667744653 -0.5288703325040135 29.555736137208022 0.005281593 -0.4328977 29.57012
23 -0.10638971755547928 -0.5683348938624051 30.934562093274057 0.007939024 -0.4591179 30.94984
24 -0.1140659886348021 -0.576986372457895 32.320226250221886 0.006827076 -0.4850133 32.33531
25 -0.11314575922606249 -0.6314103318230864 33.70191329300162 0.008305167 -0.5122367 33.7178
26 -0.11651884886569622 -0.6439899950812512 35.09522588416759 0.0101734 -0.543116 35.11083
27 -0.12378523520500942 -0.6705769244532235 36.492370642338855 0.0121194 -0.5746233 36.50789
28 -0.13122921898663092 -0.6905869746915162 37.890439345654805 0.01511478 -0.5999006 37.90589
29 -0.1386452535084533 -0.6956438390780596 39.28628722922718 0.01696851 -0.6238526 39.30156
30 -0.13170206019809114 -0.7129074027722426 40.68911655231896 0.01942949 -0.643712 40.70437
31 -0.2155906749317006 -0.7495132125353025 42.09302553200782 0.01916344 -0.6707246 42.111
32 -0.2236233666618445 -0.7735484953344086 43.50057371946467 0.02134431 -0.694132 43.51858
33 -0.25695408855859636 -0.8119514308964687 44.909494494419924 0.02622364 -0.7178581 44.92821
34 -0.24974925553450722 -0.8560316704585552 46.32201462641423 0.03086036 -0.739025 46.34127
35 -0.24604098150302872 -0.8726163156311577 47.73785732433956 0.03408031 -0.7610315 47.75704
36 -0.24577153986900163 -0.8865010682069843 49.16056480590263 0.03359221 -0.7839856 49.17963
37 -0.28461922632757103 -0.8793163552713376 50.5827320992764 0.03175532 -0.805635 50.60218
38 -0.26623695061900765 -0.9062618885514643 52.00864502958757 0.02895795 -0.8265408 52.02831
39 -0.26309969788891635 -0.902520869563144 53.43761543203466 0.02536977 -0.8453836 53.45716
40 -0.31144906069381156 -0.930789481903883 54.8641647676407 0.02082938 -0.8668316 54.88464
41 -0.2745164363835652 -0.9576111572080714 56.29554316792683 0.0168087 -0.88688 56.3166
42 -0.2757413690632874 -0.9638772127847063 57.724578492985394 0.0132291 -0.9072442 57.7455
43 -0.26486479388014633 -0.9887961902723694 59.1525828693441 0.01007535 -0.9249469 59.17365
44 -0.2627954735901702 -1.0075942279588233 60.58212732993004 0.006524255 -0.9446035 60.60318
45 -0.23879718313895237 -1.0210119060077172 62.00677941230159 0.00276421 -0.9647484 62.02795
46 -0.23993493784645276 -1.0304866053682469 63.430969988999195 -0.001308243 -0.98781 63.45198
47 -0.2665405570278594 -1.043155173271715 64.85070110582917 -0.002873604 -1.008175 64.87187
48 -0.22442958913443803 -1.0549457852899677 66.26772325202492 -0.005953934 -1.0297 66.2894
49 -0.23214416138261848 -1.0745388867669474 67.68143095458309 -0.01002031 -1.050203 67.70311
50 -0.21200989569670772 -1.0892449557657187 69.09429873597024 -0.0193644 -1.076075 69.11593
51 -0.18449418132384743 -1.1124053566806957 70.5080994362292 -0.02702275 -1.097831 70.53
52 -0.16812163229514357 -1.160865397342276 71.91712220811317 -0.03513442 -1.118231 71.93978
53 -0.16869354612390905 -1.174123148493982 73.317269470422 -0.0421465 -1.135987 73.33986
54 -0.16634299127828428 -1.1861021174542736 74.7199209736552 -0.04677589 -1.153311 74.74245
55 -0.15925883899610552 -1.1891220743644857 76.12216884259367 -0.05327678 -1.177226 76.1445
56 -0.14241432243164065 -1.2083072667743504 77.51837972177249 -0.05458511 -1.197942 77.54079
57 -0.14399615884356395 -1.246318590954043 78.91217643759633 -0.05287325 -1.218035 78.93496
58 -0.15400143591537468 -1.2813004233554406 80.30231902173226 -0.0495425 -1.236655 80.32545
59 -0.12364132587962577 -1.2742530124437863 81.68763750344749 -0.04883212 -1.258287 81.71095
60 -0.14558035371126063 -1.3047857055531886 83.07353761882764 -0.04838807 -1.278676 83.09721
61 -0.1122437152570806 -1.2971613034775027 84.45974698884994 -0.05269073 -1.300031 84.48367
62 -0.17113792191634442 -1.2886950671763744 85.84058683234373 -0.06072004 -1.320245 85.86562
63 -0.16597699368636515 -1.3221121351873937 87.2249780308043 -0.07518042 -1.343695 87.25015
64 -0.18435414392425264 -1.3666454789977764 88.60324184298867 -0.0843762 -1.362982 88.62909
65 -0.18951015901834406 -1.4051941865792292 89.98015165925413 -0.09813229 -1.38264 90.00634
66 -0.19900492001970652 -1.425032948878508 91.34904321798125 -0.1110475 -1.399781 91.37524
67 -0.1873923277374706 -1.4265947797378176 92.7152646262393 -0.1283351 -1.418059 92.74128
68 -0.1714653257959346 -1.4048470193121159 94.07733322918324 -0.1454603 -1.435964 94.10339
69 -0.2074667663185097 -1.4289813650630607 95.4343784139106 -0.1697048 -1.45619 95.46076
70 -0.207339214876404 -1.4581904664890515 96.78744427227699 -0.1913409 -1.476213 96.81382
71 -0.22444999882754285 -1.4964502576111889 98.13873470492688 -0.2120314 -1.496478 98.16545
72 -0.2574569497450343 -1.5170951384725888 99.4882052267746 -0.2344056 -1.517683 99.51513
73 -0.3030421117577101 -1.5285505065035405 100.83273994667823 -0.2485715 -1.534999 100.8603
74 -0.30883402341957217 -1.555024980740394 102.17789245781982 -0.2694021 -1.556018 102.2054
75 -0.3724217578074644 -1.591373519950461 103.51664063740317 -0.2867601 -1.575247 103.5459
76 -0.36320283906690365 -1.5851332783886267 104.85548465636646 -0.3053256 -1.596046 104.8845
77 -0.40197164204870084 -1.6457103037072143 106.18999736249327 -0.3153955 -1.613299 106.2208
78 -0.3662691906060733 -1.6671236519960788 107.53422071689411 -0.3343086 -1.638432 107.5653
79 -0.3447636324892193 -1.6548534819907992 108.87538825492484 -0.3508131 -1.661275 108.9064
80 -0.4241381052657143 -1.6889375180214043 110.21123739544346 -0.3737761 -1.686739 110.2446
81 -0.4077546536208254 -1.704857084739039 111.54340473552584 -0.3943149 -1.710102 111.5766
82 -0.4199221208291287 -1.70430859141235 112.87210540359439 -0.4137129 -1.733997 112.905
83 -0.5292592055657953 -1.7405997521720153 114.19085974967335 -0.4219683 -1.753986 114.2286
84 -0.48154555206200866 -1.730268354770852 115.5216522821921 -0.4295899 -1.775004 115.5601
85 -0.5391803001434161 -1.7520588915941488 116.85327181266562 -0.4334779 -1.79423 116.893
86 -0.5383612637027636 -1.775156735089906 118.18758724645367 -0.4334151 -1.811794 118.2274
87 -0.49917603671425126 -1.8184697125127816 119.52028490482319 -0.4306137 -1.825847 119.5613
88 -0.4807234135476679 -1.8363917726070866 120.86339756246812 -0.4334146 -1.846322 120.9045
89 -0.46997530100676144 -1.8711023499261008 122.22732319236367 -0.4472932 -1.880929 122.2684
90 -0.4270169671619811 -1.8627787620740028 123.58275777843302 -0.4560744 -1.91003 123.6242
91 -0.4062142718462803 -1.8684488042318401 124.94223840503084 -0.4622549 -1.940325 124.9835
92 -0.41659221149768677 -1.913608253318196 126.29529562862147 -0.4641329 -1.966295 126.3371
93 -0.4008619883030924 -1.938484788266855 127.650974994535 -0.4708495 -2.006026 127.6925
94 -0.3622340102154111 -1.9522106515673896 129.00784094218147 -0.4718094 -2.038343 129.0496
95 -0.3849617049620993 -2.0048864060254417 130.36447789596247 -0.47428 -2.073189 130.407
96 -0.36260935556762525 -1.9997767072423713 131.71324581675387 -0.4701254 -2.099489 131.7557
97 -0.31198652033071184 -2.0141056115841502 133.06652465882112 -0.4656937 -2.127702 133.1097
98 -0.27937195519241775 -2.0236105752976723 134.41825700579977 -0.4651028 -2.162932 134.4614
99 -0.2524127887898884 -2.029121825920262 135.7716421067541 -0.4661197 -2.198388 135.8146
100 -0.24031600058634 -2.0304202801920614 137.1178776740483 -0.4644953 -2.226309 137.1606
101 -0.21110857066056143 -2.0421693361806534 138.4696124663336 -0.4645723 -2.254854 138.5124
102 -0.20413612656386504 -2.0652166729307577 139.81986567950048 -0.4641807 -2.281749 139.8626
103 -0.1938751495622249 -2.082274731774626 141.17042896770346 -0.4674418 -2.314866 141.2129
104 -0.18327031264491114 -2.1110266450392285 142.51965486767756 -0.4704574 -2.341886 142.5622
105 -0.168461736689467 -2.1036753479929793 143.8675026873145 -0.474702 -2.367455 143.9099
106 -0.1629259442120005 -2.1138649121713864 145.21564126389518 -0.4789013 -2.395024 145.2578
107 -0.1616362109375553 -2.107970841547171 146.55930092852682 -0.4813925 -2.426593 146.6011
108 -0.11976665232635922 -2.0903556043560734 147.91173069837168 -0.484415 -2.462969 147.9538
109 -0.11755448535779107 -2.074623899970959 149.26109586017404 -0.4832843 -2.489366 149.303
110 -0.09199270497486291 -2.0843654799235263 150.60624705446753 -0.4887986 -2.518617 150.6481
111 -0.09686062068758755 -2.119485368295501 151.9496821471507 -0.4979854 -2.545628 151.9917
112 -0.11140866737588001 -2.136723057194109 153.29567417867742 -0.5139897 -2.581792 153.3373
113 -0.1107403492527814 -2.1544807183697574 154.64290806339457 -0.5203405 -2.611885 154.6843
114 -0.07554585848880517 -2.1472930221689457 155.9913545525994 -0.5188374 -2.641449 156.0329
115 -0.07751766168362798 -2.147150724974675 157.34160512294545 -0.510487 -2.666163 157.3829
116 0.02327484949209048 -2.144334156639397 158.687071868449 -0.4996047 -2.68915 158.7319
117 0.03218773065731653 -2.173987653206696 160.03362761680617 -0.4908894 -2.711383 160.0786
118 0.05211561767927851 -2.2095287249856668 161.38366503900116 -0.4848759 -2.73678 161.429
119 0.057025805091982656 -2.2239335116061847 162.73359004212853 -0.4836516 -2.760604 162.7788
120 0.0653330947326939 -2.2515395873031476 164.0842627711 -0.4767803 -2.787254 164.1295
121 0.08486919059644871 -2.301367635569199 165.43462903843158 -0.468784 -2.810667 165.4807
122 0.07164248852831527 -2.322268145584189 166.79296078435826 -0.4599264 -2.835558 166.839
123 0.07610075127128878 -2.3533158517528525 168.1538959946959 -0.449484 -2.861986 168.2
124 0.04750765539199346 -2.3925552803254613 169.5134695263614 -0.4424438 -2.88656 169.5602
125 0.03837710170401296 -2.390995721987442 170.87332415044648 -0.4389717 -2.91424 170.9198
126 0.05929574367764366 -2.4251173695270567 172.23744596993728 -0.4111543 -2.932731 172.2841
127 0.10928089188123186 -2.458700674134058 173.60530214870758 -0.388112 -2.960771 173.6528
128 0.13449095277596032 -2.4834236009491546 174.98142637970417 -0.3779301 -2.986448 175.0291
129 0.1619625546158341 -2.4903526032662002 176.36094388129445 -0.3588782 -3.008539 176.4086
130 0.24134351253458824 -2.530134163647357 177.73481038060808 -0.3405308 -3.013913 177.7852
131 0.27134939663867275 -2.511874479550671 179.11002455639428 -0.3214042 -3.022953 179.1607
132 0.2939843707843999 -2.543021638560092 180.49092911833228 -0.3136545 -3.041123 180.542
133 0.30981779851977065 -2.557131370629618 181.87033343961775 -0.3089995 -3.0621 181.9214
134 0.31862267826227936 -2.601722265164441 183.25824311889048 -0.3140564 -3.088158 183.3098
135 0.30619205901862656 -2.6159176517818827 184.65247123725862 -0.3186558 -3.114466 184.7039
136 0.3028726996247255 -2.660902356434997 186.04744048009573 -0.3141305 -3.137555 186.0994
137 0.31757999563830447 -2.705632903147826 187.44631762688581 -0.3087277 -3.164478 187.4988
138 0.326740344325167 -2.7043693243253903 188.84809688464878 -0.3089327 -3.193945 188.9003
139 0.29990363690256544 -2.746227091322293 190.25199529915758 -0.3070211 -3.221858 190.3048
140 0.2812299089914467 -2.7760981672474125 191.65985226269422 -0.3030042 -3.25053 191.7128
141 0.3181077727476348 -2.813723807170925 193.0677016719393 -0.3007558 -3.281162 193.1213
142 0.3137073041680494 -2.8120188063422336 194.48647983333785 -0.2979338 -3.314135 194.5397
143 0.3008348723418508 -2.8476900086979087 195.90579944448788 -0.2945301 -3.344375 195.9592
144 0.2824347930053097 -2.8887892330556926 197.3273544817628 -0.2955048 -3.384557 197.3809
145 0.3245143429838735 -2.895045523206516 198.74735054062364 -0.2998637 -3.419365 198.8011
146 0.3204793494352643 -2.9224351200800944 200.17121153851994 -0.3150034 -3.471363 200.2242
147 0.2797732955768577 -2.949049524390951 201.60425622298047 -0.3321987 -3.515079 201.6573
148 0.3109268133681139 -2.9993307114622993 203.0412029480769 -0.3485808 -3.555576 203.0948
149 0.32729564590708743 -3.0361646655138137 204.47855463308827 -0.3518432 -3.580327 204.5325
150 0.3274237366700942 -3.081147702705482 205.91595193779114 -0.3481359 -3.604083 205.9704
151 0.34012551994548046 -3.1285063063822167 207.36323680409131 -0.3438313 -3.628674 207.4183
152 0.4453972859087486 -3.1603338403377115 208.80883047590444 -0.342198 -3.650886 208.8679
153 0.4360933273805022 -3.18372591876658 210.2641022553835 -0.3429638 -3.67436 210.3232
154 0.3952398738425827 -3.2151449773800036 211.7253112488128 -0.347951 -3.708945 211.7849
155 0.45291852934919935 -3.2330366417166663 213.18484111158375 -0.3533161 -3.741769 213.2453
156 0.49995283979928157 -3.2637479702899213 214.65312152964864 -0.3575809 -3.778065 214.7142
157 0.4717001256472946 -3.2918594706479793 216.12512811631314 -0.3574839 -3.809987 216.1864
158 0.4638582277674374 -3.3111593152642365 217.60033071214283 -0.3559812 -3.837087 217.6615
159 0.5214573816660109 -3.3468199381040513 219.07950187651898 -0.3604882 -3.867619 219.1419
160 0.5251584921837441 -3.371985610031176 220.55694502528468 -0.3669047 -3.899694 220.6192
161 0.5739777016556928 -3.389997996925191 222.0425171169898 -0.3711882 -3.93317 222.1053
162 0.5561985560480256 -3.4320321435150523 223.5261957295889 -0.3755068 -3.961696 223.5894
163 0.5190501288313126 -3.4639396239520863 225.0151701086125 -0.3771503 -3.990503 225.0789
164 0.4685855312211665 -3.4904821150550323 226.50451665402971 -0.3787707 -4.017067 226.5691
165 0.4665201969621453 -3.5122630278967213 227.99577983622663 -0.3785266 -4.048136 228.0602
166 0.4405224059235183 -3.535443573369505 229.48651639132538 -0.3786614 -4.075078 229.5511
167 0.4662509150762635 -3.570555639172657 230.98037590941792 -0.3766086 -4.099044 231.0454
168 0.4850646409258386 -3.591492481949041 232.47703757469716 -0.3745701 -4.124994 232.5421
169 0.49586061087703204 -3.5953728035949903 233.9729676954224 -0.3739626 -4.153624 234.0378
170 0.5056944017530476 -3.6330731288373066 235.4740205205282 -0.3764692 -4.186333 235.539
171 0.507729933830904 -3.662847083666387 236.97970748050835 -0.3784077 -4.220226 237.0446
172 0.5337290330878194 -3.712173882512564 238.48434146017715 -0.3814943 -4.253315 238.5499
173 0.502961032990145 -3.731304551809512 239.99464811092727 -0.3829065 -4.285388 240.0603
174 0.5354183498891194 -3.757786081432222 241.50525980992617 -0.3820924 -4.315103 241.5712
175 0.47955732765828724 -3.8281712636221195 243.01903356078518 -0.3818797 -4.347138 243.0873
176 0.4411308197840734 -3.8938873573474915 244.5321286159533 -0.3796393 -4.377646 244.602
177 0.47191464281132 -3.912531496154075 246.05304551870822 -0.377078 -4.404696 246.1231
178 0.47885366368505033 -3.9772397822254426 247.5765089322012 -0.3721572 -4.432022 247.6477
179 0.5209935197441793 -4.004516300190715 249.09641056059948 -0.3683885 -4.458219 249.1682
180 0.5312182889665314 -4.0408792937907 250.6244179636122 -0.3658944 -4.487063 250.6964
181 0.5373504075352691 -4.073914999012609 252.151943502018 -0.3629857 -4.511301 252.2241
182 0.543011937465874 -4.101179347552505 253.68478860361543 -0.3598899 -4.535745 253.757
183 0.5419914614179092 -4.132668339460875 255.21613639585198 -0.3565283 -4.558441 255.2885
184 0.5641955969696767 -4.196653286145572 256.74937700863205 -0.3518994 -4.58494 256.823
185 0.5925336583669033 -4.235484011895625 258.2870628542775 -0.3474488 -4.611578 258.3612
186 0.6036653133999845 -4.266152400199998 259.82605145465163 -0.3407995 -4.637604 259.9003
187 0.6221323014523961 -4.296178919441172 261.3607565243126 -0.3346776 -4.662237 261.4352
188 0.6433585510027274 -4.3329751161889565 262.8982719878281 -0.3291338 -4.686551 262.9731
189 0.6866132216712487 -4.3660241418220185 264.4357902682417 -0.3253738 -4.715745 264.5113
190 0.7268976011512013 -4.417501237208652 265.98064815256413 -0.3249046 -4.748173 266.0572
191 0.7330268272473807 -4.480256212449073 267.52078766455253 -0.3208179 -4.788372 267.5981
192 0.7776428685676368 -4.518184101033947 269.0597057791416 -0.3173943 -4.824679 269.1377
193 0.833059288113167 -4.570341254368209 270.59778034301536 -0.3166024 -4.866052 270.6771
194 0.8668042400645104 -4.592040846260757 272.13919156312863 -0.3155943 -4.906588 272.2185
195 0.8974082188567988 -4.615139382932429 273.6857325078774 -0.3140401 -4.950219 273.7649
196 0.9093101596114542 -4.6444926700459686 275.2281634442877 -0.3112309 -4.987626 275.3072
197 0.9417303168552448 -4.693360074699306 276.77423282185543 -0.3114206 -5.039836 276.8535
198 0.9627652723843911 -4.723967523241181 278.3160917235791 -0.3062026 -5.082755 278.3952
199 1.0055100070759002 -4.733508320826898 279.8662328840501 -0.3011292 -5.134136 279.9451
200 1.0729728127876523 -4.844493071087638 281.4119908246521 -0.2897536 -5.172038 281.4958
201 1.1216962346732615 -4.860225826050259 282.9656685126942 -0.2764899 -5.210037 283.0498
202 1.1460482416154023 -4.897475567121694 284.51614143770536 -0.2599233 -5.24169 284.6005
203 1.204395140619528 -4.960406664453998 286.05914874791125 -0.2447296 -5.277598 286.1454
204 1.2519380098808806 -4.992301964634296 287.61314310166824 -0.2301583 -5.316244 287.6999
205 1.3195129914288457 -5.03299196465575 289.1653821895139 -0.2170805 -5.355148 289.2536
206 1.3854516205231047 -5.066794562005076 290.72076960318407 -0.2045251 -5.390475 290.8103
207 1.3951853829634189 -5.109211720114946 292.279486646353 -0.1926927 -5.424878 292.3692
208 1.4027047000960318 -5.146162803126016 293.84191759119426 -0.1828271 -5.462578 293.9316
209 1.4346344974170435 -5.1806571905963725 295.4108303994475 -0.1753107 -5.502144 295.5007
210 1.5368785862993222 -5.237872582317058 296.97859669054793 -0.1681708 -5.542654 297.0723
211 1.6308734587638964 -5.241525473001713 298.55402511963774 -0.1571664 -5.573209 298.6502
212 1.677607006238095 -5.264984511922318 300.14001216798965 -0.1498301 -5.605662 300.2367
213 1.7219358255835417 -5.3095756205124855 301.72350748876386 -0.1436567 -5.638056 301.8211
214 1.7426073163865896 -5.353118200740534 303.31510187656716 -0.1362308 -5.674045 303.413
215 1.7806944443005892 -5.403419288126211 304.91069608239786 -0.1245796 -5.704927 305.0095
216 1.817963700408698 -5.472644586397119 306.5083148553731 -0.1113075 -5.740563 306.6086
217 1.8150386633523488 -5.501553904322906 308.1114750241052 -0.1009905 -5.775938 308.2116
218 1.8411833153705706 -5.531814355821462 309.71891844953524 -0.0964999 -5.821106 309.8189
219 1.8734749069404235 -5.579562971645396 311.33263728876534 -0.09324941 -5.863046 311.4331
220 1.94795725682371 -5.62105346868292 312.9424049360889 -0.09658434 -5.907766 313.0445
221 2.0205737572206948 -5.640570167712489 314.56499719000254 -0.106523 -5.952029 314.6682
222 2.076199558248051 -5.675654143513368 316.1912277822737 -0.1079811 -5.990688 316.2953
223 2.11195290319421 -5.714676094232241 317.81970282364324 -0.1086696 -6.032426 317.9241
224 2.138807000114968 -5.766069925231967 319.44746923305127 -0.1058419 -6.068362 319.5525
225 2.2101786991161974 -5.817268473556448 321.07535659871223 -0.1039698 -6.106845 321.1823
226 2.2663586310535324 -5.854062305320897 322.7059866805414 -0.1009179 -6.143404 322.8139
227 2.3590750010337502 -5.898536650103735 324.32907308270455 -0.09883113 -6.185282 324.4397
228 2.357929917902754 -5.944118335669039 325.95739880613866 -0.09648438 -6.224088 326.0682
229 2.3600091152395453 -5.990585788499603 327.58675061294355 -0.09411052 -6.268819 327.6976
230 2.4313339459233108 -6.04290192946503 329.2113819945046 -0.08496956 -6.305428 329.3242
231 2.510422081692825 -6.107185241913994 330.835234578184 -0.07442718 -6.342113 330.9508
232 2.5431161667361493 -6.167305998729624 332.4527001178889 -0.06421231 -6.372244 332.5694
233 2.5664538853333476 -6.248199407963247 334.0709468986862 -0.05844895 -6.413497 334.1893
234 2.61895759979653 -6.288003841397634 335.68313714916036 -0.05434961 -6.45078 335.8024
235 2.6923426221630162 -6.3291298181478695 337.2887849754707 -0.04949748 -6.492551 337.4097
236 2.7378550192182844 -6.406669171830631 338.8981679189881 -0.04548042 -6.532188 339.0211
237 2.8038615620084575 -6.466120645043118 340.5037931039114 -0.04257007 -6.571397 340.6287
238 2.862650273644699 -6.517918249314946 342.11968382762376 -0.03930296 -6.601811 342.2462
239 2.9523527968591816 -6.6095345489193384 343.72139056580176 -0.03681003 -6.628918 343.8528
240 2.9541076729906854 -6.639014442786699 345.320996831042 -0.03514659 -6.652782 345.4525
241 2.9460557467331254 -6.6920487725709705 346.9231920169734 -0.0345479 -6.677644 347.0554
242 2.9378961584855308 -6.726404757737449 348.5227951819133 -0.03707175 -6.708152 348.6551
243 2.9711787833475736 -6.722531437507914 350.12081492585975 -0.04156332 -6.737239 350.2532
244 3.00406208749451 -6.783300178191395 351.7143581835029 -0.05261018 -6.773059 351.8478
245 3.0448202515616005 -6.820190983724249 353.3123816734807 -0.06277075 -6.805862 353.4464
246 3.055999786225982 -6.861507535263365 354.90380016841704 -0.07506606 -6.843564 355.0379
247 3.1132419601249466 -6.905542839662033 356.49557523294226 -0.08570356 -6.882552 356.6308
248 3.14273298684596 -6.938264182115985 358.0864908719632 -0.09729989 -6.921763 358.2218
249 3.1864814983499534 -6.982045852615135 359.6764595663128 -0.1091014 -6.958715 359.8125
250 3.204287315930705 -7.039019478306267 361.2670298939739 -0.1223014 -6.995935 361.4037
251 3.3037566868165005 -7.122270424447718 362.84750445671597 -0.1322206 -7.034017 362.989
252 3.356526602286069 -7.1764861734816865 364.44391120669644 -0.1419952 -7.072717 364.5867
253 3.3886909719455844 -7.214570094889232 366.0407816069036 -0.1552999 -7.112398 366.1838
254 3.409993605338139 -7.2372994043737435 367.63819195527725 -0.1668615 -7.146884 367.7811
255 3.4509202191860138 -7.296497521412597 369.2427253540353 -0.1858911 -7.18829 369.3866
256 3.4572035911179735 -7.343711211952236 370.83122860763433 -0.2029185 -7.225081 370.9753
257 3.493321852923245 -7.391013519802249 372.4709554181895 -0.2229981 -7.26884 372.6154
258 3.518480499829156 -7.438831005043677 374.0804645367499 -0.2378134 -7.306808 374.2253
259 3.558926688819507 -7.462388729717693 375.6360922171185 -0.2519893 -7.344936 375.7811
260 3.5885452639640785 -7.499348440184172 377.24199721057573 -0.2625878 -7.379336 377.3873
261 3.6489783112923977 -7.524860704729248 378.84665920834726 -0.2704012 -7.414418 378.9929
262 3.6668636884027936 -7.590342138545233 380.4598091634919 -0.2783585 -7.448411 380.6071
263 3.6915160986398803 -7.644820637804771 382.0722445548983 -0.2877925 -7.485057 382.2202
264 3.720631915383924 -7.681090348773451 383.6926212264967 -0.2960866 -7.522079 383.8408
265 3.747212501502601 -7.705642665190287 385.30305056224483 -0.3039652 -7.558709 385.4512
266 3.77048791122629 -7.744190397038624 386.91948632858924 -0.3110174 -7.596748 387.0678
267 3.8235592819753594 -7.785895939182208 388.53636250328736 -0.3164538 -7.631598 388.6857
268 3.806757539699992 -7.850000737882262 390.15554497224525 -0.3206582 -7.664429 390.3059
269 3.8171326470891445 -7.910246724859554 391.78471093363413 -0.3238003 -7.696195 391.9359
270 3.8274831853401987 -7.938152450696324 393.4068262510373 -0.3237896 -7.731691 393.5579
