0 0.0 0.0 0.0 -5.551115e-17 0.0 2.220446e-16
1 -0.04294806283949514 -0.006522575247402017 1.3100501836554286 0.001289128 -0.01821616 1.310643
2 0.005827896656477094 -0.041637324883530794 2.623547888923939 0.0004448326 -0.04203318 2.625299
3 -0.0019362610540287822 -0.04802115186403525 3.940108887170251 0.002037581 -0.06302801 3.94173
4 0.13218992940734542 -0.09316043076533154 5.251965207661991 0.002777892 -0.08483761 5.261017
5 0.14134548624095217 -0.08501511597956592 6.5726347813956725 0.004157928 -0.1014678 6.581638
6 0.08255541250971121 -0.1353332606136945 7.897604471552797 0.007571022 -0.1165874 7.908775
7 0.05416991525114644 -0.12023085310354394 9.227501897824014 0.008323818 -0.1328035 9.238962
8 0.11129350909370067 -0.12147557373072357 10.557050962584796 0.007728339 -0.1497649 10.56963
9 0.11150066900169649 -0.17421751264825053 11.890709010996977 0.006780918 -0.1634547 11.90426
10 0.024298189936671044 -0.18731970089646427 13.22569006867899 0.003419395 -0.176748 13.24208
11 0.008300263536947745 -0.20294190252142874 14.56405102203789 -0.001862182 -0.1959202 14.58048
12 -0.027570107081420638 -0.24051148500847425 15.913414122791787 -0.005851755 -0.2177602 15.93066
13 -0.009234236430593422 -0.2638967355575565 17.26477707660597 -0.004267715 -0.236414 17.28222
14 0.03375709400566041 -0.27817928443027773 18.616607640217964 0.000482789 -0.2537475 18.63469
15 0.08158207455930655 -0.3100678976196382 19.967499426238746 0.005006086 -0.2699101 19.9867
16 0.052018631224648657 -0.32271396425180676 21.321886712909627 0.004134686 -0.2931092 21.34127
17 0.0639120412510852 -0.3844510528879551 22.68523727831012 -0.0007654745 -0.3222297 22.70575
18 0.036673540986078335 -0.39052807940229856 24.051539350231668 -0.007369324 -0.3468119 24.0721
19 0.05388337273451661 -0.41831630416121157 25.427907978798956 -0.009719264 -0.3687424 25.44868
20 0.08791334948513149 -0.45762651266581983 26.798673552605493 -0.005061181 -0.3871399 26.8203
21 0.09811494792225381 -0.463413392955766 28.17325053512553 0.001962273 -0.4099385 28.19472
22 0.06097883607994127 -0.5049162128519254 29.54771833317967 0.005281593 -0.4328977 29.57012
23 0.05086852137075866 -0.5145505635389196 30.927619344140556 0.007939024 -0.4591179 30.94984
24 0.12864076082684237 -0.5396938902603827 32.31091910231334 0.006827076 -0.4850133 32.33531
25 0.14016173765810813 -0.5574858078327125 33.69351543281712 0.008305167 -0.5122367 33.7178
26 0.14668165130744398 -0.5787464836978545 35.086711426477315 0.0101734 -0.543116 35.11083
27 0.16097455584896597 -0.6134276434809625 36.48362447692289 0.0121194 -0.5746233 36.50789
28 0.1738817026757014 -0.6537446359033624 37.88121521096467 0.01511478 -0.5999006 37.90589
29 0.19207893242364232 -0.6854761324643834 39.2766125939615 0.01696851 -0.6238526 39.30156
30 0.17149629503421746 -0.7163878181739429 40.6790737060839 0.01942949 -0.643712 40.70437
31 0.24303283480596855 -0.764161050318414 42.083330787251484 0.01916344 -0.6707246 42.111
32 0.1440049102889972 -0.8041280568247887 43.48705092585658 0.02134431 -0.694132 43.51858
33 0.10027171877977473 -0.8318849792293316 44.89593716462872 0.02622364 -0.7178581 44.92821
34 0.038832534575974326 -0.8375999825901391 46.30781558213106 0.03086036 -0.739025 46.34127
35 0.008169524549573589 -0.8800131322565764 47.72279270264282 0.03408031 -0.7610315 47.75704
36 0.02082445586716132 -0.9108441253961104 49.14517758010173 0.03359221 -0.7839856 49.17963
37 -0.030273082095024918 -0.900179119428949 50.56693560186463 0.03175532 -0.805635 50.60218
38 -0.020248455032320294 -0.9404351785064982 51.99261810902124 0.02895795 -0.8265408 52.02831
39 -0.028948389921567334 -0.9709314296832504 53.42124491068942 0.02536977 -0.8453836 53.45716
40 -0.03809333942810217 -1.0427609712885406 54.84705579194143 0.02082938 -0.8668316 54.88464
41 -0.03130717396376693 -1.0445891424524663 56.2791445292614 0.0168087 -0.88688 56.3166
42 -0.01824388719309726 -1.0846162971158628 57.7075737020264 0.0132291 -0.9072442 57.7455
43 -0.04670747335189507 -1.1335014827356729 59.13471623769558 0.01007535 -0.9249469 59.17365
44 -0.05047135965626327 -1.142689329161696 60.564351306423674 0.006524255 -0.9446035 60.60318
45 -0.06545043828457994 -1.1765074968975011 61.988788551994304 0.00276421 -0.9647484 62.02795
46 -0.08591213277247156 -1.1938104869007282 63.41275898313522 -0.001308243 -0.98781 63.45198
47 -0.1054812740206719 -1.2101164519798764 64.83256740679445 -0.002873604 -1.008175 64.87187
48 -0.1675276259088047 -1.2091574279206663 66.24890544746417 -0.005953934 -1.0297 66.2894
49 -0.1530232664550773 -1.2484115368578268 67.66215051149629 -0.01002031 -1.050203 67.70311
50 -0.1573930718278312 -1.27734317073069 69.07493531116127 -0.0193644 -1.076075 69.11593
51 -0.19602821965474748 -1.2734637343576551 70.48866025402906 -0.02702275 -1.097831 70.53
52 -0.16319051130167972 -1.318942692238744 71.89749486351676 -0.03513442 -1.118231 71.93978
53 -0.17682813086590754 -1.3426661994946376 73.2974375986806 -0.0421465 -1.135987 73.33986
54 -0.18023328861136204 -1.3653557102266054 74.6999545687495 -0.04677589 -1.153311 74.74245
55 -0.19800519132968067 -1.3827884876744585 76.10200258826951 -0.05327678 -1.177226 76.1445
56 -0.21258312709183202 -1.41089966440916 77.49808778409924 -0.05458511 -1.197942 77.54079
57 -0.18774592270540838 -1.4406854454217428 78.89186415373011 -0.05287325 -1.218035 78.93496
58 -0.16609392149001076 -1.4747411749243051 80.28189711611877 -0.0495425 -1.236655 80.32545
59 -0.18044364117029163 -1.4945506621744402 81.66735024337487 -0.04883212 -1.258287 81.71095
60 -0.19434600824305698 -1.5329441480766692 83.0531588017737 -0.04838807 -1.278676 83.09721
61 -0.18853897123785154 -1.5435413847905177 84.43973727319295 -0.05269073 -1.300031 84.48367
62 -0.16941588029586793 -1.5482364033711524 85.82171814943851 -0.06072004 -1.320245 85.86562
63 -0.22070059903903663 -1.5702303462751195 87.20539747286888 -0.07518042 -1.343695 87.25015
64 -0.20748577442831123 -1.5887906458455607 88.58431478657162 -0.0843762 -1.362982 88.62909
65 -0.1569263610819958 -1.6025021369299897 89.9607772706991 -0.09813229 -1.38264 90.00634
66 -0.16402501346817394 -1.6400238496777284 91.32931282257093 -0.1110475 -1.399781 91.37524
67 -0.19724760664143848 -1.652588724183255 92.69512269631956 -0.1283351 -1.418059 92.74128
68 -0.2123473504541187 -1.6556163639074937 94.05737096471066 -0.1454603 -1.435964 94.10339
69 -0.1972211115625756 -1.6496788477783177 95.41501088256643 -0.1697048 -1.45619 95.46076
70 -0.21538974664374966 -1.6663652418350456 96.76816714475677 -0.1913409 -1.476213 96.81382
71 -0.1754965083903 -1.6816390111583175 98.11943235389506 -0.2120314 -1.496478 98.16545
72 -0.15167821133088935 -1.6914837949917314 99.46921831033671 -0.2344056 -1.517683 99.51513
73 -0.14067515309820502 -1.692353105528074 100.81452906346684 -0.2485715 -1.534999 100.8603
74 -0.1561774225775761 -1.6868101754158544 102.1598538115571 -0.2694021 -1.556018 102.2054
75 -0.17196872985808984 -1.702157944297033 103.50042323728997 -0.2867601 -1.575247 103.5459
76 -0.15046818451847296 -1.701003585989718 104.83914039569135 -0.3053256 -1.596046 104.8845
77 -0.10864631102799921 -1.7309577930473583 106.17459928134537 -0.3153955 -1.613299 106.2208
78 -0.06647996352226306 -1.7620486855773052 107.5184463628916 -0.3343086 -1.638432 107.5653
79 -0.06492032287902795 -1.8025628589599223 108.85922955955147 -0.3508131 -1.661275 108.9064
80 -0.06619919894918472 -1.8272166227615245 110.19764112221499 -0.3737761 -1.686739 110.2446
81 -0.03618314130981223 -1.8368670826338767 111.52963120362793 -0.3943149 -1.710102 111.5766
82 -0.03424116628208759 -1.8703369578385023 112.85796467441597 -0.4137129 -1.733997 112.905
83 -0.016284930660229666 -1.8964762220124056 114.18136143435642 -0.4219683 -1.753986 114.2286
84 -0.026291116950713553 -1.9174118834253908 115.51284694664248 -0.4295899 -1.775004 115.5601
85 -0.005087144751497793 -1.9615735905056348 116.84499082055802 -0.4334779 -1.79423 116.893
86 0.02807152672008061 -1.979261972958631 118.17897713295868 -0.4334151 -1.811794 118.2274
87 0.08014666757705836 -1.983715223184269 119.51192983013819 -0.4306137 -1.825847 119.5613
88 0.09461798913741601 -2.003835688295918 120.85506015084492 -0.4334146 -1.846322 120.9045
89 0.17882221872409432 -2.029285285894377 122.21663109489769 -0.4472932 -1.880929 122.2684
90 0.17699586676134624 -2.034092472564002 123.57276205209514 -0.4560744 -1.91003 123.6242
91 0.19181288948677408 -2.0631315195832203 124.93202275747548 -0.4622549 -1.940325 124.9835
92 0.23489190055294362 -2.0853854735904807 126.28500460810046 -0.4641329 -1.966295 126.3371
93 0.28446772129902825 -2.0984916380824483 127.64003349765456 -0.4708495 -2.006026 127.6925
94 0.2929599143003817 -2.1091808705115813 128.99744991970974 -0.4718094 -2.038343 129.0496
95 0.3354572109434825 -2.150349874054692 130.35400961264835 -0.47428 -2.073189 130.407
96 0.3458342516655038 -2.1410267407366637 131.70290028164717 -0.4701254 -2.099489 131.7557
97 0.35995041987257365 -2.1760062556230353 133.05667603141794 -0.4656937 -2.127702 133.1097
98 0.4296020795954456 -2.1872773641786853 134.40699303141184 -0.4651028 -2.162932 134.4614
99 0.44088354819338404 -2.208723811656443 135.76044091750813 -0.4661197 -2.198388 135.8146
100 0.45946549294689876 -2.2137083877848207 137.1065939869049 -0.4644953 -2.226309 137.1606
101 0.5154697570591208 -2.245185059121586 138.45716823681374 -0.4645723 -2.254854 138.5124
102 0.5444435928057682 -2.2662112682421633 139.80716155151853 -0.4641807 -2.281749 139.8626
103 0.5779362242409694 -2.289000945813267 141.15726389382374 -0.4674418 -2.314866 141.2129
104 0.6307489339994241 -2.3208144090529155 142.50542871515978 -0.4704574 -2.341886 142.5622
105 0.7037456702381748 -2.3208348767474756 143.85139994682476 -0.474702 -2.367455 143.9099
106 0.7386585377003817 -2.348287807484978 145.1988566333869 -0.4789013 -2.395024 145.2578
107 0.7612298791186395 -2.3660197629870074 146.54222322897394 -0.4813925 -2.426593 146.6011
108 0.78025734365748 -2.383044586007825 147.89517472473295 -0.484415 -2.462969 147.9538
109 0.8099011136406163 -2.3950741722444038 149.24425413531176 -0.4832843 -2.489366 149.303
110 0.8618084614017816 -2.432415959093398 150.58816308189589 -0.4887986 -2.518617 150.6481
111 0.9214223830394929 -2.458704606160654 151.93048571032676 -0.4979854 -2.545628 151.9917
112 0.9397426471288933 -2.4698375911493025 153.2764960212395 -0.5139897 -2.581792 153.3373
113 0.9453125902049243 -2.496011614680276 154.6235813257158 -0.5203405 -2.611885 154.6843
114 0.9964209610472181 -2.532222107824862 155.97105117102652 -0.5188374 -2.641449 156.0329
115 1.0313228533145593 -2.5580721602833747 157.32060448367488 -0.510487 -2.666163 157.3829
116 1.0623568940954442 -2.6129079223980707 158.66837217661325 -0.4996047 -2.68915 158.7319
117 1.0738733019815159 -2.65003041192919 160.014722965176 -0.4908894 -2.711383 160.0786
118 1.1408444207015873 -2.67446363734042 161.36349248460644 -0.4848759 -2.73678 161.429
119 1.1382569412703023 -2.6890716077159555 162.71342175461956 -0.4836516 -2.760604 162.7788
120 1.1470351560799006 -2.694728829918507 164.0643617481224 -0.4767803 -2.787254 164.1295
121 1.191045644736738 -2.70686207145916 165.41501692644164 -0.468784 -2.810667 165.4807
122 1.2302963993477594 -2.7299919456957995 166.77280972953753 -0.4599264 -2.835558 166.839
123 1.247493798725585 -2.7538993651861525 168.13378774833492 -0.449484 -2.861986 168.2
124 1.2636605359598283 -2.7544446333735215 169.49413175820226 -0.4424438 -2.88656 169.5602
125 1.2763352612418393 -2.7855636494894793 170.85360274209762 -0.4389717 -2.91424 170.9198
126 1.2643303191425073 -2.8078310945222396 172.21807709402975 -0.4111543 -2.932731 172.2841
127 1.2635609285104241 -2.8373230771157285 173.58694031224775 -0.388112 -2.960771 173.6528
128 1.3496118674332058 -2.8913197243561877 174.9597637777428 -0.3779301 -2.986448 175.0291
129 1.343538022647078 -2.929593407393377 176.339027882536 -0.3588782 -3.008539 176.4086
130 1.367379284637668 -2.980289464530033 177.714620326169 -0.3405308 -3.013913 177.7852
131 1.3817315922082511 -3.0211970201096903 179.08959973750265 -0.3214042 -3.022953 179.1607
132 1.392465575381347 -3.037031026892847 180.4709085236126 -0.3136545 -3.041123 180.542
133 1.423440487124211 -3.069733655620607 181.84974033223568 -0.3089995 -3.0621 181.9214
134 1.445918353671073 -3.1108965046307993 183.23760182279534 -0.3140564 -3.088158 183.3098
135 1.463607412122939 -3.1737994900437396 184.63042571223062 -0.3186558 -3.114466 184.7039
136 1.5107938083145858 -3.2190364393464295 186.0245924499967 -0.3141305 -3.137555 186.0994
137 1.5458765238181034 -3.250781631162234 187.42346193784977 -0.3087277 -3.164478 187.4988
138 1.556352312066385 -3.24429932682824 188.8252175633798 -0.3089327 -3.193945 188.9003
139 1.5847314143206277 -3.287983465804421 190.2290300018276 -0.3070211 -3.221858 190.3048
140 1.5800253414618322 -3.333312238280304 191.63659008023762 -0.3030042 -3.25053 191.7128
141 1.6177106310254377 -3.3861455540768297 193.0439294438664 -0.3007558 -3.281162 193.1213
142 1.6116774202443571 -3.4447394772390325 194.46149217438284 -0.2979338 -3.314135 194.5397
143 1.5865377905900477 -3.4780609345720426 195.88070462228333 -0.2945301 -3.344375 195.9592
144 1.5977554061519676 -3.527187926021606 197.3020797089428 -0.2955048 -3.384557 197.3809
145 1.6282607656994201 -3.539730552849441 198.72232994831063 -0.2998637 -3.419365 198.8011
146 1.6516368561461592 -3.5858251518823607 200.1455219447944 -0.3150034 -3.471363 200.2242
147 1.6646352054507347 -3.6231750310917215 201.57884619507294 -0.3321987 -3.515079 201.6573
148 1.7198408281179784 -3.6875914673979593 203.014505448576 -0.3485808 -3.555576 203.0948
149 1.7164752955611753 -3.751754068662229 204.4509860015402 -0.3518432 -3.580327 204.5325
150 1.74415848039957 -3.8053919809540737 205.8878197139967 -0.3481359 -3.604083 205.9704
151 1.777853716460276 -3.8289907428823815 207.3353505034324 -0.3438313 -3.628674 207.4183
152 1.83786701987499 -3.8543162024548656 208.7836575237577 -0.342198 -3.650886 208.8679
153 1.8741153073732624 -3.918749206660589 210.2372682538874 -0.3429638 -3.67436 210.3232
154 1.8615991919525314 -3.971404071980425 211.69838381961165 -0.347951 -3.708945 211.7849
155 1.8868742118876345 -4.020321507886158 213.15812441886402 -0.3533161 -3.741769 213.2453
156 1.9379275661469535 -4.062918536753582 214.62597381382443 -0.3575809 -3.778065 214.7142
157 1.9963373851283301 -4.124744476474198 216.0960614675775 -0.3574839 -3.809987 216.1864
158 2.0088864813579757 -4.1929657442025885 217.56977957390606 -0.3559812 -3.837087 217.6615
159 2.025965988265325 -4.230397168024678 219.04992951733323 -0.3604882 -3.867619 219.1419
160 2.0551155369510514 -4.2799497725352404 220.52647281513893 -0.3669047 -3.899694 220.6192
161 2.084241857075653 -4.355831175248053 222.0107321830213 -0.3711882 -3.93317 222.1053
162 2.0881524556527 -4.398059106133337 223.49450666118634 -0.3755068 -3.961696 223.5894
163 2.12452641802857 -4.448775285953178 224.9829782256802 -0.3771503 -3.990503 225.0789
164 2.1627679282128933 -4.509828515342104 226.47167376267632 -0.3787707 -4.017067 226.5691
165 2.2090229615381123 -4.576502236196643 227.96088819961457 -0.3785266 -4.048136 228.0602
166 2.2694767866097028 -4.618945516231958 229.45020099501687 -0.3786614 -4.075078 229.5511
167 2.308884422799018 -4.666051972136054 230.94343208669892 -0.3766086 -4.099044 231.0454
168 2.336587380266435 -4.698507100472329 232.4397501206658 -0.3745701 -4.124994 232.5421
169 2.381831411057304 -4.7452846433125435 233.93430804029282 -0.3739626 -4.153624 234.0378
170 2.4324147694682026 -4.810511602062866 235.43359599443258 -0.3764692 -4.186333 235.539
171 2.471440197918884 -4.849385217067961 236.93857098134166 -0.3784077 -4.220226 237.0446
172 2.530164550466046 -4.9125556847619025 238.44176539373476 -0.3814943 -4.253315 238.5499
173 2.6683195488690807 -5.006844206661029 239.94321859070502 -0.3829065 -4.285388 240.0603
174 2.7035909765730373 -5.046617127790853 241.45347568640636 -0.3820924 -4.315103 241.5712
175 2.732741257216803 -5.108023853299999 242.9683898660439 -0.3818797 -4.347138 243.0873
176 2.758089907372027 -5.175005972004106 244.4817049981844 -0.3796393 -4.377646 244.602
177 2.8235441117153868 -5.215137630140506 246.00110904908945 -0.377078 -4.404696 246.1231
178 2.856076059082835 -5.287427164554294 247.5238999014928 -0.3721572 -4.432022 247.6477
179 2.900098191591721 -5.307861634666558 249.04385556538216 -0.3683885 -4.458219 249.1682
180 2.960620844872596 -5.361399746722216 250.57019239448252 -0.3658944 -4.487063 250.6964
181 3.039593527466163 -5.4187496501694 252.09496697951408 -0.3629857 -4.511301 252.2241
182 3.1047024696010372 -5.478692151557052 253.62550846059037 -0.3598899 -4.535745 253.757
183 3.160889340071944 -5.539396699618584 255.1549451713443 -0.3565283 -4.558441 255.2885
184 3.2554515000540074 -5.573425071012461 256.68638695657677 -0.3518994 -4.58494 256.823
185 3.2879257187400746 -5.623282240233009 258.22367298028297 -0.3474488 -4.611578 258.3612
186 3.2960606695313053 -5.663629972155131 259.7624569998812 -0.3407995 -4.637604 259.9003
187 3.346848443411224 -5.724699016839689 261.2955106343488 -0.3346776 -4.662237 261.4352
188 3.3555189052277132 -5.774962112634704 262.83276687798786 -0.3291338 -4.686551 262.9731
189 3.424027352714143 -5.831923984366868 264.36866648571873 -0.3253738 -4.715745 264.5113
190 3.4429345536788936 -5.889642859473563 265.91371329877677 -0.3249046 -4.748173 266.0572
191 3.4937732990139043 -5.945185258218261 267.45330283324114 -0.3208179 -4.788372 267.5981
192 3.5538444888627234 -6.005338002052765 268.9909865389639 -0.3173943 -4.824679 269.1377
193 3.614674926850052 -6.0807904751532424 270.52788968957293 -0.3166024 -4.866052 270.6771
194 3.676330332481344 -6.148293381288543 272.06711030799687 -0.3155943 -4.906588 272.2185
195 3.7162038439228295 -6.2256748659205625 273.6116753757814 -0.3140401 -4.950219 273.7649
196 3.7958705346191848 -6.312656445360304 275.1499158928935 -0.3112309 -4.987626 275.3072
197 3.840687403575456 -6.38682218980098 276.6946684623021 -0.3114206 -5.039836 276.8535
198 3.8423681551409476 -6.413329215430247 278.2367458633269 -0.3062026 -5.082755 278.3952
199 3.905580349100357 -6.480572688900182 279.78475693898474 -0.3011292 -5.134136 279.9451
200 3.9343461922658247 -6.5531074889710945 281.333997941839 -0.2897536 -5.172038 281.4958
201 3.9866219368611966 -6.640529507218793 282.88517829466434 -0.2764899 -5.210037 283.0498
202 4.031734282120811 -6.698711975391667 284.4345415610893 -0.2599233 -5.24169 284.6005
203 4.0947790890016025 -6.781429037961039 285.9764298459105 -0.2447296 -5.277598 286.1454
204 4.199703167123049 -6.862961489093048 287.5257908378496 -0.2301583 -5.316244 287.6999
205 4.243401692582905 -6.9711090445478785 289.0756497943972 -0.2170805 -5.355148 289.2536
206 4.300333419101087 -7.043156241198886 290.6300913355844 -0.2045251 -5.390475 290.8103
207 4.381311209284486 -7.142729986980598 292.18412494163886 -0.1926927 -5.424878 292.3692
208 4.415941483367882 -7.207936769108416 293.74526593454914 -0.1828271 -5.462578 293.9316
209 4.469651497986111 -7.291521363601948 295.3117350930448 -0.1753107 -5.502144 295.5007
210 4.537259065957374 -7.393378867358536 296.8791127960741 -0.1681708 -5.542654 297.0723
211 4.579604489168335 -7.479456950656268 298.45442880994347 -0.1571664 -5.573209 298.6502
212 4.621462050313146 -7.521954836884858 300.0401561328927 -0.1498301 -5.605662 300.2367
213 4.679791361939576 -7.581617119082515 301.62270121774554 -0.1436567 -5.638056 301.8211
214 4.7423930079298 -7.643556497984872 303.2125881663593 -0.1362308 -5.674045 303.413
215 4.779845120664436 -7.712096177073669 304.80751805510914 -0.1245796 -5.704927 305.0095
216 4.8126480635932465 -7.77431489494153 306.4055229616149 -0.1113075 -5.740563 306.6086
217 4.88114226607219 -7.850342999952805 308.00567767369404 -0.1009905 -5.775938 308.2116
218 4.93049119927929 -7.958351426966575 309.60922763119385 -0.0964999 -5.821106 309.8189
219 4.9881555281522285 -8.049932240120334 311.22034492956885 -0.09324941 -5.863046 311.4331
220 5.061830478433262 -8.114118187343808 312.82940463201567 -0.09658434 -5.907766 313.0445
221 5.137672511753116 -8.197841257408019 314.4498052348459 -0.106523 -5.952029 314.6682
222 5.150291682820127 -8.255455225657737 316.0762960714388 -0.1079811 -5.990688 316.2953
223 5.316819237198875 -8.295837764239005 317.6965953644358 -0.1086696 -6.032426 317.9241
224 5.391206565793476 -8.375518820606555 319.32174255979504 -0.1058419 -6.068362 319.5525
225 5.43760272380293 -8.443427718329868 320.94992199222236 -0.1039698 -6.106845 321.1823
226 5.504484066358295 -8.52848579020602 322.5783434502612 -0.1009179 -6.143404 322.8139
227 5.550213399195389 -8.615982050069707 324.2016847557546 -0.09883113 -6.185282 324.4397
228 5.594879106603471 -8.736586043485842 325.82556385046126 -0.09648438 -6.224088 326.0682
229 5.685723784194637 -8.806523735278928 327.4515425776876 -0.09411052 -6.268819 327.6976
230 5.743613234905136 -8.858781158755292 329.07671004881746 -0.08496956 -6.305428 329.3242
231 5.803607299901505 -8.965220545063216 330.69916370307345 -0.07442718 -6.342113 330.9508
232 5.849125627400637 -9.046055821911565 332.315416134041 -0.06421231 -6.372244 332.5694
233 5.961116030676114 -9.13207559130234 333.92968680068145 -0.05844895 -6.413497 334.1893
234 6.016315681797491 -9.190709041394353 335.5412120265851 -0.05434961 -6.45078 335.8024
235 6.076597538899055 -9.277807821871521 337.14556907841313 -0.04949748 -6.492551 337.4097
236 6.079883740691041 -9.356235391627015 338.75554904900906 -0.04548042 -6.532188 339.0211
237 6.148573231027924 -9.4536850043586 340.3592039067368 -0.04257007 -6.571397 340.6287
238 6.23011204387274 -9.525036728735941 341.9733607420016 -0.03930296 -6.601811 342.2462
239 6.305894487599681 -9.589920312870397 343.5770913010051 -0.03681003 -6.628918 343.8528
240 6.3363053109279885 -9.689740058852214 345.1735635205145 -0.03514659 -6.652782 345.4525
241 6.453997308358823 -9.79581535249807 346.76880754990077 -0.0345479 -6.677644 347.0554
242 6.514928678157983 -9.889772741996774 348.36487665085343 -0.03707175 -6.708152 348.6551
243 6.582475976347473 -10.011296573999859 349.9571891699691 -0.04156332 -6.737239 350.2532
244 6.691553808638066 -10.074842838416814 351.547226328119 -0.05261018 -6.773059 351.8478
245 6.742403033834854 -10.156624511135067 353.1432925386178 -0.06277075 -6.805862 353.4464
246 6.857162399957074 -10.230232103016224 354.72943789001425 -0.07506606 -6.843564 355.0379
247 6.9301370320281315 -10.303368038079876 356.31949747022713 -0.08570356 -6.882552 356.6308
248 7.003025655649601 -10.376155694361517 357.90768580384184 -0.09729989 -6.921763 358.2218
249 7.070379059815699 -10.463465675400668 359.4950331829938 -0.1091014 -6.958715 359.8125
250 7.117280917329373 -10.525433610733167 361.08482474139146 -0.1223014 -6.995935 361.4037
251 7.159852300690108 -10.596420168443464 362.6684513720073 -0.1322206 -7.034017 362.989
252 7.230254742907971 -10.686466965060763 364.26255726351957 -0.1419952 -7.072717 364.5867
253 7.206796558698368 -10.753629786814397 365.8586208198264 -0.1552999 -7.112398 366.1838
254 7.242401094556329 -10.800228845894392 367.45525825190344 -0.1668615 -7.146884 367.7811
255 7.301651668659491 -10.86286319396143 369.05908902240975 -0.1858911 -7.18829 369.3866
256 7.375996538253013 -10.95965820610501 370.6436125362842 -0.2029185 -7.225081 370.9753
257 7.43001601966999 -11.036048110814697 372.28174944402514 -0.2229981 -7.26884 372.6154
258 7.493400358983978 -11.122153792091874 373.8886120110543 -0.2378134 -7.306808 374.2253
259 7.576134097009706 -11.21611967702913 375.4398998249641 -0.2519893 -7.344936 375.7811
260 7.660931392920071 -11.28309390818386 377.04286520174855 -0.2625878 -7.379336 377.3873
261 7.765334976138441 -11.348683053045349 378.64412755121884 -0.2704012 -7.414418 378.9929
262 7.811790201942751 -11.436667017790548 380.2556365386637 -0.2783585 -7.448411 380.6071
263 7.876156324756984 -11.519006511829394 381.86579204346043 -0.2877925 -7.485057 382.2202
264 7.942812074430877 -11.596218234122865 383.48362366064276 -0.2960866 -7.522079 383.8408
265 8.027265267247985 -11.680895775103721 385.09001382542664 -0.3039652 -7.558709 385.4512
266 8.131664979283551 -11.753722457676698 386.7020588724021 -0.3110174 -7.596748 387.0678
267 8.177940630420517 -11.847888997614584 388.31693834586537 -0.3164538 -7.631598 388.6857
268 8.246331011077748 -11.923446983406096 389.9342686578787 -0.3206582 -7.664429 390.3059
269 8.333949116034963 -12.013691924284577 391.55972178543357 -0.3238003 -7.696195 391.9359
270 8.430752978164596 -12.103975116214006 393.17670104431795 -0.3237896 -7.731691 393.5579
