0 0.0 0.0 0.0 5.551115e-17 3.330669e-16 -4.440892e-16
1 -0.019832958473159263 -0.0031542664167385566 0.8602085018305429 -0.04690294 -0.02839928 0.8586941
2 -0.026786977519490506 -0.03354519768302941 1.7189700712307987 -0.09374345 -0.05676064 1.716275
3 -0.04559378030435559 -0.05031591034988707 2.579038552789145 -0.1406429 -0.08515762 2.574964
4 -0.09046043722597474 -0.06935775884772341 3.437085712438968 -0.1874858 -0.1135202 3.432648
5 -0.06051674132954983 -0.057504965082223886 4.296918108786102 -0.2343818 -0.141915 4.291335
6 -0.10261986722506072 -0.04520445262056672 5.155196034241945 -0.2812195 -0.1702743 5.148987
7 -0.16676145635824396 -0.05531427709872417 6.0132809341506785 -0.3281178 -0.1986703 6.007777
8 -0.1889825832789441 -0.06745546504101 6.872353698322041 -0.3749547 -0.227029 6.865477
9 -0.23071206135672911 -0.059782657639885814 7.731613279452301 -0.4218367 -0.2554151 7.724036
10 -0.26108507227526323 -0.066954866523068 8.591645176146935 -0.4687329 -0.2838096 8.582886
11 -0.30547769646356565 -0.09995256191848831 9.448996554778548 -0.5155474 -0.3121547 9.440275
12 -0.34036610580198856 -0.10232207780718298 10.30871802220498 -0.562431 -0.3405416 10.29896
13 -0.3768035427963625 -0.09684776157410603 11.168285711976944 -0.6093087 -0.368925 11.15757
14 -0.41746999329969664 -0.10837106694521172 12.02683846001692 -0.6562052 -0.3973964 12.01541
15 -0.4552890109584616 -0.12402123280201044 12.881730220001302 -0.7018788 -0.4239119 12.86965
16 -0.4837312898989572 -0.13460935455285708 13.744863862493906 -0.7498241 -0.4540039 13.73146
17 -0.5490672040342292 -0.14936952292161026 14.61300798383923 -0.7992511 -0.484077 14.60026
18 -0.6209262774013657 -0.14780991249918646 15.491687887923623 -0.8546642 -0.515507 15.47957
19 -0.687115519646759 -0.16827871503605443 16.38091525907045 -0.9072868 -0.5464705 16.3694
20 -0.768326601395956 -0.1725497652527004 17.27896188565641 -0.9609163 -0.5783595 17.26896
21 -0.8324952533548426 -0.18440087284684045 18.182774416045596 -1.011589 -0.6092403 18.17318
22 -0.9144308402348788 -0.20990217100368389 19.091778378193144 -1.066256 -0.6387363 19.08411
23 -0.9979827593256009 -0.23050522655743647 20.002823299220896 -1.118651 -0.6686219 19.99722
24 -1.0529167753781798 -0.2399678142878235 20.91963749876167 -1.17184 -0.6990778 20.91368
25 -1.1101742378842894 -0.2476576515327631 21.84653517186588 -1.224279 -0.7287421 21.84042
26 -1.1939255324608953 -0.2751060157230532 22.77852428138389 -1.280807 -0.7604717 22.77432
27 -1.2548080381900866 -0.2820789861657285 23.71385207390088 -1.334841 -0.7929673 23.70953
28 -1.3372660695830267 -0.2998573178909277 24.654084041372887 -1.385747 -0.8209244 24.65175
29 -1.3253115994925144 -0.2889463378644407 25.60082660111586 -1.436633 -0.8456208 25.59694
30 -1.3943109152073094 -0.27294780602625307 26.547609123544596 -1.487044 -0.8702127 26.54471
31 -1.462473851689432 -0.2868215447662391 27.498372189268583 -1.538025 -0.8971121 27.49627
32 -1.523571261509342 -0.29666345128237853 28.45641053295553 -1.586551 -0.9254151 28.45466
33 -1.57792325873603 -0.3023828891718646 29.424739093179852 -1.633363 -0.955563 29.42293
34 -1.6319738222746567 -0.28800348556474115 30.40016718445934 -1.680971 -0.9838377 30.39839
35 -1.6494757585391229 -0.2967471766907059 31.380801785568735 -1.728893 -1.011772 31.37765
36 -1.6740982014861894 -0.3093929535296617 32.361029230553555 -1.768976 -1.036363 32.35714
37 -1.7036602898805315 -0.3252924995026158 33.34102495804812 -1.815834 -1.059789 33.33631
38 -1.7364215440141528 -0.32353963503949973 34.32630959735992 -1.870663 -1.088016 34.32021
39 -1.8034012081648048 -0.3421391721361952 35.33727496451898 -1.92978 -1.12988 35.33097
40 -1.8723484745385894 -0.3627214276024732 36.39527934639436 -1.993748 -1.194548 36.38751
41 -1.9584193706256632 -0.37774950650741845 37.4362528269289 -2.061112 -1.249881 37.4285
42 -2.0539839589358584 -0.381426036979869 38.47841530428394 -2.126953 -1.305052 38.47151
43 -2.115969635639862 -0.39808669765876303 39.51148592053691 -2.190967 -1.349142 39.50365
44 -2.1735563413005834 -0.42630598456394564 40.547380395909144 -2.256115 -1.393047 40.53855
45 -2.2177573193781748 -0.4388240722094765 41.57212855911788 -2.32994 -1.426813 41.56111
46 -2.281158393528512 -0.43643609806101724 42.595024391274826 -2.399728 -1.460731 42.58303
47 -2.3178648077789936 -0.424745526397439 43.606810880057445 -2.465214 -1.489501 43.59302
48 -2.3948076214412928 -0.4371762730734353 44.61170671565674 -2.535885 -1.52285 44.5979
49 -2.421027357312842 -0.42317332602328717 45.614922378269085 -2.600016 -1.559885 45.59882
50 -2.482414580838361 -0.43923645255992877 46.61460669430075 -2.661881 -1.593756 46.59803
51 -2.5380302965120043 -0.4090185853974351 47.61022482887055 -2.728914 -1.629817 47.59275
52 -2.548928101779039 -0.41053920096229496 48.599200025229216 -2.800794 -1.664529 48.57856
53 -2.629224936439018 -0.4286329644858386 49.57627998198461 -2.871336 -1.697621 49.556
54 -2.6790608274452508 -0.43658892211173655 50.55947262031694 -2.937935 -1.729013 50.53773
55 -2.7659166087818274 -0.4537307024893492 51.53904461421983 -3.002463 -1.766742 51.51845
56 -2.8796371927615674 -0.4739507898331287 52.5113540058808 -3.065844 -1.798994 52.49501
57 -2.935669323537097 -0.4643947646850027 53.48228921748563 -3.130185 -1.830051 53.46498
58 -2.9985685087538334 -0.4924953902290154 54.44525554378013 -3.19152 -1.858398 54.42804
59 -3.1000507918147377 -0.5325309129350972 55.40492451866073 -3.248811 -1.886487 55.39178
60 -3.143108849030564 -0.5504754073834415 56.36480115061131 -3.310922 -1.913841 56.35039
61 -3.1780188915951895 -0.5781249350911998 57.328106840386724 -3.371514 -1.938229 57.31251
62 -3.1960868252140857 -0.5747263828696768 58.29196475485002 -3.438994 -1.956763 58.274
63 -3.252831205695337 -0.5711664616681382 59.244607395931574 -3.511313 -1.975962 59.2254
64 -3.3084217672572107 -0.5900981593556198 60.18641354253973 -3.579193 -1.998111 60.16633
65 -3.35572483142004 -0.5967138892718571 61.11251405711873 -3.641784 -2.021539 61.09125
66 -3.401596137859112 -0.6172232520983418 62.02869401683299 -3.703384 -2.049159 62.00632
67 -3.487879079736284 -0.6344410561283951 62.93826121229818 -3.776035 -2.078109 62.91678
68 -3.5357006766525254 -0.6599111032874894 63.838245083773714 -3.84394 -2.112094 63.81519
69 -3.6141251773396457 -0.6980001646976357 64.71990589231511 -3.912602 -2.145353 64.69786
70 -3.641098151918109 -0.7127736074645432 65.59116354641704 -3.978228 -2.173835 65.56672
71 -3.6911392034449153 -0.7172009958034885 66.44777657140531 -4.046625 -2.201409 66.42163
72 -3.7990203898985997 -0.7202932966462124 67.28702056676235 -4.114442 -2.230822 67.26455
73 -3.8099239371696902 -0.7404925394269919 68.11847847476972 -4.179994 -2.258366 68.09328
74 -3.909538473551584 -0.7364232968708257 68.93200365765372 -4.244856 -2.28331 68.90994
75 -3.9408340249760654 -0.7379573991515747 69.73895170953887 -4.313021 -2.307845 69.71424
76 -4.010614964328012 -0.7469297581110245 70.53286997947279 -4.381935 -2.329476 70.50799
77 -4.102863433742755 -0.758525610474796 71.30671429737438 -4.44551 -2.355391 71.28437
78 -4.1985648986935065 -0.7627679668554852 72.05726509888194 -4.514875 -2.382091 72.03735
79 -4.3246714783302656 -0.7678165375711818 72.78032954132884 -4.58021 -2.409731 72.76791
80 -4.356126343492169 -0.7892290668643196 73.49531489316264 -4.644343 -2.432982 73.48065
81 -4.425967870580324 -0.8027708482852868 74.18997418111029 -4.709494 -2.459523 74.17539
82 -4.468043079444966 -0.8149951304385002 74.86857378790125 -4.77573 -2.490277 74.85147
83 -4.51281226498744 -0.8445667256176271 75.52622733468209 -4.837515 -2.525955 75.50744
84 -4.583322400512364 -0.8306922911855956 76.15606373164121 -4.891889 -2.556654 76.13828
85 -4.643718250981034 -0.882776353985413 76.76507124326766 -4.937677 -2.585469 76.7501
86 -4.58225709876835 -0.8946599418688171 77.35853801852697 -4.985837 -2.616742 77.34409
87 -4.67428424102756 -0.9164084555281049 77.93525177575687 -5.039038 -2.646048 77.92534
88 -4.703774055512985 -0.9306520056936557 78.50690918151427 -5.092732 -2.675699 78.49464
89 -4.757648309470378 -0.9444815778168624 79.06114670680233 -5.133801 -2.70184 79.04953
90 -4.76356712650333 -0.9481915003891067 79.60518156093342 -5.159772 -2.729207 79.5923
91 -4.72719780241672 -0.9337036327368524 80.13571897472285 -5.183357 -2.7568 80.12304
92 -4.817951522574116 -0.9437080048801605 80.64016522948505 -5.208269 -2.780022 80.63455
93 -4.888897276373958 -0.9405221697570774 81.13714018861009 -5.235209 -2.801727 81.13538
94 -4.829831085423067 -0.9428980606167147 81.62164414673549 -5.248892 -2.822088 81.62286
95 -4.827664383807753 -0.935417167215461 82.09621664368304 -5.236828 -2.839863 82.09701
96 -4.788757453470408 -0.9674469075543763 82.55372847143785 -5.207469 -2.859306 82.55594
97 -4.731716823366931 -0.9864080839548638 83.00477203849861 -5.163543 -2.878004 83.00846
98 -4.694173510314168 -0.9852204718200989 83.45337708256348 -5.10562 -2.895751 83.45454
99 -4.615498563384266 -1.0092118165456219 83.8833018913299 -5.02956 -2.911918 83.8853
100 -4.554472708719676 -1.01800293947686 84.31765448950568 -4.934649 -2.926167 84.31338
101 -4.456749865589237 -1.0231473512929876 84.73829686940883 -4.817297 -2.942364 84.72869
102 -4.324685907830547 -1.0234229143031628 85.12976941147039 -4.680938 -2.961855 85.1182
103 -4.181960108489364 -1.0266737246695632 85.52118921124983 -4.519193 -2.980545 85.50171
104 -4.023839764640492 -1.0562563098840372 85.88408093347306 -4.336344 -2.995233 85.85373
105 -3.890355491558084 -1.0688980569426791 86.26435446695254 -4.130089 -3.006846 86.20001
106 -3.7147784853478223 -1.08265360774298 86.62000037708005 -3.903866 -3.018353 86.52588
107 -3.478887434456509 -1.0801547937730773 86.91610649720953 -3.65638 -3.030941 86.8121
108 -3.1610211355616205 -1.0726387477713255 87.13722992988089 -3.393066 -3.048142 87.09558
109 -2.8885529023178353 -1.0580784508014855 87.39239298306484 -3.115393 -3.063358 87.34503
110 -2.561468677513214 -1.0459694371440855 87.60107013382219 -2.817803 -3.074584 87.59401
111 -2.264067682211238 -1.0363695697398752 87.84307787248196 -2.508137 -3.08446 87.8201
112 -1.9508083739631523 -1.0573462327514265 88.05003777500133 -2.182602 -3.093149 88.00813
113 -1.618591321854206 -1.0303312240444522 88.23323289450403 -1.847638 -3.103538 88.18799
114 -1.2778517027892062 -1.0424940888091017 88.37947525418534 -1.511055 -3.116572 88.34349
115 -0.9485759600239059 -1.051020774596876 88.56950764118774 -1.165582 -3.127427 88.50204
116 -0.6115503966043765 -1.048069246304701 88.74746682445978 -0.8110714 -3.138031 88.64159
117 -0.2425576968380545 -1.0405208563921575 88.8217905186878 -0.4500223 -3.146259 88.74795
118 0.14044017860823066 -1.0384786283186305 88.88640147193912 -0.07268361 -3.150458 88.83995
119 0.5150320339000152 -1.0387572432705456 88.97788231767916 0.3020916 -3.156586 88.93047
120 0.8901029592238318 -1.0397895086657714 89.0677765178116 0.676345 -3.166835 89.02315
121 1.269743436828675 -1.0507282854462334 89.14995930410844 1.050891 -3.185174 89.12503
122 1.6486997054044596 -1.0628852817009602 89.2558502057109 1.434583 -3.205997 89.21056
123 2.0460849567828454 -1.0696508185684555 89.32931839076969 1.83291 -3.222114 89.27715
124 2.4525929873765895 -1.0751951148243628 89.39204990469867 2.240743 -3.234217 89.3295
125 2.874182361358937 -1.073894242685939 89.43862749697062 2.66275 -3.232193 89.3721
126 3.3001305023085767 -1.0635735608420236 89.49340370743485 3.089762 -3.233114 89.41899
127 3.748692857973694 -1.0453163481122996 89.52947661178843 3.53677 -3.247013 89.47222
128 4.215661469604411 -1.057679376729267 89.56411809615466 4.002128 -3.269703 89.52059
129 4.690656802798042 -1.0568543664534935 89.58591628477932 4.475771 -3.292077 89.55606
130 5.17842975313303 -1.0649901835064666 89.58907089464132 4.962461 -3.311658 89.58341
131 5.673027185556647 -1.04824307571017 89.64683408763153 5.460049 -3.327578 89.60332
132 6.186796822980862 -1.0283667448125051 89.6782262520207 5.974572 -3.344693 89.62101
133 6.71701215258216 -1.020618112104832 89.65850361890674 6.504623 -3.36274 89.63826
134 7.263101948954532 -1.007565775283707 89.66384637049077 7.050381 -3.379767 89.65473
135 7.825784211252695 -0.99434172680244 89.6251381597108 7.614093 -3.394968 89.67153
136 8.409502915994675 -0.980369685606266 89.60401123520303 8.197957 -3.409306 89.68785
137 9.011963455732678 -0.9725441550484584 89.63581046146851 8.800912 -3.4262 89.70167
138 9.630827617022286 -0.9604597201953076 89.66251088441629 9.42023 -3.442284 89.70786
139 10.270411474444916 -0.9449561505250809 89.67337639019694 10.05978 -3.460292 89.71666
140 10.925354879951756 -0.9372730292206707 89.66545992847942 10.71458 -3.477648 89.71954
141 11.599050888552435 -0.916431392280155 89.66743319129897 11.38837 -3.495197 89.72145
142 12.285006447942779 -0.8912841983048797 89.67398405518469 12.07462 -3.511618 89.72018
143 12.991766078648979 -0.8597722252900495 89.68513228113088 12.7819 -3.529809 89.72729
144 13.71356055657387 -0.8290979024579154 89.72358970668074 13.50501 -3.549541 89.73868
145 14.452128002995918 -0.7956217242395881 89.71741117178087 14.24395 -3.570045 89.75239
146 15.210034416254683 -0.7531253102962999 89.69434428887062 15.0026 -3.595307 89.77631
147 15.980397463942131 -0.725588196923316 89.73753793800786 15.77368 -3.621398 89.80526
148 16.763910686749302 -0.6779696120392619 89.80864099884886 16.56055 -3.645849 89.84339
149 17.55885390494006 -0.6558071956887801 89.83066403347236 17.35473 -3.669719 89.88363
150 18.359205688413255 -0.6255067244016123 89.89537190569094 18.15651 -3.696455 89.92948
151 19.163977264523844 -0.5909050328276032 89.9021908503078 18.95996 -3.726996 89.97884
152 19.97393810126759 -0.5566988953040672 89.9042823297112 19.76819 -3.758629 90.03338
153 20.789746166175547 -0.5562732906170819 89.90006797557598 20.58193 -3.789412 90.08278
154 21.608927144541966 -0.5299910678958262 89.87575451279372 21.39947 -3.828201 90.13241
155 22.406327858669133 -0.4928503340887555 90.06534827925968 22.21735 -3.869642 90.18269
156 23.224851916827113 -0.4647183062314014 90.08032905808538 23.03432 -3.908789 90.22769
157 24.043950857180906 -0.4648466447420262 90.057053671418 23.85148 -3.948711 90.27374
158 24.86119991652053 -0.47825779272032 90.0674389902578 24.6666 -3.991884 90.31732
159 25.675293207077573 -0.478934209551718 90.07575296970664 25.47837 -4.031552 90.365
160 26.48460755201547 -0.48128722788490047 90.14989600249773 26.2888 -4.070675 90.41153
161 27.29696302179632 -0.4929949468306475 90.19262289868996 27.10009 -4.110043 90.45782
162 28.108410919363603 -0.4750565677167961 90.21020264704978 27.90992 -4.149285 90.49922
163 28.92170449184148 -0.46718820503900105 90.23672015643393 28.7218 -4.189372 90.53737
164 29.734597184623446 -0.46678207279543976 90.25606370259995 29.53344 -4.227712 90.56802
165 30.54114262486279 -0.46082136812732244 90.20823806728814 30.34032 -4.26442 90.58889
166 31.343308140795187 -0.4846030444362436 90.19820581919271 31.14204 -4.298961 90.60259
167 32.14394125691042 -0.498572943085456 90.15528467643851 31.94324 -4.332533 90.60409
168 32.94193536302579 -0.5036879010738027 90.17298075506957 32.74069 -4.3668 90.59833
169 33.73452308201744 -0.5151457790150961 90.15849030436226 33.53267 -4.400925 90.58651
170 34.52647457095766 -0.5150562451985926 90.12929758317934 34.32424 -4.430514 90.56241
171 35.30968857799438 -0.5276353643122944 90.0492791895888 35.11039 -4.460151 90.52962
172 36.08866196886768 -0.5361116960697319 90.00364967712945 35.88915 -4.490465 90.49003
173 36.86429754830975 -0.5368402819162018 89.96724134715919 36.66363 -4.51981 90.44253
174 37.630530502993125 -0.5433572665319016 89.89400679330849 37.43083 -4.548257 90.38673
175 38.38970263810398 -0.5564442395330189 89.83070806181337 38.18958 -4.577147 90.32361
176 39.14080114110415 -0.5829313562056399 89.75937344283163 38.94049 -4.607065 90.25165
177 39.88583652873202 -0.5662713074745487 89.70132361313789 39.68363 -4.635152 90.17629
178 40.615247390104116 -0.563015064958425 89.57347999217427 40.41876 -4.66402 90.09176
179 41.33864255389902 -0.5639106124797187 89.45562698587919 41.14574 -4.69221 90.0029
180 42.05540237750461 -0.5700008028420361 89.35330091175231 41.86324 -4.72176 89.91031
181 42.766445963121335 -0.5737806466783234 89.25204537859543 42.57483 -4.746579 89.81611
182 43.472535416046675 -0.5604823770209862 89.25607290733153 43.27463 -4.770015 89.72399
183 44.16016517941462 -0.5475194176210798 89.18865006094298 43.95946 -4.793116 89.63442
184 44.83070018975484 -0.5409479304262527 89.08994504600915 44.63116 -4.815263 89.54649
185 45.48516315645626 -0.5232151483515384 89.00779328482737 45.28497 -4.83706 89.46022
186 46.12332173445086 -0.5514470290956239 88.93085429035406 45.9228 -4.858683 89.37856
187 46.74530582128869 -0.5616281740037776 88.87751943047925 46.54259 -4.880596 89.3065
188 47.34547943472717 -0.5797688704872722 88.80361213068215 47.14397 -4.902936 89.24451
189 47.92595382549784 -0.5977302258450969 88.73274350099938 47.72631 -4.926346 89.19325
190 48.48591241784008 -0.5982376234993371 88.66183746801406 48.28879 -4.950044 89.1528
191 49.02426536066156 -0.5884795288882554 88.58579044920317 48.83147 -4.973119 89.12695
192 49.55980411710116 -0.5935096263972661 88.57055447302281 49.36647 -5.001409 89.12113
193 50.087150186139596 -0.5987382643686705 88.54206554226589 49.89376 -5.029978 89.13018
194 50.610525788290694 -0.579124781716312 88.55601310736579 50.4167 -5.056479 89.14842
195 51.1348746181248 -0.573677839533006 88.58524644336191 50.93941 -5.083698 89.19154
196 51.644772516043226 -0.5816040241335694 88.69710578303474 51.45679 -5.111122 89.25586
197 52.15128435807642 -0.5669878366396941 88.78379668797459 51.96384 -5.139956 89.33556
198 52.66395858314744 -0.5788010869307377 88.82080553916435 52.46407 -5.168307 89.45093
199 53.164495058381284 -0.5717930148018019 88.94800028129826 52.95984 -5.197886 89.59271
200 53.62425595485006 -0.5676804440098075 89.13765206199308 53.43056 -5.228395 89.75037
201 54.08877530494319 -0.5514937285642261 89.31980720850596 53.88945 -5.254058 89.94526
202 54.549481902445415 -0.557212188344111 89.49818479576308 54.33154 -5.281038 90.16419
203 54.97326508950079 -0.5521359392858691 89.69155036972515 54.73889 -5.307765 90.3886
204 55.382027026249574 -0.5561170577912883 89.94334957084747 55.13319 -5.33687 90.66097
205 55.753732409755486 -0.5298602936354602 90.20586621062061 55.49149 -5.362113 90.9416
206 56.12204275376346 -0.537174847570181 90.50964148475178 55.83593 -5.389737 91.27112
207 56.43333376483635 -0.530478145663771 90.86992891805025 56.15845 -5.418165 91.6203
208 56.74219918464049 -0.5165530133846647 91.20018907033057 56.44855 -5.448053 91.96615
209 57.06310181131288 -0.48755736249479525 91.5525519238782 56.72244 -5.479109 92.35602
210 57.322294088290946 -0.4937004692570358 91.95409109571482 56.96793 -5.510534 92.76492
211 57.595769851267605 -0.4803818841176716 92.32012972197606 57.17528 -5.539453 93.17127
212 57.78177086219982 -0.48378363484141085 92.76395471838815 57.37005 -5.564449 93.61062
213 57.913271400583504 -0.48821450493967006 93.22792712547609 57.53992 -5.590987 94.0612
214 58.05653234742267 -0.5061067923023204 93.6752605650988 57.68438 -5.612666 94.50798
215 58.22415877011381 -0.5063449296238879 94.13661417742928 57.81242 -5.628018 94.9816
216 58.3585479802319 -0.48974408957997095 94.59643330022612 57.9272 -5.638494 95.44688
217 58.48397525277348 -0.49832547718402126 95.07172532914474 58.04176 -5.648502 95.92488
218 58.62224339798845 -0.4675754634860909 95.54335983466929 58.16224 -5.661977 96.40217
219 58.68772839949066 -0.4781617707343744 96.0349770107536 58.27731 -5.680139 96.88437
220 58.773402632240796 -0.4845314039550076 96.53497549739062 58.38327 -5.692607 97.38035
221 58.866499328195694 -0.4828317900973845 97.04476395952369 58.48694 -5.69871 97.88806
222 58.959030430425926 -0.47641609681172564 97.56219497303248 58.58946 -5.712881 98.40345
223 59.087735403956636 -0.4760443210493836 98.08256671804966 58.69673 -5.73231 98.9283
224 59.23030178539111 -0.4857900661692597 98.60937629789872 58.81399 -5.756138 99.46087
225 59.42434462327264 -0.5030120661994605 99.1306961377119 58.94036 -5.778487 100.0024
226 59.611014995726286 -0.50114828371359 99.66355357275326 59.07451 -5.797891 100.5505
227 59.792121676154686 -0.5179238102517103 100.21068318697148 59.20976 -5.818562 101.1106
228 59.95562903700851 -0.5014843703639662 100.78533106865798 59.34323 -5.84477 101.6926
229 60.06097269137381 -0.5027558508605263 101.38501541881756 59.47979 -5.872668 102.2853
230 60.23446517485597 -0.5031901688596895 101.98380033700778 59.63546 -5.900971 102.8883
231 60.41429259015153 -0.5210818771388913 102.59099785009471 59.7988 -5.928075 103.4998
232 60.58706552241972 -0.5121571312803217 103.2141462672698 59.96454 -5.953554 104.1244
233 60.72818578245059 -0.5324155000350658 103.85120268329607 60.13424 -5.97519 104.7544
234 60.935793757274844 -0.547948774149416 104.47945090636132 60.30914 -5.99825 105.3923
235 61.147411400710645 -0.5590175673288141 105.1109196074291 60.48079 -6.023068 106.0354
236 61.282880695209066 -0.5609825518230143 105.77603309036569 60.64973 -6.049018 106.6923
237 61.41780584900159 -0.5599748221267611 106.4557166221589 60.81912 -6.075562 107.3637
238 61.610791520956234 -0.5656636686271265 107.14269208079386 60.9951 -6.103151 108.0547
239 61.80853572044576 -0.557452033324851 107.84517046537941 61.17722 -6.135437 108.7607
240 61.958307838947626 -0.5596756131331299 108.56942455196871 61.35508 -6.168814 109.4778
241 62.146048944259746 -0.560474914203858 109.28860960982445 61.52759 -6.198021 110.2002
242 62.37822451982147 -0.5484635109269405 110.00066828116053 61.69627 -6.225332 110.9295
243 62.59850483722011 -0.5645628916714908 110.729186328684 61.87414 -6.252301 111.6692
244 62.77342566434734 -0.5721798644105955 111.48288817056341 62.05312 -6.282018 112.4214
245 62.9936611499559 -0.566162098068841 112.2409819715874 62.23417 -6.31524 113.1891
246 63.20804781422185 -0.578793458382303 113.00954678445783 62.41758 -6.351409 113.9649
247 63.42015024233819 -0.590238548569369 113.79310145742122 62.60024 -6.387404 114.7551
248 63.65701080596082 -0.6018465055752144 114.58912883044964 62.78483 -6.419328 115.5643
249 63.83051064780865 -0.5926557522095696 115.40201507385356 62.97372 -6.450506 116.3732
250 64.00286572736952 -0.5816760400893078 116.22447615763828 63.15739 -6.483943 117.1926
251 64.24301530741855 -0.595852344853024 117.02837494688325 63.33463 -6.517585 118.0121
252 64.43527362858366 -0.6275249177400957 117.8494999190315 63.51246 -6.551031 118.8364
253 64.64981895051292 -0.6479285562655173 118.67087103303368 63.6913 -6.583319 119.6659
254 64.87883414395526 -0.6910277562792196 119.49497044378869 63.87033 -6.619743 120.5026
255 65.14985592124042 -0.7168377301559501 120.3123436273968 64.05736 -6.658079 121.3427
256 65.42111799111315 -0.7583142520655543 121.12906319310319 64.25325 -6.695256 122.1809
257 65.61193369173101 -0.7806436473441087 121.97133276289912 64.44981 -6.728166 123.0215
258 65.82935597881547 -0.7744473185679495 122.82404780116786 64.65586 -6.752867 123.8767
259 66.07460329940417 -0.8149449215665723 123.66119477567081 64.8645 -6.784235 124.7241
260 66.29242938117275 -0.8471797871715965 124.50438123398816 65.06629 -6.818192 125.5712
261 66.48935875667216 -0.8752529113195235 125.35562786697709 65.26209 -6.849345 126.4226
262 66.72648809328902 -0.8989428762572292 126.19751056582112 65.45904 -6.878751 127.2746
263 66.9557422686485 -0.9073342850419875 127.0363883270443 65.65809 -6.913045 128.1205
264 67.19506718197104 -0.9287291293596867 127.84877023703726 65.86477 -6.955017 128.941
265 67.477492119163 -0.9549908952238929 128.63636085116988 66.08066 -7.000709 129.7485
266 67.71220866294054 -0.9880756866156902 129.4410298809925 66.29836 -7.046839 130.5573
267 67.96186927556239 -1.0231452468638806 130.25647422964744 66.51051 -7.092137 131.3828
268 68.24175556632633 -1.0381118600214394 131.08001246503727 66.72265 -7.134533 132.2254
269 68.45843079919409 -1.056821841449237 131.91377250292626 66.93208 -7.177765 133.0601
270 68.70486652320578 -1.0588362245924219 132.70950132547034 67.13546 -7.203471 133.8675
271 68.91997165536132 -1.0662774773297465 133.50044830140112 67.33397 -7.221705 134.6626
272 69.1033384763021 -1.0721303105506528 134.30332184210687 67.53946 -7.240417 135.4599
273 69.32316401241087 -1.097986041664084 135.10331640786595 67.74822 -7.275568 136.2625
274 69.51008985619322 -1.1470216721367665 135.9133786382899 67.9399 -7.307651 137.0723
275 69.72504729442247 -1.1844033774373015 136.7059760450531 68.12659 -7.329594 137.8726
276 69.9548903181259 -1.2097657772373653 137.49017394318355 68.31148 -7.347445 138.6688
277 70.155166973565 -1.229061938638604 138.29778881107683 68.48738 -7.375994 139.4818
278 70.35879766057056 -1.2522502056498728 139.07374128647893 68.65535 -7.400654 140.2662
279 70.59331037757468 -1.280517147857525 139.85926969081933 68.8308 -7.431426 141.0669
280 70.80174041638534 -1.3204661357082488 140.65113098197585 69.01055 -7.461305 141.8662
281 71.01030457410198 -1.3590224494551646 141.4367622562943 69.18789 -7.492154 142.6598
282 71.17338807967327 -1.3998139061329267 142.2293599100895 69.35983 -7.522327 143.451
283 71.36927325872455 -1.4291485358662541 143.00737931179003 69.53255 -7.548491 144.2346
284 71.54697559519549 -1.451118778967973 143.79804820731826 69.69416 -7.579826 145.0284
285 71.7683926928575 -1.4659738986903692 144.5833707924901 69.84462 -7.612956 145.8298
286 71.97568010125617 -1.4876675200472478 145.37498960528305 69.99277 -7.64599 146.6342
287 72.17186033322982 -1.5083199834099998 146.16831426998462 70.1315 -7.668862 147.4395
288 72.31046846384136 -1.5333089205117891 146.9673100833503 70.25738 -7.690397 148.2407
289 72.44991234178298 -1.5491824472849087 147.7569315011458 70.37981 -7.71208 149.033
290 72.69129678201601 -1.5550611561249168 148.51703753670648 70.50797 -7.73271 149.8199
291 72.86938150886154 -1.5484251990468263 149.30264097721513 70.63407 -7.751909 150.6153
292 73.00646692330899 -1.567549843582941 150.1067316824382 70.75332 -7.779012 151.422
293 73.1715686950166 -1.581144311768983 150.91212230530562 70.85703 -7.812429 152.237
294 73.32575639084287 -1.6136297337949628 151.71472370228707 70.95263 -7.841404 153.0488
295 73.46902498392711 -1.6347244543592214 152.5143911748655 71.05219 -7.868414 153.8549
296 73.58111744179891 -1.6637289695554287 153.3221341688379 71.14828 -7.891249 154.6649
297 73.72447068746638 -1.6894627966020834 154.13200722349717 71.23668 -7.916918 155.4826
298 73.81109463360455 -1.7376960628536176 154.95448839850553 71.30611 -7.939937 156.3078
299 73.93945518210508 -1.7460801741841185 155.77542691176635 71.36837 -7.966304 157.136
300 74.0019510987128 -1.7583170970188757 156.59827696285456 71.43075 -7.990297 157.9586
301 74.08026308753877 -1.771998426515569 157.41831962964352 71.4907 -8.012612 158.78
302 74.15410963444408 -1.7958893283392796 158.2386326982004 71.54565 -8.036337 159.6018
303 74.24889634110552 -1.8235975028949767 159.05310514980823 71.59206 -8.062682 160.4205
304 74.32689422757198 -1.8435494753704322 159.86801615349276 71.62754 -8.085177 161.2383
305 74.35973903456971 -1.888914101872052 160.68380417925474 71.66501 -8.105358 162.0549
306 74.41378953195655 -1.931691815024101 161.5163495502909 71.70556 -8.124046 162.8891
307 74.49222516875342 -1.9712556617204682 162.35209275342856 71.73958 -8.140372 163.7286
308 74.56302984434257 -2.0193669334616797 163.18385717945745 71.7754 -8.158203 164.5638
309 74.62824979937683 -2.035464119440051 164.00503554076815 71.81125 -8.173449 165.3868
310 74.6915826173417 -2.0714532173441924 164.8173226347378 71.85566 -8.188372 166.201
311 74.7733801261526 -2.0872286910103983 165.6315030684206 71.88912 -8.197125 167.0187
312 74.85278377863749 -2.1149775430327704 166.45520776440304 71.90149 -8.209715 167.8465
313 74.89387577536344 -2.155698769135461 167.28806022734636 71.91447 -8.225974 168.6811
314 74.92617195651863 -2.198866483278684 168.12280672207604 71.93066 -8.240659 169.5173
315 74.98874532469935 -2.227137924503952 168.96107518319428 71.9442 -8.251269 170.3582
316 75.05342933042205 -2.2680001489400206 169.80074607780645 71.95036 -8.265898 171.2012
317 75.10647300076309 -2.283468528632472 170.63577924473782 71.94712 -8.281895 172.0379
318 75.15720593760025 -2.3188971340839775 171.46269045226595 71.94423 -8.295895 172.867
319 75.14452837712346 -2.325685764622865 172.29508746743105 71.9461 -8.314995 173.6993
320 75.1188160816585 -2.363664521751076 173.14676747673792 71.92242 -8.332767 174.5517
321 75.05816048751538 -2.391541728592808 174.00486028648453 71.88077 -8.350218 175.4112
322 75.03389152746172 -2.4304691719894147 174.8598073292471 71.83806 -8.369208 176.2661
323 75.04113316378503 -2.4393487887717575 175.7049470619151 71.80048 -8.380943 177.1104
324 75.04405540395085 -2.466325981706321 176.54289936425621 71.7593 -8.392488 177.9477
325 75.02673224538958 -2.4858482725891005 177.38200636784524 71.70504 -8.408732 178.7853
326 75.02170514668136 -2.5222173607429563 178.22891919521675 71.66001 -8.427651 179.6316
327 74.98751324235793 -2.5380309694096455 179.08666526210115 71.62938 -8.451315 180.4893
328 74.99497624503653 -2.5526400302639325 179.94960901428956 71.58675 -8.471918 181.3511
329 74.9847340631499 -2.5793451782138117 180.8138139784498 71.53819 -8.495182 182.2141
330 74.96035836013986 -2.593850787796805 181.67002396446804 71.49582 -8.51899 183.0694
331 74.93906525578474 -2.6211261076599115 182.5194138621695 71.45164 -8.543212 183.918
332 74.92378658810944 -2.6346948349416524 183.36493202638007 71.41963 -8.567846 184.7628
333 74.93124404043995 -2.6539396464646163 184.21387313984684 71.38986 -8.596086 185.611
334 74.88228597013493 -2.699004282942203 185.0735725894408 71.34131 -8.625507 186.4714
335 74.82083098713011 -2.7442692273316487 185.9345563658282 71.28399 -8.65918 187.3332
336 74.77442807759435 -2.7772406378303707 186.78350912917924 71.2292 -8.688115 188.1818
337 74.75332726394542 -2.803821999448061 187.62287954655102 71.18264 -8.712856 189.0202
338 74.7282544306062 -2.814509297565631 188.46002188264885 71.13685 -8.736466 189.8562
339 74.65314835379459 -2.8305840272115095 189.29759824034633 71.07577 -8.761375 190.6947
340 74.6252907155004 -2.8774937492643082 190.13914092224758 71.01964 -8.788561 191.5357
341 74.57711125688229 -2.918586664076773 190.97655168192318 70.96425 -8.81671 192.3732
342 74.5521479177224 -2.9584666560898474 191.8125019953456 70.90819 -8.838886 193.2083
343 74.51206365369505 -2.9896273822971358 192.6451825677145 70.84733 -8.861377 194.04
344 74.47687643339135 -3.0410240652631373 193.46857940023656 70.79115 -8.884907 194.8635
345 74.42553412462605 -3.0763833937752407 194.28139920799154 70.73224 -8.906076 195.6763
346 74.38534660178642 -3.108202043570781 195.09569369620402 70.67083 -8.923746 196.4897
347 74.34025472740355 -3.134600649177049 195.80115471658053 70.62911 -8.938874 197.1957
348 74.30013817975409 -3.1615676842209104 196.5077989994596 70.58733 -8.954024 197.9026
349 74.28396061405627 -3.1974479039925203 197.21459897317297 70.54557 -8.969162 198.6091
350 74.2370261796326 -3.223485332413493 197.92055697008746 70.5038 -8.984301 199.3157
351 74.2137173195609 -3.2481400177941406 198.6276396254616 70.46202 -8.999441 200.0222
352 74.19424386454605 -3.290151645686914 199.33371766421692 70.42027 -9.01457 200.7284
353 74.18691546281339 -3.3334094818649587 200.03955078987642 70.37852 -9.029691 201.4342
354 74.18722129036345 -3.336042851107457 200.7484445825562 70.33667 -9.044849 202.1417
355 74.12731973798417 -3.371879825578678 201.4523878459037 70.29491 -9.059972 202.8477
356 74.08966040418382 -3.403715448506515 202.1589676130401 70.25308 -9.075116 203.5546
357 74.06057131683538 -3.458853933891791 202.8640142425978 70.21128 -9.090248 204.261
358 74.07484854133524 -3.5084181359481232 203.56912646156093 70.16952 -9.105362 204.9666
359 74.04578272258125 -3.5299571507948664 204.27620106378873 70.12768 -9.120498 205.6732
360 73.98473934037226 -3.56912822928287 204.97966892656183 70.0859 -9.135614 206.379
361 73.93869053602943 -3.612618850022656 205.68482935285877 70.04406 -9.150747 207.0856
362 73.91890983118743 -3.6192491855933557 206.39759467981793 69.99905 -9.16529 207.7971
363 73.99299462695228 -3.630206921053714 207.04190849057403 69.98606 -9.185709 208.4453
364 74.09207415498388 -3.6926009110035642 207.67943967911242 69.98306 -9.208113 209.0931
365 74.0951311474552 -3.732188576444434 208.325815841193 69.99464 -9.235771 209.74
366 74.0676169615763 -3.722223529286908 208.9614935716591 70.00778 -9.261371 210.3757
367 74.07899103424258 -3.7634640755321356 209.59869138004862 70.01564 -9.283511 211.0139
368 74.11202620153217 -3.7784192104083565 210.23384428252484 70.01951 -9.30223 211.6498
369 74.1785447639936 -3.8243749244452143 210.87507036317925 70.02608 -9.317034 212.2959
370 74.14018690806813 -3.8408163653583673 211.52254797664054 70.03039 -9.333416 212.9445
371 74.14817708473184 -3.864921255358967 212.1795964079726 70.03031 -9.346935 213.6019
372 74.16276537544823 -3.9050384243834007 212.82898153646298 70.01762 -9.361494 214.2524
373 74.11602432473383 -3.926048773847784 213.47764418930612 70.00789 -9.378064 214.9028
374 74.12566694528067 -3.962274329831279 214.1305491389019 70.00644 -9.397152 215.5565
375 74.17440314841292 -3.970183774484025 214.78968992329513 70.01323 -9.415421 216.2172
376 74.2419609789566 -4.007294408459722 215.4615633748782 70.00612 -9.429329 216.8933
377 74.28673903293118 -4.05577319304673 216.14465746885298 69.98281 -9.452115 217.5788
378 74.28297307276901 -4.089503851539948 216.83615296400944 69.97211 -9.473975 218.2707
379 74.32595857403858 -4.122299866549095 217.52779043160365 69.96763 -9.487565 218.9643
380 74.350134565378 -4.153797911636738 218.20876958599413 69.95651 -9.495411 219.6463
381 74.36611992049116 -4.168845001317988 218.8800417020231 69.93436 -9.510323 220.3174
382 74.31305420794139 -4.194140117888166 219.53111588063743 69.94019 -9.540496 220.9704
383 74.29839356622504 -4.2099478617758646 220.18594458216373 69.96054 -9.567751 221.6247
384 74.32835044428546 -4.231021663408339 220.86629778387783 69.97285 -9.591872 222.3055
385 74.38391771058647 -4.228789586270633 221.55081309747095 69.98119 -9.615886 222.9918
386 74.3602732465054 -4.269181370013631 222.23059588286154 69.9843 -9.650603 223.6723
387 74.37117739571954 -4.285097853638089 222.91253398678882 69.98163 -9.68375 224.3537
388 74.36953178082842 -4.290066224210209 223.58742466646183 69.98542 -9.716608 225.0278
389 74.40732589189722 -4.321934262912978 224.2717207073292 69.98607 -9.742245 225.7134
390 74.43287385942051 -4.3491709204864 224.9570339856506 69.98187 -9.771343 226.3991
391 74.43623621440423 -4.356201939776579 225.64813397989218 69.96949 -9.792795 227.0898
392 74.47315071477514 -4.3803099191203865 226.33066411894123 69.96118 -9.818999 227.7732
393 74.49002238393021 -4.409835282636969 227.01156670409577 69.94919 -9.840708 228.4545
394 74.4996779948181 -4.444658569708885 227.68236480532437 69.93862 -9.863524 229.1258
395 74.51780402938725 -4.471808776163298 228.34895724121324 69.92429 -9.884742 229.7927
396 74.53135959662171 -4.4942488705797725 229.01073310559673 69.90717 -9.909781 230.4543
397 74.53388087149256 -4.543247897354039 229.66772102774462 69.88635 -9.937611 231.1122
398 74.54836130384717 -4.5690156085613305 230.32457548026966 69.87145 -9.964503 231.769
399 74.59721690009526 -4.618207856728846 230.97079114305683 69.85983 -9.992889 232.4182
400 74.59220578863504 -4.612660450247027 231.59359699108995 69.84446 -10.01409 233.0405
401 74.58356735771918 -4.616240039775147 232.20358359262323 69.8271 -10.03357 233.65
402 74.57409864482622 -4.617598520182972 232.801512013178 69.8102 -10.04766 234.2476
403 74.58496710488708 -4.640070182515122 233.37175299817287 69.80096 -10.05898 234.8182
404 74.63730601050278 -4.683064244801422 233.9156423237411 69.78279 -10.06888 235.3659
405 74.66000625883807 -4.70909256953349 234.44623384726665 69.75496 -10.07841 235.8968
406 74.604825314148 -4.736639595176124 234.96479054351244 69.71456 -10.08536 236.4174
407 74.5914334585449 -4.739755448963429 235.4813947214463 69.66405 -10.08899 236.9317
408 74.53608888138486 -4.78619950505155 235.98543631341371 69.60296 -10.09296 237.4372
409 74.47806615429684 -4.827526390406304 236.49262361480064 69.52087 -10.09963 237.9427
410 74.38551285989216 -4.84566841444715 236.99177888128446 69.42542 -10.1059 238.4416
411 74.27805311302009 -4.850729420141123 237.47102564394808 69.315 -10.11569 238.9201
412 74.20413421783749 -4.873033396373596 237.95727907435162 69.18511 -10.12556 239.3949
413 74.09152566016299 -4.887977281689141 238.4094285950084 69.02217 -10.13488 239.8316
414 73.87045774976963 -4.932022305027537 238.83148650562427 68.84642 -10.14043 240.2766
415 73.68119005819592 -4.953602747305196 239.26769063712405 68.64775 -10.14643 240.7091
416 73.50231583086521 -4.976025690133792 239.67843758213002 68.41495 -10.15095 241.0925
417 73.22058081233672 -4.990639249335314 240.0421911208375 68.16609 -10.16774 241.4794
418 72.90824867523818 -5.033963563034431 240.37139332082702 67.89906 -10.18148 241.8486
419 72.59551012873617 -5.055958143985736 240.66053022290038 67.60937 -10.18159 242.1616
420 72.30132659787755 -5.081827637883662 240.98797812159117 67.31827 -10.18322 242.4928
421 71.99779468926367 -5.080114341770873 241.31066765592666 67.0089 -10.18416 242.8099
422 71.68053350587911 -5.100909303203437 241.59303015998208 66.67291 -10.17111 243.0702
423 71.39950741191144 -5.104685441516522 241.92798491317828 66.33224 -10.16386 243.3442
424 71.03425665889192 -5.075719125808166 242.14991268740434 65.98247 -10.15157 243.5912
425 70.70782756786723 -5.094965042105931 242.3977149070043 65.62105 -10.13305 243.7845
426 70.33234421067482 -5.109784632610744 242.5774791990892 65.26011 -10.11788 243.9919
427 69.97493066504576 -5.126006825853343 242.7793928579815 64.89784 -10.09595 244.1844
428 69.60786280218596 -5.141794801773738 242.9419937102913 64.52042 -10.07158 244.32
429 69.25347951542675 -5.117351937779117 243.14942704841584 64.1403 -10.04135 244.4743
430 68.87696139479321 -5.093225799984256 243.33925861799713 63.73047 -10.01139 244.5719
431 68.45624985811912 -5.079533071000865 243.45794994397892 63.3085 -9.982249 244.6831
432 68.02763690852967 -5.085103692518398 243.5972605369722 62.86751 -9.956809 244.7727
433 67.5683453271801 -5.098846847029096 243.67486088912665 62.40525 -9.929802 244.8251
434 67.10345343672063 -5.100828781513982 243.7452507437203 61.93966 -9.901649 244.8844
435 66.62153882490476 -5.090536619167206 243.7807298744395 61.45894 -9.873647 244.926
436 66.12722330511455 -5.075665418332385 243.8401220003592 60.96195 -9.844318 244.9414
437 65.62974551857842 -5.06356919058012 243.90362598244909 60.4615 -9.81181 244.9539
438 65.11627124862437 -5.06188979011691 243.94481051407493 59.94742 -9.779054 244.952
439 64.59003573712481 -5.065095992260582 243.96010962217306 59.42184 -9.749152 244.9457
440 64.05281452082343 -5.056954572958743 243.9624967986261 58.88559 -9.72066 244.9283
441 63.5017311923862 -5.033913107487228 243.969676937028 58.33537 -9.69156 244.9021
442 62.937368173207794 -5.0112120750748845 243.9398894816106 57.77118 -9.660943 244.8764
443 62.35718569726204 -5.009861317204186 243.9455183507353 57.19241 -9.62949 244.8503
444 61.76463356173549 -4.976078146366868 244.01710626093742 56.59598 -9.598446 244.824
445 61.150707399171004 -4.925032449426341 244.02962246658063 55.98115 -9.567377 244.7978
446 60.5185326633862 -4.8903384513987564 244.0696686685513 55.34817 -9.534743 244.7709
447 59.863333869970425 -4.870476904786608 244.06496954717772 54.69404 -9.501856 244.7438
448 59.19054416902697 -4.834926159861081 244.08737489610732 54.02129 -9.467967 244.7179
449 58.50489263266503 -4.8126948510740695 244.08989549030952 53.33773 -9.428068 244.6758
450 57.812834010810974 -4.778328981322506 244.0905938130727 52.65042 -9.376197 244.6048
451 57.10259695875299 -4.756073101810164 244.14387603051074 51.94411 -9.321575 244.5279
452 56.36064380963145 -4.750473237512089 244.15843062787624 51.20668 -9.271451 244.4614
453 55.6011067623231 -4.747772530846454 244.1519824514975 50.45197 -9.222874 244.3907
454 54.81466571303336 -4.727195605446888 244.1985184871812 49.66726 -9.176746 244.3343
455 54.01343774557488 -4.70581134926577 244.19352446576085 48.86814 -9.139656 244.2845
456 53.204385172939496 -4.686845542648271 244.2619247437749 48.05807 -9.108985 244.235
457 52.36958608626346 -4.686231670512004 244.22803200635417 47.22454 -9.074933 244.1891
