0 0.0 0.0 0.0 5.551115e-17 0.0 2.220446e-16
1 0.0 0.0 0.0 -0.004596714 -0.002001524 0.09154274
2 0.0 0.0 0.0 -0.01001116 -0.004359704 0.1857373
3 0.0 0.0 0.0 -0.01753371 -0.006859665 0.2834672
4 0.007652890916376434 0.004873920357416136 0.10403938306403847 -0.02863192 -0.00672666 0.38731
5 -0.019977065153197228 -0.005320318409554845 0.21489571116624445 -0.04273697 -0.007303015 0.5011396
6 -0.08862561624253396 -0.03031957716771686 0.31995908175682425 -0.06000009 -0.008065471 0.6279359
7 -0.13258788004085809 -0.03994844774343388 0.453433313793574 -0.08275693 -0.008995 0.7669396
8 -0.15827482635320028 -0.04432574493640541 0.6057206408643009 -0.1090497 -0.01033982 0.9191805
9 -0.19407073835501099 -0.049433878540715265 0.7676842756347417 -0.1415335 -0.01195088 1.081913
10 -0.21626766580707996 -0.07463264475905317 0.9386031133251325 -0.1816057 -0.01604515 1.251378
11 -0.2287026077563981 -0.06063193344033549 1.1193186178628647 -0.2325643 -0.02265364 1.425643
12 -0.3117532847177874 -0.08701908948356651 1.2867942211987464 -0.293459 -0.03116429 1.60414
13 -0.3809123952777485 -0.10092020235285165 1.4705901399894228 -0.3616512 -0.03933357 1.78864
14 -0.48325221871733354 -0.10032556697550461 1.6480346478051977 -0.4366243 -0.04313507 1.979231
15 -0.535078612194885 -0.1061114120595526 1.853496899813321 -0.5224919 -0.04573638 2.17302
16 -0.6284301908924843 -0.09953567271507441 2.051198492052314 -0.620094 -0.04902232 2.368741
17 -0.6989487221098716 -0.09872457855071552 2.26284323268234 -0.7248452 -0.05140743 2.565689
18 -0.8005645734594693 -0.07913435052626241 2.4616760216390356 -0.8394934 -0.05397789 2.758285
19 -0.9171006089336862 -0.08127692044875952 2.6617947676356657 -0.9687591 -0.05101001 2.950416
20 -1.0514436485856846 -0.0821213826743777 2.8538813407565984 -1.103633 -0.04676236 3.142085
21 -1.1608706868364589 -0.09951776843325125 3.0626488584660163 -1.242764 -0.04292676 3.333105
22 -1.3146993657237316 -0.10673134698728373 3.249113653434533 -1.392475 -0.04238966 3.523028
23 -1.4994356379447777 -0.11175232066371463 3.4194200167115647 -1.564446 -0.04491985 3.706267
24 -1.6787668092418786 -0.12310748253404558 3.6118076257697176 -1.761568 -0.04899414 3.880703
25 -1.8699208713190636 -0.10782476236053402 3.7986286343013593 -1.969361 -0.05141144 4.049498
26 -2.0649472439554963 -0.11450592252887422 3.9918642441075285 -2.187835 -0.05358748 4.215884
27 -2.255949602486895 -0.10703743536189991 4.1993026862795855 -2.415527 -0.05318918 4.382391
28 -2.449411963139224 -0.0997511253778768 4.420480601485215 -2.663146 -0.05287039 4.540774
29 -2.7147618094808315 -0.1010708014911948 4.56849614240809 -2.929115 -0.05283789 4.68768
30 -3.004440871250724 -0.10919471261146348 4.6979064966237125 -3.215512 -0.0513893 4.824434
31 -3.3102338265958666 -0.12849677318696293 4.811216351808455 -3.517839 -0.04877551 4.948178
32 -3.622400352820441 -0.12930089305466122 4.9388938668276054 -3.836955 -0.04505658 5.057271
33 -3.957448002914524 -0.14090598004199145 5.0512352100020355 -4.17713 -0.03878842 5.153468
34 -4.308298465332447 -0.1586769712509626 5.154513909977597 -4.534335 -0.03325067 5.233794
35 -4.6805313650127225 -0.15690338886873 5.244518054858209 -4.911075 -0.02945435 5.302451
36 -5.065703851622024 -0.17573643517266258 5.318383401206264 -5.299329 -0.02697748 5.360943
37 -5.464270492695775 -0.20786984173437284 5.376819773759235 -5.701357 -0.02303083 5.401694
38 -5.8815604243053246 -0.21707690076389624 5.433690500264823 -6.122091 -0.01604266 5.42129
39 -6.317861333809398 -0.21299254976521362 5.4592954834359855 -6.558994 -0.005757046 5.427674
40 -6.767188668848044 -0.22062409620761497 5.431185728850745 -7.009091 0.006191584 5.424017
41 -7.23089903253369 -0.23399344194121377 5.457254259609236 -7.473426 0.01625113 5.410697
42 -7.708119107105742 -0.24925680845068623 5.450344774381322 -7.950411 0.02306424 5.389282
43 -8.20316690359472 -0.2535296815792731 5.428622046936703 -8.444612 0.03066422 5.353644
44 -8.713318593581663 -0.2521826096642327 5.416422421859488 -8.953007 0.04057477 5.310729
45 -9.241492999041121 -0.24698229284871542 5.378190217867439 -9.480377 0.05248992 5.263869
46 -9.78663487663788 -0.25621526223590385 5.371306216720713 -10.02302 0.06141731 5.211227
47 -10.342429977322713 -0.273277909400524 5.311721844216057 -10.57921 0.06596199 5.153075
48 -10.91457792001095 -0.3052955959155907 5.242744561252152 -11.15274 0.06936405 5.08836
49 -11.502286169482876 -0.31739328356144986 5.191533553108103 -11.73941 0.07855473 5.02588
50 -12.105344714782571 -0.3251637069009668 5.115240503177677 -12.34412 0.09123047 4.964841
51 -12.721935682844752 -0.34306004819711994 5.024770212027393 -12.96427 0.1026715 4.901812
52 -13.359664987608506 -0.34697626823722455 4.979498455775018 -13.60015 0.1095163 4.835681
53 -14.005188176437075 -0.36768928312511623 4.869656528728654 -14.25164 0.1178242 4.767225
54 -14.668896604291792 -0.3750725350204132 4.820708975811658 -14.91341 0.1296149 4.697363
55 -15.347998756108646 -0.3826943049204064 4.740953450928948 -15.59372 0.1450798 4.629999
56 -16.04639062823616 -0.3856975245392782 4.684795258058218 -16.29098 0.1622254 4.563302
57 -16.760140182216006 -0.392259578255285 4.614342139517169 -17.00478 0.1770188 4.49463
58 -17.4903438025674 -0.4160168084937439 4.573308179319881 -17.73322 0.1905594 4.426532
59 -18.229336968164787 -0.42265637351736235 4.50798562212514 -18.47183 0.2092753 4.359249
60 -18.97599750726242 -0.4290129876848649 4.390782620679786 -19.22427 0.2305555 4.290984
61 -19.74222449467395 -0.43210613025372996 4.3499149946799625 -19.98833 0.2503189 4.223122
62 -20.52874625434688 -0.4355419963825736 4.312745630907827 -20.7731 0.2703516 4.161929
63 -21.315126229838107 -0.4364364344425565 4.203161165750278 -21.56448 0.2880249 4.100217
64 -22.11675967579548 -0.46576562698463386 4.18036364165159 -22.36419 0.3062236 4.035961
65 -22.918127691473217 -0.46376497969226743 4.133505694900877 -23.16415 0.3216152 3.971019
66 -23.724692240173223 -0.48091649837372397 4.091592948669774 -23.9695 0.3342058 3.90897
67 -24.544675756101114 -0.479195393655219 4.030017991796682 -24.78947 0.3492536 3.849052
68 -25.37514724425076 -0.47433495730514974 3.982090297360138 -25.61886 0.3615096 3.786079
69 -26.21769918162581 -0.49003802517679335 3.9140147816957667 -26.46136 0.3717697 3.716343
70 -27.066272001211228 -0.4842612121773685 3.8787715965703553 -27.30755 0.3854991 3.644752
71 -27.909040645145673 -0.5209406960285546 3.784323870202437 -28.15287 0.4028815 3.569541
72 -28.756184346903847 -0.5456888124106892 3.7457853098960507 -28.99762 0.4194172 3.492898
73 -29.596710260817474 -0.5780412460098797 3.6889410315515234 -29.83721 0.4370064 3.41846
74 -30.43531462929894 -0.5934140820359437 3.6364465255768166 -30.67424 0.4566603 3.346046
75 -31.27656500188284 -0.6090145859865053 3.5573767212582683 -31.51586 0.4763855 3.27199
76 -32.11600531506136 -0.6316032213902248 3.4973633145031444 -32.35442 0.4917256 3.198821
77 -32.95579563256077 -0.6600274090907434 3.415432985901121 -33.19517 0.5076454 3.123626
78 -33.78331515641162 -0.6629681623797946 3.308550847912522 -34.02626 0.5241899 3.051261
79 -34.61964469895304 -0.674242948732586 3.279365605713082 -34.86004 0.5386702 2.980358
80 -35.4579402120233 -0.6358885619625316 3.295590153472615 -35.69639 0.550032 2.910621
81 -36.297379669768056 -0.654896621134488 3.2792685394729664 -36.53345 0.5579548 2.843137
82 -37.13938884061692 -0.682376677138659 3.2451066311270407 -37.37375 0.5707777 2.77507
83 -37.98319882460969 -0.696825186243821 3.2440134494422788 -38.21476 0.5878615 2.706985
84 -38.819558518102575 -0.7339247356379981 3.225630860265388 -39.04918 0.6055646 2.638855
85 -39.647216850689595 -0.7687484283750542 3.117889847403886 -39.88167 0.6246496 2.572257
86 -40.47852079359655 -0.7694340297432578 3.063796011437593 -40.71171 0.6464858 2.504806
87 -41.306902801256065 -0.7931871277432938 3.104487931920902 -41.5384 0.6640169 2.436154
88 -42.13086760050508 -0.8126342868726374 3.004878092658057 -42.3652 0.6807227 2.363072
89 -42.95810221197334 -0.822190488927574 2.9428534182486614 -43.19143 0.6977483 2.290205
90 -43.780875341925544 -0.8401275690648572 2.8662942626952415 -44.01519 0.7092788 2.223683
91 -44.60435281058935 -0.8474322162575861 2.8008307990421164 -44.83883 0.7206987 2.160908
92 -45.428713664589935 -0.8339186734780211 2.7717672225119827 -45.66121 0.7331961 2.096619
93 -46.252329167229924 -0.854633101264143 2.727931759133817 -46.48335 0.7434451 2.028253
94 -47.07488639765241 -0.8989789956555673 2.654203497743351 -47.30744 0.7534145 1.959122
95 -47.89047953659543 -0.924737228441842 2.5859542401974163 -48.12333 0.7646921 1.890493
96 -48.69454059889473 -0.9769838301050298 2.4781544811893514 -48.93314 0.7767209 1.820295
97 -49.496366057022655 -1.0129175237512906 2.4002761644289015 -49.73553 0.7874193 1.740695
98 -50.29301991163618 -1.029054164472113 2.3164688481738804 -50.53252 0.7989932 1.659366
99 -51.09110101701482 -1.0326001377069545 2.2514670290805725 -51.32871 0.8126433 1.575304
100 -51.88873978536757 -1.0462460966234792 2.2225028883260607 -52.12276 0.8219496 1.493752
101 -52.68352813667763 -1.049131447144331 2.1642690971458847 -52.9159 0.8317695 1.416807
102 -53.4715785264022 -1.0698397940629705 2.1110269824870387 -53.70196 0.8419538 1.337479
103 -54.24640675544373 -1.087749481966282 1.9801692337757881 -54.484 0.8494927 1.258994
104 -55.026378147593306 -1.091885276773358 1.9157655208194293 -55.26303 0.8601357 1.184702
105 -55.80303078807239 -1.0891346248488856 1.8604067546148813 -56.03808 0.8696735 1.110756
106 -56.573826184942725 -1.10070858429861 1.7655433084558099 -56.81074 0.8820234 1.032637
107 -57.33880118833164 -1.0996775097081488 1.7001809043313765 -57.5746 0.8957003 0.956539
108 -58.089520220531796 -1.1060114751958512 1.5851953340415792 -58.33039 0.9106542 0.883063
109 -58.833401368907985 -1.1150049939960176 1.4833681400201164 -59.07759 0.9234551 0.8100074
110 -59.56915517757295 -1.1239691243408632 1.4489462962867772 -59.8104 0.9337799 0.7359683
111 -60.29679855930774 -1.1517622427546241 1.3978939602141054 -60.53658 0.9432177 0.6623665
112 -61.00476960675782 -1.1442023010627924 1.3186768058048348 -61.24548 0.9508013 0.5919478
113 -61.69385382749072 -1.1578555657395257 1.2069841296680093 -61.94033 0.9565112 0.5237598
114 -62.370856789347094 -1.1628519739325367 1.1188965321567064 -62.62022 0.960729 0.4617179
115 -63.03821652665085 -1.168235878869499 1.113301928419835 -63.28551 0.9654748 0.4088407
116 -63.68370091853536 -1.175701365577559 1.0243452962536814 -63.93546 0.9696725 0.3622951
117 -64.31794605672603 -1.1848118207265692 0.9725625417549072 -64.57047 0.974213 0.3201877
118 -64.93727574513042 -1.209301857276843 0.9452826662981316 -65.18991 0.9801827 0.2859581
119 -65.5377726500717 -1.199781701228913 0.9045669428381423 -65.79136 0.9882448 0.2627668
120 -66.12060727003127 -1.222720577292334 0.8689078483979911 -66.37563 0.9966522 0.2555668
121 -66.6726332228307 -1.2319258547173493 0.9713010330700073 -66.93703 1.003712 0.2646196
122 -67.21121723349668 -1.250187396177985 1.0134122048600454 -67.47673 1.009213 0.2941699
123 -67.71819234679595 -1.2575531523377785 1.1112090660233966 -67.99052 1.013813 0.3455598
124 -68.20576496314344 -1.2617246143718226 1.205985920948797 -68.48214 1.016477 0.4164808
125 -68.67424717370565 -1.2515757250394621 1.310925854440812 -68.95412 1.019824 0.5048813
126 -69.12984711654285 -1.2586873873674884 1.3873282034170475 -69.40376 1.021543 0.6110892
127 -69.58032068101386 -1.249725268661837 1.4963508908373118 -69.84846 1.023928 0.7419667
128 -69.99064997109873 -1.269388107007832 1.6778211524825197 -70.27047 1.024337 0.8955753
129 -70.38866710095542 -1.3042117974139622 1.887047493051368 -70.68171 1.023888 1.080744
130 -70.79335451282219 -1.3385368054930913 2.050666937192172 -71.06861 1.025888 1.285746
131 -71.17475560042638 -1.3477763728419454 2.280770785359779 -71.45144 1.032362 1.51356
132 -71.54832100391198 -1.3738411438517322 2.502466840653603 -71.81419 1.040291 1.753829
133 -71.91032827581701 -1.409112357246997 2.7522162147899656 -72.17075 1.045549 2.013647
134 -72.23406252160422 -1.4612132701009979 3.045642057752662 -72.50742 1.049184 2.296944
135 -72.53844297943256 -1.5026657573623328 3.3465543039060126 -72.81071 1.052187 2.601772
136 -72.82199063703914 -1.530677293156446 3.6654713142806132 -73.10855 1.052214 2.908665
137 -73.09323996330482 -1.5581420787582871 3.981176099396802 -73.38524 1.051991 3.220823
138 -73.3691518752323 -1.584645126582514 4.312190279843114 -73.65932 1.056081 3.554385
139 -73.65329937687606 -1.6030229997787089 4.645083016314484 -73.91333 1.058753 3.91127
140 -73.93306058252597 -1.6232146648561536 5.014742278797801 -74.16588 1.057855 4.300551
141 -74.1670985720305 -1.6560735133909192 5.4324175557338945 -74.40171 1.057076 4.71851
142 -74.41094534906169 -1.689528309293777 5.852221575739178 -74.61515 1.053457 5.155827
143 -74.61613750695284 -1.7301382051870475 6.320202195582041 -74.8256 1.044844 5.623155
144 -74.84102415037736 -1.7782211008928435 6.790837116129589 -75.01816 1.038119 6.110247
145 -75.04763579350062 -1.8206065534400706 7.289388446815083 -75.20557 1.035836 6.618096
146 -75.23147007031372 -1.8700921880918222 7.817784410414088 -75.37989 1.030282 7.151976
147 -75.3859433364346 -1.934799361411489 8.369611727552272 -75.5393 1.020134 7.706095
148 -75.54878541384485 -1.9733656361159255 8.94058836194297 -75.69196 1.010452 8.281091
149 -75.73184747924961 -2.0322238904580807 9.520336864459829 -75.83698 1.004688 8.874404
150 -75.8843092154998 -2.0836552258230805 10.128110517721723 -75.98069 0.9966334 9.486418
151 -76.0190353863852 -2.11745451557035 10.754535194639246 -76.12225 0.9889481 10.1122
152 -76.18320960611 -2.1653904620489968 11.389138612306688 -76.25804 0.9812746 10.75522
153 -76.32415905174938 -2.207533113664627 12.043594279870783 -76.37903 0.9768095 11.41499
154 -76.48462435667395 -2.228492509029606 12.710275726156526 -76.49294 0.973449 12.0915
155 -76.6321456248884 -2.2665770159069036 13.394787821335326 -76.60203 0.9705966 12.78422
156 -76.77244976948283 -2.325566334001026 14.095422440015177 -76.70271 0.9650851 13.49407
157 -76.8779172519733 -2.380730040255838 14.810192151229156 -76.79658 0.9546485 14.2125
158 -76.99314839921593 -2.428760236701482 15.537860227867492 -76.88462 0.9437305 14.94545
159 -77.07636881672114 -2.498332142763892 16.276687524877225 -76.96463 0.9352274 15.68785
160 -77.13677133364254 -2.5457004353079187 17.03567633736649 -77.04091 0.9267552 16.44684
161 -77.19407657683249 -2.5960544674656134 17.80766664854331 -77.11873 0.9133109 17.21856
162 -77.30566349289441 -2.6537108471435236 18.576794251374153 -77.19881 0.8975356 17.99359
163 -77.39093821968777 -2.7161830150941793 19.347064760281523 -77.27201 0.885944 18.76754
164 -77.43976995662179 -2.7908029636889014 20.111175546421677 -77.33723 0.87656 19.53401
165 -77.50774370169493 -2.860414424737691 20.875326608903684 -77.40244 0.867371 20.30151
166 -77.60330012020867 -2.912917003488513 21.64102606102321 -77.46374 0.8595219 21.07246
167 -77.67681637670204 -2.977399752285372 22.407489909838702 -77.52113 0.8514204 21.84296
168 -77.7301519481545 -3.049584521977158 23.175484951698262 -77.5734 0.8408161 22.61434
169 -77.81908158317047 -3.1050437324625166 23.933252370052017 -77.6221 0.8279106 23.37766
170 -77.8942274368405 -3.1626052281944723 24.689976312205125 -77.67675 0.8191268 24.13827
171 -77.97968403608395 -3.1932686841895204 25.446695016372786 -77.7342 0.8046718 24.89811
172 -78.04997917746918 -3.2586121162000414 26.199433146276988 -77.78961 0.7903154 25.65478
173 -78.09566909666343 -3.3223265879874315 26.96481220231336 -77.84614 0.7739409 26.42191
174 -78.1736681010435 -3.3797656244752634 27.720319070408383 -77.90878 0.7508496 27.18067
175 -78.22236659326151 -3.450729603730316 28.476685328223297 -77.96897 0.7293732 27.93923
176 -78.30821815706462 -3.4936102287265527 29.225223974552488 -78.02007 0.713706 28.692
177 -78.36534869589633 -3.5394059193079768 29.971827407898367 -78.06469 0.6969693 29.44067
178 -78.42860736536612 -3.610259885148418 30.719457340752417 -78.1097 0.6798769 30.19277
179 -78.49147310834775 -3.6710505645744305 31.4688342582047 -78.15548 0.6647429 30.94569
180 -78.50462746792725 -3.7156778827359607 32.22440659782114 -78.1981 0.6476766 31.7013
181 -78.54989538038218 -3.767849540982873 32.98559090871915 -78.24233 0.6301632 32.46413
182 -78.59938129331158 -3.8191568586040985 33.75089540119 -78.29498 0.6149092 33.23079
183 -78.6418879842503 -3.878737692914631 34.51942512607334 -78.34624 0.5990528 34.00093
184 -78.71489075400703 -3.9384348265008926 35.29167775756223 -78.39928 0.5789981 34.77685
185 -78.79416177483361 -3.9912804339308967 36.07231659850817 -78.44974 0.5641545 35.56152
186 -78.81002335478951 -4.039857795140818 36.85895333919052 -78.50718 0.5473641 36.34754
187 -78.86443787722277 -4.090976173992662 37.654204826970904 -78.57152 0.5285291 37.14347
188 -78.92672333116911 -4.122327345427585 38.44801798630227 -78.63617 0.5110168 37.93752
189 -79.04164114396602 -4.158725345419129 39.23936023989476 -78.7004 0.4940833 38.73523
190 -79.06913699062345 -4.230749753915427 40.04895936439097 -78.7627 0.4825696 39.54602
191 -79.0994595168088 -4.2987990936830744 40.8669401229207 -78.82862 0.4646182 40.36454
192 -79.15496027715801 -4.368221348473807 41.69525432220768 -78.89593 0.4461482 41.19468
193 -79.21043360667858 -4.436301357399692 42.529135478287515 -78.95989 0.4339025 42.03064
194 -79.30490618216479 -4.500100134170544 43.36800028562169 -79.02897 0.420782 42.87429
195 -79.44006612280403 -4.555765759653306 44.208996073627794 -79.10034 0.4039919 43.72474
196 -79.51751240513215 -4.594308129706271 45.06189546962316 -79.1713 0.3888969 44.57894
197 -79.57695803850422 -4.649535340828796 45.92116287436663 -79.24668 0.3756583 45.43863
198 -79.64816840245322 -4.715946687668665 46.7793083925273 -79.31863 0.3639286 46.2992
199 -79.72031645230535 -4.776888825719829 47.64055942206986 -79.38492 0.3498958 47.16296
200 -79.81400885306907 -4.848598197896877 48.503461656008746 -79.44527 0.3344377 48.03166
201 -79.88749440373239 -4.913352265668019 49.370763793849534 -79.50861 0.3209956 48.90207
202 -79.96681118473755 -4.984709073175594 50.24375376278789 -79.57376 0.3027919 49.77895
203 -80.03249223649588 -5.048681141401515 51.118518387438876 -79.63392 0.2867505 50.6563
204 -80.10756301460812 -5.103214850449121 51.98916753878054 -79.69742 0.2720427 51.52945
205 -80.19707191967645 -5.1788244415488 52.85115766092326 -79.76468 0.2574406 52.39664
206 -80.2708722224928 -5.247681570576232 53.706302628955285 -79.83358 0.2408602 53.2548
207 -80.36812777534311 -5.306403255318017 54.56032450506904 -79.90039 0.2201002 54.1135
208 -80.43257719314134 -5.375111838061659 55.41050232968174 -79.96964 0.1922996 54.96562
209 -80.49157619163398 -5.445162404109865 56.261785732619494 -80.03259 0.1649343 55.81906
210 -80.54814384885562 -5.523607165125236 57.110323840826844 -80.09273 0.1408072 56.67063
211 -80.59220993161617 -5.6109850403883605 57.96364937661257 -80.15558 0.1161116 57.52689
212 -80.68364425275156 -5.677741521755069 58.80992455849472 -80.22244 0.09233457 58.37775
213 -80.75914998541953 -5.73974784217879 59.6417740924294 -80.28086 0.07510008 59.2131
214 -80.84112305199142 -5.807650995052905 60.46664222292676 -80.33871 0.05914325 60.04264
215 -80.89842522092196 -5.881466074332083 61.29368104479457 -80.40305 0.04000654 60.87223
216 -81.00654403083058 -5.971664195041935 62.108380972203506 -80.47401 0.0182673 61.69567
217 -81.07966912125438 -6.044040822219652 62.92368586486892 -80.54972 -0.003742664 62.51365
218 -81.15260600970855 -6.104074700209528 63.735846803329004 -80.62089 -0.02632294 63.32787
219 -81.18736236343287 -6.158390478535924 64.54567872612498 -80.69604 -0.05452812 64.13629
220 -81.26617986616121 -6.233720436336349 65.35180846023067 -80.7781 -0.08379998 64.94508
221 -81.33387699765456 -6.297681191845559 66.15866295271903 -80.85967 -0.1090773 65.75279
222 -81.44522510222758 -6.357901055891099 66.96019694600966 -80.94518 -0.136047 66.55929
223 -81.56493313780332 -6.425154722747366 67.75785546102591 -81.03408 -0.1573834 67.3635
224 -81.6563644611733 -6.485201515845682 68.55204816443464 -81.12341 -0.1755819 68.15999
225 -81.74769935453226 -6.537894225572079 69.33977878603187 -81.21916 -0.1913565 68.9488
226 -81.8254594142313 -6.5862440840063785 70.13136576975073 -81.31685 -0.2042169 69.73955
227 -81.92354883100786 -6.638892855002222 70.91132347978521 -81.42164 -0.2174815 70.5203
228 -82.06999046770326 -6.69856289111004 71.67623946428473 -81.54226 -0.2305564 71.29191
229 -82.18092405975523 -6.75301160728756 72.4435103639 -81.66368 -0.2426308 72.05943
230 -82.31913837936595 -6.809488340312672 73.20088126313206 -81.78344 -0.2550723 72.82193
231 -82.46034164878986 -6.856871177798746 73.95991883725867 -81.91089 -0.2691768 73.58474
232 -82.5937181632949 -6.903168379890197 74.71811929451718 -82.0491 -0.2836517 74.34335
233 -82.74270063043018 -6.9566330716859 75.47206575395496 -82.18657 -0.2975894 75.10124
234 -82.87464741012589 -7.010337031214069 76.22264879296608 -82.32699 -0.3160459 75.85198
235 -83.0377218873668 -7.077605991001376 76.95768012309924 -82.46709 -0.3273793 76.5947
236 -83.21536877917674 -7.116987224268005 77.68683817589209 -82.61416 -0.3380953 77.33161
237 -83.37899279805428 -7.167285933551963 78.42031447505995 -82.76564 -0.3542448 78.06923
238 -83.53824252363869 -7.22383812410829 79.15818727358746 -82.93034 -0.3753983 78.80777
239 -83.71491971235113 -7.2663254520943426 79.89200776394253 -83.10119 -0.386632 79.54411
240 -83.89473098187241 -7.31529465410143 80.62811265444245 -83.28409 -0.3994934 80.28097
241 -84.07977623022909 -7.371731340154149 81.35513638709101 -83.46726 -0.4083909 81.0106
242 -84.23928728093156 -7.420010423923232 82.07624479060982 -83.6579 -0.4178227 81.72568
243 -84.4303290209556 -7.467599765433485 82.7817735519548 -83.85643 -0.4258951 82.4307
244 -84.66737823227706 -7.5099933513833355 83.4789504985781 -84.05742 -0.4274942 83.14038
245 -84.8688048598349 -7.5385171899643915 84.20237610556427 -84.26582 -0.4288742 83.86239
246 -85.11393649120043 -7.59089734520089 84.9163052261544 -84.49278 -0.4369496 84.58416
247 -85.33279509592671 -7.642417813118821 85.63831037919083 -84.72751 -0.4424402 85.30299
248 -85.60348715978162 -7.6820990117426815 86.3339522538912 -84.96507 -0.4446969 86.01174
249 -85.84673773677835 -7.716596967074992 87.03831978921696 -85.2123 -0.4477484 86.71556
250 -86.10877082990969 -7.769793900756696 87.73573091998912 -85.46879 -0.4551185 87.41701
251 -86.35492154491702 -7.8244040016149325 88.43889869539356 -85.72668 -0.4633066 88.11804
252 -86.64525444610885 -7.874573202108528 89.13160317414928 -85.99632 -0.4725988 88.82079
253 -86.95482758712944 -7.9479058526376285 89.81723364402045 -86.28029 -0.4872714 89.52111
254 -87.23869513014155 -8.00197498836405 90.5115698725243 -86.56905 -0.4896331 90.21553
255 -87.55603557205312 -8.066500464845157 91.19978490703845 -86.86039 -0.4833979 90.91809
256 -87.85080177400613 -8.11786964786992 91.9032935509637 -87.15878 -0.4804139 91.62194
257 -88.17320980384555 -8.179655668888424 92.59486234533757 -87.47632 -0.4825025 92.3185
258 -88.50179837085605 -8.221022933660706 93.27750260221065 -87.8025 -0.4756232 93.00351
259 -88.83067159366357 -8.26852111453035 93.95299023207816 -88.11795 -0.4680556 93.68698
260 -89.13730432463848 -8.288562362308893 94.64297223837325 -88.42784 -0.4619748 94.37577
261 -89.44412654564809 -8.31499826127632 95.34134939176785 -88.74901 -0.4631796 95.06817
262 -89.79512428157486 -8.367056484000186 96.0296224430628 -89.08452 -0.466622 95.76606
263 -90.12437245117766 -8.402946973865458 96.72961637342412 -89.41637 -0.4736535 96.46571
264 -90.47879219440038 -8.459468136066766 97.4137919312431 -89.74796 -0.4788901 97.16351
265 -90.81588620387312 -8.505728493238456 98.09845441867829 -90.08495 -0.4847031 97.84976
266 -91.15322958982277 -8.580614044804085 98.78150377258262 -90.42665 -0.4875902 98.53474
267 -91.5320944772728 -8.637175369823758 99.44753195191623 -90.77493 -0.4958138 99.21955
268 -91.8605259807417 -8.689015362828291 100.14924736014574 -91.13104 -0.5064823 99.9095
269 -92.20630399905572 -8.748758841749991 100.83725081147108 -91.48703 -0.5172294 100.5948
270 -92.55526584658209 -8.792898413630349 101.52054309435678 -91.84 -0.526198 101.2774
271 -92.91082153072978 -8.84851143993365 102.19533468942276 -92.19617 -0.5349382 101.9541
272 -93.27009105331386 -8.927557307706588 102.86259238405536 -92.55294 -0.5434586 102.6273
273 -93.60457079811331 -8.981815630205432 103.5433716818238 -92.91478 -0.5511717 103.2961
274 -93.92372690660609 -9.038511011161596 104.23011941005669 -93.28321 -0.5589669 103.9601
275 -94.28341666656414 -9.089722374277109 104.8909345197806 -93.65046 -0.5659964 104.6187
276 -94.62534587791285 -9.154450205644265 105.54878150745294 -94.01507 -0.5767572 105.2674
277 -94.98167816258324 -9.222257479212788 106.19422989169745 -94.38211 -0.588392 105.9103
278 -95.3261694149479 -9.282385540231376 106.8403699639781 -94.74824 -0.5980777 106.5472
279 -95.67880799356449 -9.341914237949686 107.49092837595097 -95.12335 -0.6050065 107.1878
280 -96.02995699796374 -9.40097327932514 108.13603489867415 -95.49621 -0.6134439 107.8233
281 -96.37591445349565 -9.471433599170505 108.77435063428578 -95.86451 -0.6210034 108.4529
282 -96.73804639156072 -9.540050907132091 109.38328964205802 -96.2232 -0.6251307 109.0677
283 -97.0927509227613 -9.587665664857587 109.97970631292225 -96.57402 -0.6245992 109.6683
284 -97.44872342060981 -9.6436195318404 110.55115965947046 -96.92077 -0.6262052 110.2481
285 -97.74895577626943 -9.70148107703551 111.13731032712062 -97.26338 -0.6273272 110.8135
286 -98.04067727013768 -9.767087883678153 111.7109482687687 -97.60083 -0.627085 111.3654
287 -98.37747525957462 -9.815651236464301 112.23757804255212 -97.92433 -0.6283274 111.9025
288 -98.67630885027845 -9.846852098306435 112.76836065197915 -98.24175 -0.6324615 112.4233
289 -98.99500841964134 -9.882372789121193 113.26259748782157 -98.55027 -0.6360649 112.9252
290 -99.30493794713642 -9.944866451462765 113.72821001540284 -98.84348 -0.636794 113.4056
291 -99.56488801532548 -9.979755452422085 114.19945562113955 -99.12485 -0.6384109 113.8657
292 -99.8459274431208 -10.016435383318788 114.6287124807143 -99.39682 -0.6400806 114.3023
293 -100.11538095704854 -10.063930600102447 115.03973304347663 -99.66423 -0.6481915 114.7173
294 -100.33559873488727 -10.078654542698263 115.45603599621678 -99.91884 -0.6560401 115.1137
295 -100.57180722289654 -10.100252686424497 115.84038310998947 -100.1623 -0.6586289 115.4941
296 -100.83565435404583 -10.164638810809386 116.18225590798782 -100.3993 -0.6585884 115.8608
297 -101.10562565229498 -10.176756549866354 116.49829573787555 -100.6332 -0.6607942 116.2046
298 -101.43722192354487 -10.260306001541274 116.70293895647315 -100.8652 -0.6647242 116.5286
299 -101.73040416869883 -10.268932185708769 116.94473584473602 -101.0904 -0.6694671 116.8348
300 -101.90437013762251 -10.348440138790565 117.2527558334514 -101.3056 -0.6713923 117.1266
301 -102.09088294124282 -10.41654530212354 117.52859248073796 -101.506 -0.6722784 117.4011
302 -102.2444841639244 -10.470919901255552 117.80075306737056 -101.6929 -0.6721459 117.6574
303 -102.3800118421756 -10.506677715511161 118.06830229614447 -101.8739 -0.672996 117.8992
304 -102.49944084415252 -10.515575981020323 118.32669840180594 -102.0513 -0.6736387 118.122
305 -102.69322905858887 -10.515460804478492 118.5152463326357 -102.2292 -0.6753232 118.3256
306 -102.87272014674272 -10.543166955842551 118.6927773753126 -102.4053 -0.6766433 118.5086
307 -103.01194604496386 -10.538254299230658 118.89190710170213 -102.576 -0.6819095 118.6815
308 -103.12710451375996 -10.589391522352875 119.08213669788297 -102.742 -0.6858513 118.838
309 -103.28094171190034 -10.61192625311726 119.23040884689614 -102.9018 -0.6870036 118.9816
310 -103.4705293679323 -10.624293461648197 119.32902158257642 -103.0684 -0.6855969 119.116
311 -103.66177634205742 -10.63602888198027 119.43104588646453 -103.245 -0.6827537 119.2422
312 -103.81200735918084 -10.655288033235395 119.58143990832708 -103.4183 -0.6819887 119.3668
313 -103.97837821098075 -10.662191241403328 119.72470281580911 -103.5947 -0.6769315 119.4976
314 -104.16272490621708 -10.67968164695439 119.84081341016358 -103.7731 -0.672655 119.6238
315 -104.3285726062386 -10.68820479323853 119.97415208068625 -103.9548 -0.6680274 119.7348
316 -104.5024478358732 -10.748808203319811 120.09341622650669 -104.1481 -0.6624189 119.8384
317 -104.70087117425071 -10.770243870779444 120.16836742049433 -104.3385 -0.6580382 119.9342
318 -104.91007122275218 -10.77246743551853 120.2258575598614 -104.5336 -0.6558701 120.0291
319 -105.09903727944805 -10.771731066171625 120.33175144436414 -104.733 -0.6537004 120.1137
320 -105.28013144547376 -10.804687738751326 120.43445338289513 -104.9312 -0.6515101 120.1854
321 -105.47860650532402 -10.788842441861483 120.52078201002655 -105.1362 -0.6502394 120.2566
322 -105.68216002355844 -10.78275180640441 120.6028003444118 -105.3437 -0.6512383 120.3283
323 -105.89662789508937 -10.805000018358632 120.65896877152105 -105.5582 -0.6512936 120.3886
324 -106.12194415697653 -10.813647965624048 120.77051165414406 -105.8016 -0.646722 120.452
325 -106.37912652380884 -10.81175103484731 120.80514544403081 -106.0565 -0.6404796 120.5003
326 -106.66556951653953 -10.849820817549402 120.82060501090022 -106.3408 -0.6320823 120.5536
327 -106.96558675962552 -10.851287869273994 120.86678939751692 -106.6408 -0.6251645 120.5994
328 -107.26848686815175 -10.84571115179705 120.91057840635405 -106.946 -0.6151359 120.6206
329 -107.60255071980677 -10.845278887694038 120.9213700496116 -107.2795 -0.6047007 120.6402
330 -107.95204912792529 -10.833879266646553 120.94913749311739 -107.6301 -0.5937682 120.6434
331 -108.29593632426482 -10.816332718970967 120.9438297763182 -107.9733 -0.5851771 120.6163
332 -108.6628948013608 -10.850159399772394 120.87749414346646 -108.3468 -0.5780578 120.5908
333 -109.02828542532015 -10.900576094807532 120.85652624315144 -108.7113 -0.5724405 120.5308
334 -109.41615152637826 -10.88599227015128 120.76992741982333 -109.1034 -0.5651093 120.4648
335 -109.81088490412729 -10.910256955967844 120.66095687892576 -109.5039 -0.5571731 120.3764
336 -110.20770829791793 -10.91654803475414 120.56227417359459 -109.8936 -0.5498158 120.2526
337 -110.62101299083096 -10.922545261088215 120.41964583506689 -110.3105 -0.5385017 120.1212
338 -111.02415565654856 -10.92691645889805 120.21545891753648 -110.7358 -0.5271191 119.9688
339 -111.45815025167748 -10.942275963952675 120.04669807261278 -111.1598 -0.5145431 119.7761
340 -111.90669028623289 -10.987469774191922 119.85436336380252 -111.6037 -0.5003029 119.5688
341 -112.33392204648345 -11.028460612956865 119.59445809442 -112.0419 -0.4860644 119.3248
342 -112.77518972018392 -11.049813524609794 119.3100602342049 -112.4967 -0.4701443 119.0622
343 -113.22747758533043 -11.06576260883921 118.99978191617025 -112.9599 -0.4518107 118.7686
344 -113.70633392812184 -11.09978747330337 118.70587116508699 -113.4215 -0.433277 118.447
345 -114.20150348310653 -11.114626397613462 118.39205762295397 -113.8987 -0.4140913 118.1067
346 -114.6675085287188 -11.153568039244268 118.01789124686806 -114.379 -0.4005528 117.7492
347 -115.14218305079784 -11.186652599146672 117.61775936574966 -114.8756 -0.3846543 117.3755
348 -115.65824945900296 -11.213627926503287 117.24140049514175 -115.3845 -0.3685473 116.9889
349 -116.16477559424119 -11.253664643782834 116.82132047586758 -115.9072 -0.3511796 116.5875
350 -116.70199440965943 -11.278578924601389 116.41117846830913 -116.4394 -0.33342 116.1705
351 -117.21509432358141 -11.324283287834284 115.94993058662952 -116.978 -0.3145039 115.7373
352 -117.78142081705916 -11.350969624684287 115.52738364329484 -117.5268 -0.2939813 115.2919
353 -118.35788857353859 -11.399362441329181 115.09437316372416 -118.0864 -0.273294 114.8352
354 -118.91662314800905 -11.462174262150524 114.61144880247777 -118.6599 -0.2513318 114.3662
355 -119.49819630321 -11.51622706661114 114.1374440740634 -119.2396 -0.2283537 113.8874
356 -120.09792505074728 -11.555796469569884 113.65091750307359 -119.8351 -0.2043772 113.3947
357 -120.68799097380561 -11.600927376608766 113.13489420534934 -120.4389 -0.1816124 112.8933
358 -121.26267337614934 -11.650082566835131 112.57625719719049 -121.0569 -0.1575086 112.3812
359 -121.89779973890128 -11.72024439363775 112.06302233905416 -121.687 -0.1322116 111.8577
360 -122.50656178736973 -11.787353523539197 111.49421704995308 -122.3282 -0.1050706 111.3222
361 -123.1352330192544 -11.830520954576444 110.93025499864375 -122.9704 -0.07535629 110.7728
362 -123.80149679896863 -11.901082931167693 110.38779516908687 -123.6258 -0.04736641 110.2135
363 -124.45275157675573 -11.963103347076432 109.81809042581772 -124.2849 -0.01867648 109.6502
364 -125.1197079822724 -12.019835843018205 109.24464674256633 -124.9562 0.01110994 109.0798
365 -125.78516092735782 -12.079251776504652 108.65014275361827 -125.6369 0.04221843 108.5006
366 -126.47543287886079 -12.125435287233767 108.05855805262954 -126.332 0.07133427 107.9136
367 -127.16157548810624 -12.186177485999885 107.44336229246491 -127.0372 0.09929117 107.3179
368 -127.83879921858501 -12.268342744317142 106.80905344415159 -127.7453 0.1250424 106.7132
369 -128.55724991878793 -12.333672241186303 106.20248716754526 -128.4619 0.1484347 106.1014
370 -129.24126779491357 -12.378443303741067 105.54071727533349 -129.186 0.166941 105.4824
371 -129.93442955047445 -12.430522600703611 104.86777184426553 -129.9193 0.1835941 104.8515
372 -130.64211054632244 -12.511398418977208 104.19683225336976 -130.6623 0.1979002 104.2149
373 -131.40148000059386 -12.562743100560546 103.56827249970837 -131.4132 0.2144697 103.5744
374 -132.14099458642173 -12.622549772340632 102.92097897112319 -132.1648 0.2318873 102.9386
375 -132.90052040263748 -12.6882232576092 102.29009632768096 -132.9234 0.2513658 102.3035
376 -133.64781435204694 -12.756838899095333 101.64726858416381 -133.6799 0.2702986 101.6681
377 -134.37689976423516 -12.825369723802867 100.98213389459904 -134.4357 0.2900097 101.0301
378 -135.1136243520461 -12.88953478101673 100.3259905559332 -135.1892 0.3106498 100.3904
379 -135.88566038250787 -12.951500284283048 99.70733463968651 -135.9465 0.3298425 99.75107
380 -136.61981599101168 -13.029739468930266 99.03517520610345 -136.7105 0.3478641 99.10851
381 -137.37970073695826 -13.097517135305443 98.40164389609447 -137.4685 0.3680159 98.46944
382 -138.1435541707218 -13.158495664173826 97.76850962693263 -138.2274 0.3899821 97.82785
383 -138.86985701544452 -13.235509899089113 97.08651844541838 -138.9901 0.4148069 97.18269
384 -139.61356924642268 -13.297866526414545 96.4360883697542 -139.748 0.4343912 96.54609
385 -140.36366785665894 -13.377186526275572 95.78361326101073 -140.5111 0.4529559 95.90422
386 -141.09471482024946 -13.475614207176447 95.12238113600833 -141.2656 0.4726101 95.26259
387 -141.84664170377425 -13.568241955649798 94.482804650637 -142.0208 0.4912744 94.62044
388 -142.5688368988011 -13.643092305394857 93.81443770011239 -142.7704 0.5111815 93.97889
389 -143.30640466585746 -13.725591001147238 93.15295829444456 -143.5294 0.5274135 93.337
390 -144.0334962822244 -13.791724442034589 92.47638829029466 -144.2862 0.5445632 92.69067
391 -144.7730847890234 -13.867300550362383 91.82141331251529 -145.0409 0.5612957 92.04892
392 -145.5188320088328 -13.933003271001137 91.17756841229424 -145.794 0.5779645 91.41052
393 -146.2678941719736 -13.984636067868855 90.5377571565426 -146.5475 0.5937592 90.77404
394 -147.00929294545287 -14.054197079206318 89.88524265467215 -147.3072 0.6086489 90.13928
395 -147.75101851042197 -14.11848354951253 89.227186197701 -148.0704 0.6250373 89.50321
396 -148.4907953898518 -14.16119516832287 88.56953552683505 -148.8333 0.6468099 88.87146
397 -149.26676287790627 -14.21123758286476 87.94730164781029 -149.6005 0.6716835 88.23696
398 -149.99778819876346 -14.285258183193793 87.28905446155957 -150.3591 0.6967564 87.60683
399 -150.71496138913724 -14.358814925231197 86.62169553222222 -151.1134 0.7256258 86.97809
400 -151.46120593896137 -14.41348616639449 85.98637555286032 -151.8671 0.7539528 86.34989
401 -152.1798760263687 -14.471649116829656 85.31666249993579 -152.6218 0.7806961 85.71894
402 -152.9196599611523 -14.536333936823857 84.66565263359396 -153.379 0.8039512 85.08539
403 -153.64997414404897 -14.629425951960119 84.0167461233928 -154.1322 0.8288243 84.45676
404 -154.36590737919354 -14.70226277521596 83.35679217659073 -154.8823 0.8536668 83.83215
405 -155.03340630744398 -14.802302491556047 82.653336035668 -155.6292 0.8796994 83.20615
406 -155.75842424795306 -14.8810567368109 82.00739772583469 -156.3743 0.9056545 82.57906
407 -156.47882058258716 -14.922229851711677 81.35278956751218 -157.119 0.9324518 81.95146
408 -157.22428888506454 -14.982781222683537 80.73396461755294 -157.8614 0.9618364 81.32671
409 -157.93079355543935 -15.046158299658602 80.07334466487441 -158.6032 0.9920658 80.70349
410 -158.64934001989818 -15.14702430314847 79.4447760565555 -159.3358 1.022069 80.08383
411 -159.31408935524928 -15.230211945219954 78.7681919977329 -160.0585 1.049905 79.46455
412 -160.01686477526238 -15.286670808344013 78.12822688251168 -160.7804 1.077505 78.84428
413 -160.70221966387496 -15.362787684154421 77.47506320044361 -161.5 1.102704 78.22487
414 -161.38858416017632 -15.435882121575588 76.82367122160211 -162.2213 1.128462 77.60858
415 -162.09529801535422 -15.489262077664508 76.19696207693569 -162.9402 1.154301 76.99411
416 -162.79344277591454 -15.566954957480522 75.56643671657018 -163.6585 1.179845 76.38223
417 -163.4916466523855 -15.634961841387163 74.93875652047409 -164.3767 1.205952 75.77428
418 -164.20349582590444 -15.713972513993346 74.3340248363044 -165.093 1.231444 75.17018
419 -164.87440232385305 -15.782086456698199 73.68452224224065 -165.8081 1.25702 74.56637
420 -165.57852071764125 -15.84720440081082 73.0734972752813 -166.5248 1.282062 73.96713
421 -166.2859597889123 -15.919321447234417 72.47093629981882 -167.2418 1.306576 73.3721
422 -166.96429029187547 -15.981481826882524 71.8400634367349 -167.9552 1.330108 72.77838
423 -167.64189895372618 -16.061623244264645 71.21681543021593 -168.6684 1.351053 72.19108
424 -168.3313060610632 -16.12630859241256 70.61375955463541 -169.3812 1.373431 71.61267
425 -168.976092428988 -16.20910024596956 69.97700065712742 -170.0844 1.396727 71.03558
426 -169.6660679167536 -16.25801340221358 69.40084863912793 -170.7831 1.405731 70.468
427 -170.31085909297943 -16.3227580139166 68.79158558958221 -171.4722 1.416166 69.9057
428 -170.94965032666005 -16.38443531877475 68.18697150245947 -172.1588 1.425569 69.35261
429 -171.59768664385976 -16.44643404065369 67.61788081408054 -172.8299 1.436887 68.80749
430 -172.24777443370144 -16.50717305048099 67.06685409142189 -173.4939 1.448357 68.26999
431 -172.87631020141717 -16.56535464591454 66.51228426855842 -174.1451 1.460081 67.73915
432 -173.47409157562674 -16.61730500241356 65.94312762755027 -174.7856 1.470417 67.21605
433 -174.0921833723549 -16.688470962535515 65.4112949779195 -175.4193 1.482743 66.69815
434 -174.70067513617516 -16.745418382813174 64.88432413556613 -176.0447 1.496245 66.18835
435 -175.31504387008945 -16.775271443022167 64.37509605092751 -176.6638 1.510435 65.6842
436 -175.8622826395766 -16.830743394369485 63.809910865360955 -177.2745 1.525125 65.18539
437 -176.43442540713528 -16.887796189075015 63.292003680116736 -177.8683 1.538016 64.68934
438 -176.95833117130235 -16.94744603855348 62.747500804012596 -178.4448 1.550332 64.19739
439 -177.51297398701078 -17.01634771175302 62.25749312074392 -179.0078 1.561925 63.71223
440 -178.04574654300717 -17.066497339394704 61.76514915194927 -179.5612 1.575397 63.24071
441 -178.57029039412066 -17.131734614419766 61.27784148784443 -180.1003 1.58648 62.76519
442 -179.06509694569303 -17.19506087241835 60.79569638935856 -180.6249 1.600125 62.31141
443 -179.563670560526 -17.237203680672465 60.32661992423388 -181.1416 1.611948 61.86056
444 -180.06748445570784 -17.286309090801392 59.88457283337281 -181.6486 1.623859 61.41959
445 -180.54733627367636 -17.33814801620943 59.43288605204105 -182.1422 1.635244 60.98005
446 -181.02236319524926 -17.385679468065316 58.99496991739715 -182.6223 1.64854 60.5453
447 -181.45098050028744 -17.47080117794687 58.53044945699778 -183.0885 1.662241 60.11032
448 -181.87786131174613 -17.513435108880614 58.073485784873284 -183.5369 1.673611 59.67252
449 -182.27373834352082 -17.5935582766729 57.60499658399754 -183.9747 1.68544 59.2357
450 -182.66295916065232 -17.671579630512127 57.14012399196766 -184.4045 1.698748 58.80121
451 -183.06094445165246 -17.733408419553136 56.69480146444606 -184.8122 1.713703 58.36066
452 -183.4319801687015 -17.784776876155544 56.23620029335706 -185.1982 1.732581 57.91203
453 -183.773288316647 -17.861843906804143 55.78111533637212 -185.5495 1.74951 57.45834
454 -184.0696513176752 -17.92703581982065 55.30453556215293 -185.8798 1.767896 57.00033
455 -184.37297036258823 -17.978823513208035 54.84173124511315 -186.1871 1.784988 56.53757
456 -184.61241673039885 -18.035674804949753 54.3579807318177 -186.455 1.807526 56.06608
457 -184.83991491588648 -18.084160034234223 53.87408069976039 -186.7152 1.826654 55.59683
458 -185.06666652405207 -18.12208629256699 53.40290440971686 -186.9445 1.84288 55.12564
459 -185.30001770561148 -18.17783966462048 52.95327691052394 -187.1206 1.856411 54.64759
460 -185.45264676415758 -18.220045855194336 52.47480948340525 -187.2835 1.870218 54.17085
461 -185.5481950833064 -18.2348817577916 51.98754029512945 -187.4227 1.883289 53.69416
462 -185.62773058165723 -18.286001211121846 51.50474147442118 -187.5256 1.887417 53.21309
463 -185.76824178115183 -18.341642520252304 51.041267154745505 -187.6307 1.893359 52.7371
464 -185.91576347771363 -18.360136277133435 50.576266503725584 -187.6915 1.900316 52.25276
465 -185.97382823144443 -18.386358667757065 50.09666926782012 -187.7485 1.901338 51.77232
466 -185.92775903800188 -18.45021427412415 49.621216809470134 -187.7723 1.900778 51.29098
467 -185.94411428169477 -18.49519964063938 49.13501847207352 -187.7414 1.901606 50.80341
468 -185.96423823860388 -18.540476840483695 48.66396659672583 -187.7165 1.903912 50.33042
469 -185.9380518158997 -18.598058294128016 48.20377504028638 -187.6828 1.909578 49.86716
470 -185.88858383195577 -18.63735053968456 47.7380420108536 -187.6045 1.913879 49.40375
471 -185.85311672584152 -18.676715882038952 47.284170564330246 -187.5198 1.916071 48.95472
472 -185.7130976752787 -18.707715363711586 46.84104604619058 -187.3856 1.91604 48.50872
473 -185.54863187675988 -18.74184471031868 46.42570947873986 -187.2454 1.919502 48.08322
474 -185.36890967097509 -18.76338158130887 46.02128294941743 -187.0919 1.921924 47.66758
475 -185.1686229972966 -18.818802507166478 45.613489130204954 -186.905 1.925132 47.2498
476 -184.94101777397 -18.854990628072148 45.22554052118468 -186.7142 1.922721 46.84089
477 -184.69778788858235 -18.889301850272602 44.820873509499236 -186.4782 1.917552 46.43056
478 -184.4713826030529 -18.94581213635545 44.414341577534294 -186.2433 1.910636 46.02498
479 -184.26135199337756 -18.974637786170405 43.992605278057766 -185.9999 1.906858 45.62057
480 -183.99702169531892 -19.036982280363233 43.59975129317142 -185.7437 1.904895 45.21752
481 -183.71057485662038 -19.089490862873646 43.224426952991685 -185.4762 1.903482 44.82494
482 -183.4314442414999 -19.127054979101207 42.82998784416183 -185.1904 1.903992 44.4335
483 -183.1118145395886 -19.185742662035373 42.467454966319096 -184.8981 1.906175 44.04415
484 -182.78985692399226 -19.239853336935695 42.09568792667553 -184.5971 1.908337 43.65148
485 -182.48537073090375 -19.288074762029765 41.700247269785805 -184.2874 1.908808 43.25715
486 -182.12826081071654 -19.337089534724917 41.33963138873571 -183.9689 1.909156 42.85899
487 -181.7834455844742 -19.38335266751316 40.95617978728247 -183.6434 1.911087 42.45635
488 -181.42711943423458 -19.44159840779257 40.57282931153513 -183.3133 1.914906 42.04606
489 -181.08187281420103 -19.48332879119511 40.16132728835485 -182.9728 1.921291 41.62858
490 -180.71210764977886 -19.536689627853303 39.75929180448436 -182.6247 1.928571 41.20434
491 -180.3405559521597 -19.578278772916434 39.341027737777424 -182.2608 1.933488 40.7774
492 -179.94463471920207 -19.63315920717696 38.93228939644194 -181.8872 1.936481 40.34468
493 -179.54428252349078 -19.677326016594368 38.497383623433564 -181.5012 1.944762 39.89489
494 -179.1564121481682 -19.730542128473324 38.04070258024412 -181.1166 1.952827 39.43245
495 -178.75150466927977 -19.77932887968204 37.57516208890988 -180.7267 1.954282 38.95179
496 -178.31457067225114 -19.816044170011136 37.11873563810249 -180.3265 1.951012 38.46147
497 -177.890929451469 -19.872151665666788 36.633444996929136 -179.9121 1.948467 37.96509
498 -177.45628095438045 -19.923318983029404 36.1431587586065 -179.4927 1.950893 37.45911
499 -177.0161953791761 -19.967351350187293 35.63248233519482 -179.0635 1.950476 36.93739
500 -176.57357915479457 -20.01419443300592 35.093747986623754 -178.6239 1.946894 36.39418
501 -176.09313441830787 -20.070612613492752 34.56810876659849 -178.1621 1.94215 35.84918
502 -175.58418004362767 -20.135620020247405 34.047551873899025 -177.6842 1.937626 35.29616
503 -175.08299162897993 -20.225945863909438 33.50026468785717 -177.1997 1.929672 34.72689
504 -174.57485820390178 -20.27771663626766 32.93488070882719 -176.7106 1.923186 34.1427
505 -174.0379387134885 -20.341391540204775 32.36483057141475 -176.2079 1.922565 33.53889
506 -173.49784674544355 -20.41491826497909 31.776683868179685 -175.6955 1.923742 32.92207
507 -172.97897672859068 -20.52034777876409 31.156151577075377 -175.1718 1.922179 32.29666
508 -172.41107995423533 -20.601931941945722 30.561206971943324 -174.6388 1.921438 31.66497
509 -171.85337174561218 -20.67632711208387 29.94351214072367 -174.1052 1.927099 31.02204
510 -171.28548380434884 -20.751913535223604 29.307794213142085 -173.559 1.933011 30.36327
511 -170.74911797984134 -20.82724581743118 28.628040044009033 -173.0021 1.938375 29.69599
512 -170.1462178699752 -20.923412336609935 27.99761351979115 -172.4382 1.94584 29.02358
513 -169.57635888875274 -21.027796076165973 27.327714994220774 -171.867 1.951405 28.34675
514 -168.99037694350764 -21.13687837317812 26.656390198604416 -171.2881 1.956277 27.6606
515 -168.39757480640077 -21.219285901335635 25.975942351929554 -170.7093 1.958687 26.96332
516 -167.80104860591288 -21.298410595765326 25.28534899183703 -170.1234 1.951058 26.25927
517 -167.182245992051 -21.393120844561846 24.601917862028305 -169.5314 1.943279 25.54622
518 -166.581027884103 -21.488675477512878 23.888961911581166 -168.9342 1.93667 24.82358
519 -165.9503593708892 -21.575181481129395 23.19754975720218 -168.3371 1.929608 24.09784
520 -165.37690795208118 -21.693993435956084 22.46187214036631 -167.7434 1.921892 23.3687
521 -164.75262644021905 -21.788557989922783 21.77269592822299 -167.1591 1.914344 22.6392
522 -164.11753448998704 -21.897636994126515 21.100311088241906 -166.5815 1.908782 21.90866
523 -163.51649667708867 -21.99348617857767 20.3938155001436 -166.0001 1.908068 21.17959
524 -162.93006418872784 -22.073500781365155 19.66639162940545 -165.4129 1.91419 20.44842
525 -162.33313476121253 -22.156767128450653 18.952895498368093 -164.8351 1.923826 19.71467
526 -161.7224834499357 -22.25629981688239 18.264890785106296 -164.2567 1.934077 18.99252
527 -161.0944888666319 -22.341688090621652 17.600933723324495 -163.6778 1.940348 18.28024
528 -160.52111629195335 -22.435825006529203 16.900922817813814 -163.1045 1.94164 17.57387
529 -159.9421913723199 -22.51874854279409 16.188276624303516 -162.5251 1.942748 16.8568
530 -159.3397468722868 -22.59373596500368 15.502816662614126 -161.9505 1.939281 16.14389
531 -158.7289222571262 -22.66591623024414 14.823771424748708 -161.3773 1.936519 15.42915
532 -158.10892815872535 -22.739148534284986 14.149424955807147 -160.8026 1.93571 14.71206
533 -157.52150847577698 -22.82020603446182 13.478062978535636 -160.2415 1.936584 14.01383
534 -156.92424722540386 -22.906066019006353 12.804761284715733 -159.6822 1.936046 13.30347
535 -156.349456695199 -22.994386525378847 12.119028519809529 -159.1338 1.935031 12.59096
536 -155.74406696603822 -23.087953196839955 11.472344622442106 -158.6027 1.939067 11.87586
537 -155.2222401262205 -23.169557620648675 10.75985557965991 -158.088 1.945549 11.15361
538 -154.68220149924633 -23.24835039429544 10.066637019142455 -157.5933 1.952156 10.42311
539 -154.15606064952286 -23.35003466289134 9.365329719869607 -157.1079 1.958096 9.685989
540 -153.63569427158913 -23.426915894935505 8.668240311337597 -156.6525 1.968002 8.940913
541 -153.14515049884798 -23.513263222084912 7.952489534220286 -156.2137 1.981362 8.187478
542 -152.71596567191168 -23.574200240890928 7.201554106294104 -155.8113 2.002674 7.41973
543 -152.2955138190178 -23.653884900305552 6.4485986983866495 -155.4337 2.020771 6.640524
544 -151.91748849375895 -23.76422424682162 5.678423157784816 -155.0736 2.039549 5.854252
545 -151.56139104851366 -23.84725337482865 4.9114739500655835 -154.7551 2.055959 5.066725
546 -151.23011927616432 -23.91208304591815 4.134156471693368 -154.4511 2.070725 4.275819
547 -150.8488802427984 -23.989088840927188 3.383680570319294 -154.1799 2.076776 3.475256
548 -150.609670619348 -24.0259131987573 2.5627604668444675 -153.9186 2.081455 2.660279
549 -150.395627170267 -24.069935068724575 1.7360850150884088 -153.6909 2.081084 1.836084
550 -150.11751159307136 -24.099961631356603 0.9264656996644064 -153.4863 2.082675 1.004297
551 -149.90655555250606 -24.144268477674245 0.09236915555873015 -153.2952 2.088962 0.1642828
552 -149.68895176894523 -24.19857071866169 -0.7459263875798371 -153.1167 2.094656 -0.6849197
553 -149.52853398001525 -24.234572906397766 -1.6131949152911296 -152.9463 2.099191 -1.551019
554 -149.3483834503199 -24.29030025805436 -2.4775136561574933 -152.7936 2.108057 -2.422346
555 -149.17273404311564 -24.337497069219825 -3.3485295453590624 -152.6592 2.120983 -3.301845
556 -149.00847024586446 -24.393770757795195 -4.222802363260168 -152.5347 2.129986 -4.18441
557 -148.87936704308117 -24.46723251024979 -5.115014038793159 -152.4224 2.145234 -5.081774
558 -148.671424405503 -24.505299913229003 -6.017719528053329 -152.3238 2.164537 -6.003442
559 -148.57510374272377 -24.54911417648951 -6.94585783197452 -152.2301 2.184519 -6.932667
560 -148.4538367781964 -24.590593097881964 -7.8852815726471865 -152.1344 2.208027 -7.875658
561 -148.29331954262167 -24.662162752396817 -8.817298401427154 -152.0349 2.236569 -8.818435
562 -148.08783782977918 -24.693811028044266 -9.749316992604843 -151.9309 2.26438 -9.767273
563 -147.92090597420287 -24.75849519669752 -10.695194375618879 -151.8222 2.290503 -10.72343
564 -147.86237534229576 -24.80817231388076 -11.672530033704632 -151.7054 2.314806 -11.69649
565 -147.8003105530722 -24.87679448040151 -12.66470712495882 -151.5906 2.340253 -12.68601
566 -147.67709749241206 -24.92933805381026 -13.660576819967755 -151.4796 2.366234 -13.68436
567 -147.4730429039277 -24.997609770909076 -14.648938568057925 -151.3681 2.390739 -14.68941
568 -147.31092305613308 -25.066131240870583 -15.660844132441456 -151.2539 2.419304 -15.70974
569 -147.13884328752746 -25.121709512973897 -16.671879152611695 -151.1385 2.446252 -16.72996
570 -146.9842221977075 -25.180716909537836 -17.696548833167153 -151.0183 2.471748 -17.76061
571 -146.8313593487216 -25.24358907686767 -18.724357433447942 -150.8986 2.495354 -18.79445
572 -146.65970121264434 -25.32436948231166 -19.755982140906898 -150.7787 2.516209 -19.83629
573 -146.48052440699317 -25.401088033343786 -20.79309071322378 -150.6584 2.531082 -20.88457
574 -146.3423367381247 -25.466765885245962 -21.839199934310276 -150.5418 2.546922 -21.93524
575 -146.19494983164503 -25.523237166955177 -22.88607852571449 -150.4287 2.562912 -22.98777
576 -146.02295182573238 -25.59456663652765 -23.927451830372124 -150.3173 2.580523 -24.03963
577 -145.84914150660396 -25.655006265683227 -24.9713349013705 -150.21 2.602248 -25.09394
578 -145.72670633917753 -25.729567281382803 -26.021588825738842 -150.1008 2.624842 -26.14805
579 -145.55398694002105 -25.79066781250517 -27.061863562636542 -149.9955 2.652068 -27.19872
580 -145.44134805752336 -25.863301866083102 -28.103203225587823 -149.8915 2.677343 -28.24318
581 -145.29442540479766 -25.924377205785536 -29.13798702799549 -149.7898 2.703716 -29.28484
582 -145.20617402091645 -25.968633397284076 -30.179904623194883 -149.6882 2.727489 -30.32621
583 -145.11181043247245 -26.030610871591897 -31.217812787667246 -149.5881 2.749371 -31.3652
584 -144.92613057184147 -26.09823410868859 -32.24477735274075 -149.4892 2.772055 -32.40607
585 -144.7688638262813 -26.17056986808403 -33.27790838352948 -149.3925 2.79829 -33.4488
586 -144.6622533154349 -26.238553827826077 -34.29810279011278 -149.3004 2.822913 -34.47237
587 -144.5202226708584 -26.307818235976846 -35.31794176579752 -149.2116 2.847794 -35.50025
588 -144.36896402052784 -26.370652267765276 -36.33424144480632 -149.1247 2.872146 -36.5257
589 -144.2372442238758 -26.434851942679796 -37.351739643687665 -149.0389 2.8933 -37.54989
590 -144.14439008286723 -26.505344122653796 -38.3693435215616 -148.9571 2.914898 -38.57065
591 -144.01295399051162 -26.5782928962055 -39.37950589472919 -148.8814 2.936848 -39.58889
592 -143.8694060287463 -26.671385047662696 -40.38160833313262 -148.8101 2.958886 -40.60275
593 -143.7443779155048 -26.75252589753419 -41.38264702797982 -148.7352 2.980846 -41.61181
594 -143.6170211918437 -26.818575509212973 -42.38483630423675 -148.6636 3.002899 -42.62144
595 -143.52566417078435 -26.90074780801125 -43.38028730561369 -148.5927 3.027276 -43.62164
596 -143.41393369272015 -26.963664955729204 -44.37908646986573 -148.5176 3.05498 -44.62545
597 -143.32650304465028 -27.04374333573752 -45.371748630862264 -148.4441 3.079101 -45.62217
598 -143.23563195290774 -27.12584982817146 -46.35905358263032 -148.3689 3.102061 -46.61393
599 -143.15326368129345 -27.197528133115267 -47.34457204310462 -148.296 3.122209 -47.60259
600 -143.0736557330603 -27.244810299652688 -48.331101192664136 -148.2258 3.142814 -48.59075
601 -142.9548005578688 -27.29616361749453 -49.31058294355377 -148.1556 3.159721 -49.57611
602 -142.85462264338804 -27.356208721124982 -50.28860360548085 -148.0851 3.175297 -50.55843
603 -142.79915463217992 -27.40983140581248 -51.2682938865164 -148.0135 3.189403 -51.53844
604 -142.69479929935508 -27.468173912537452 -52.23701497653409 -147.9424 3.205788 -52.51178
605 -142.65510313706736 -27.516267058925 -53.20576360717011 -147.87 3.219705 -53.47973
606 -142.55246535440463 -27.587327275626887 -54.16928076116185 -147.7977 3.231897 -54.44853
607 -142.463299419831 -27.65427846359683 -55.130683637973135 -147.7243 3.243527 -55.41352
608 -142.3589596711663 -27.710446307529697 -56.08540726038986 -147.6532 3.257265 -56.37284
609 -142.25683946747182 -27.77401141719243 -57.0381095006239 -147.5797 3.270311 -57.3302
610 -142.18306403551043 -27.83657386559204 -57.98749679757396 -147.5001 3.2824 -58.2811
611 -142.08616105139916 -27.897389491986612 -58.932205490164726 -147.4207 3.29139 -59.22935
612 -141.98990072089782 -27.944476426893292 -59.87177573446627 -147.3415 3.301002 -60.17164
613 -141.87523477800482 -28.005561483562424 -60.80274490442905 -147.2599 3.310925 -61.10803
614 -141.7126738569419 -28.05281709731188 -61.720283788939305 -147.1781 3.317449 -62.03744
615 -141.60194864813644 -28.123056478002773 -62.63336373016031 -147.0991 3.324624 -62.95647
616 -141.48659700950498 -28.165122261312536 -63.541018508677205 -147.0218 3.332509 -63.86909
617 -141.39235115125393 -28.224649958967078 -64.42982631105264 -146.9462 3.341452 -64.76162
618 -141.2818675435329 -28.2780660781637 -65.3045698829318 -146.8736 3.350949 -65.64189
619 -141.181198207406 -28.337368542235183 -66.16492977817322 -146.8046 3.362788 -66.50732
620 -141.08875830179613 -28.413619166879776 -67.00947747303782 -146.7409 3.376135 -67.35784
621 -141.0180866219421 -28.473644650910302 -67.8374359996939 -146.6842 3.387862 -68.18896
622 -140.95449045768433 -28.52063572664647 -68.64531326905902 -146.637 3.40087 -68.99922
623 -140.84598342464537 -28.592227671756984 -69.42299152246487 -146.6018 3.409958 -69.78685
624 -140.81277207463174 -28.645352732602298 -70.18501410936729 -146.575 3.416011 -70.55095
625 -140.759517361039 -28.706609199899955 -70.91942538555752 -146.5515 3.42136 -71.28944
626 -140.74503576825097 -28.75050537417202 -71.63225490688684 -146.5298 3.426278 -72.00342
627 -140.6891747339472 -28.81024630923643 -72.31348387640674 -146.5152 3.430945 -72.68937
628 -140.6354767667925 -28.865889933108733 -72.96814628001779 -146.5063 3.436511 -73.3485
629 -140.64321591389722 -28.922061791748728 -73.59909061583119 -146.499 3.443175 -73.98191
630 -140.6550420128798 -28.960634274160086 -74.20449815400649 -146.496 3.451189 -74.5886
631 -140.68085195914574 -28.985906085032205 -74.78250282752131 -146.4997 3.454673 -75.16771
632 -140.70082886301734 -28.992630975663445 -75.33873793047482 -146.5087 3.458263 -75.72426
633 -140.6932163294857 -29.026702382808946 -75.8626553790651 -146.5201 3.46068 -76.24921
634 -140.75082906513916 -29.04174992595012 -76.3550058740988 -146.531 3.464948 -76.74501
635 -140.77899284976672 -28.990368334588325 -75.8951187211867 -146.5458 3.469095 -77.20836
636 -140.34908916184455 -28.99745319234696 -75.9701832960636 -146.5624 3.474975 -77.64447
637 -139.95950702667483 -29.002596743158982 -76.06778538398511 -146.5828 3.4811 -78.04556
638 -139.59547589224627 -29.00300250504911 -76.13475410316762 -146.5982 3.487735 -78.41532
639 -139.26049547208422 -29.001451030151667 -76.17972787377552 -146.6147 3.489838 -78.7529
640 -138.9545015730288 -28.99699550320606 -76.2140410934655 -146.6267 3.492333 -79.0606
641 -138.69203377777959 -28.998174057058645 -76.26019507830792 -146.6358 3.49339 -79.32694
642 -138.4498305361207 -28.99700128296182 -76.29816460970933 -146.6444 3.496768 -79.57193
643 -138.22981989129002 -28.994632920017516 -76.34696496490426 -146.6502 3.501775 -79.79717
644 -138.02828399173745 -28.993798718188593 -76.35738626174533 -146.6574 3.507398 -79.99877
645 -137.83380425060574 -28.994397322950046 -76.38953631789894 -146.6613 3.513405 -80.19576
646 -137.8521776722311 -29.00163903283245 -76.57771176134402 -146.6636 3.523785 -80.38467
647 -137.8654445603719 -29.01471131668059 -76.7621645213208 -146.6635 3.531968 -80.56988
648 -137.85122609579162 -29.00170527560524 -76.58631967840088 -146.6558 3.544429 -80.74617
649 -137.86436348726042 -29.002348991917472 -76.4209549344235 -146.6452 3.553303 -80.91148
650 -137.8774623049345 -28.998875492733937 -76.2705753367117 -146.6315 3.562076 -81.06159
651 -137.8494739825549 -28.983493536227062 -76.13343226738118 -146.6264 3.568355 -81.20217
652 -137.8943781865111 -28.983763395382816 -76.25852491899231 -146.6236 3.574643 -81.3349
653 -137.9399396575648 -28.976912785007933 -76.37613927186607 -146.6172 3.580246 -81.46093
654 -137.98177511207106 -28.973135420584413 -76.2639786403581 -146.6064 3.586432 -81.58005
655 -138.0085695735451 -28.972963067022604 -76.37368874367392 -146.591 3.591611 -81.69181
656 -138.0530081118267 -28.956095403578516 -76.2792596072735 -146.5743 3.595945 -81.79611
657 -138.0530081118267 -28.956095403578516 -76.2792596072735 -146.5544 3.599009 -81.88799
658 -138.0530081118267 -28.956095403578516 -76.2792596072735 -146.5371 3.601598 -81.96407
659 -138.0530081118267 -28.956095403578516 -76.2792596072735 -146.5218 3.605125 -82.02535
660 -138.0530081118267 -28.956095403578516 -76.2792596072735 -146.5098 3.607875 -82.07268
661 -138.0530081118267 -28.956095403578516 -76.2792596072735 -146.4988 3.610893 -82.10813
662 -138.0530081118267 -28.956095403578516 -76.2792596072735 -146.4897 3.612361 -82.13307
663 -138.0530081118267 -28.956095403578516 -76.2792596072735 -146.4813 3.614901 -82.1479
664 -138.0530081118267 -28.956095403578516 -76.2792596072735 -146.4749 3.616561 -82.15466
665 -138.0530081118267 -28.956095403578516 -76.2792596072735 -146.47 3.618715 -82.15162
666 -138.0530081118267 -28.956095403578516 -76.2792596072735 -146.4675 3.618427 -82.14449
667 -138.0530081118267 -28.956095403578516 -76.2792596072735 -146.4666 3.617487 -82.14289
668 -138.0530081118267 -28.956095403578516 -76.2792596072735 -146.4691 3.619237 -82.14598
669 -138.0530081118267 -28.956095403578516 -76.2792596072735 -146.4743 3.621418 -82.14846
670 -138.0530081118267 -28.956095403578516 -76.2792596072735 -146.4784 3.622343 -82.14814
671 -138.0530081118267 -28.956095403578516 -76.2792596072735 -146.4809 3.626275 -82.14689
672 -138.0530081118267 -28.956095403578516 -76.2792596072735 -146.4837 3.630956 -82.14592
673 -138.0530081118267 -28.956095403578516 -76.2792596072735 -146.4853 3.635666 -82.1443
674 -138.0530081118267 -28.956095403578516 -76.2792596072735 -146.486 3.642197 -82.14339
675 -138.0530081118267 -28.956095403578516 -76.2792596072735 -146.4874 3.646408 -82.14478
676 -138.0530081118267 -28.956095403578516 -76.2792596072735 -146.4896 3.650913 -82.14651
677 -138.0530081118267 -28.956095403578516 -76.2792596072735 -146.4903 3.653096 -82.14732
678 -138.0530081118267 -28.956095403578516 -76.2792596072735 -146.4929 3.66085 -82.15098
679 -138.0530081118267 -28.956095403578516 -76.2792596072735 -146.4935 3.666124 -82.15255
680 -138.0530081118267 -28.956095403578516 -76.2792596072735 -146.495 3.67267 -82.1546
681 -138.0530081118267 -28.956095403578516 -76.2792596072735 -146.4952 3.677041 -82.15536
682 -138.0530081118267 -28.956095403578516 -76.2792596072735 -146.4961 3.682929 -82.15662
683 -138.0530081118267 -28.956095403578516 -76.2792596072735 -146.4944 3.686575 -82.15612
684 -138.0530081118267 -28.956095403578516 -76.2792596072735 -146.4943 3.692587 -82.15657
685 -138.0530081118267 -28.956095403578516 -76.2792596072735 -146.4929 3.697692 -82.15523
686 -138.0530081118267 -28.956095403578516 -76.2792596072735 -146.4903 3.703976 -82.15185
687 -138.0530081118267 -28.956095403578516 -76.2792596072735 -146.4878 3.711265 -82.14843
688 -138.0530081118267 -28.956095403578516 -76.2792596072735 -146.4858 3.71733 -82.14544
689 -138.0530081118267 -28.956095403578516 -76.2792596072735 -146.4866 3.721405 -82.14302
690 -138.0530081118267 -28.956095403578516 -76.2792596072735 -146.4873 3.72538 -82.14091
691 -138.0530081118267 -28.956095403578516 -76.2792596072735 -146.4876 3.730224 -82.13842
692 -138.0530081118267 -28.956095403578516 -76.2792596072735 -146.4871 3.733757 -82.13635
693 -138.0530081118267 -28.956095403578516 -76.2792596072735 -146.4865 3.736302 -82.13505
694 -138.0530081118267 -28.956095403578516 -76.2792596072735 -146.486 3.737147 -82.13362
695 -138.0530081118267 -28.956095403578516 -76.2792596072735 -146.4879 3.738183 -82.13326
696 -138.0530081118267 -28.956095403578516 -76.2792596072735 -146.4881 3.739743 -82.13252
697 -138.0530081118267 -28.956095403578516 -76.2792596072735 -146.4887 3.743962 -82.13297
698 -138.0530081118267 -28.956095403578516 -76.2792596072735 -146.4887 3.746808 -82.13315
699 -138.0530081118267 -28.956095403578516 -76.2792596072735 -146.489 3.749734 -82.13346
700 -138.0530081118267 -28.956095403578516 -76.2792596072735 -146.4885 3.751969 -82.13324
701 -138.0530081118267 -28.956095403578516 -76.2792596072735 -146.4862 3.756727 -82.13358
702 -138.0530081118267 -28.956095403578516 -76.2792596072735 -146.4847 3.76039 -82.13348
703 -138.0530081118267 -28.956095403578516 -76.2792596072735 -146.485 3.762686 -82.13363
704 -138.0530081118267 -28.956095403578516 -76.2792596072735 -146.4854 3.763251 -82.13382
705 -138.0530081118267 -28.956095403578516 -76.2792596072735 -146.4849 3.763444 -82.13351
706 -138.0530081118267 -28.956095403578516 -76.2792596072735 -146.4851 3.764354 -82.13339
707 -138.0530081118267 -28.956095403578516 -76.2792596072735 -146.4851 3.765829 -82.13304
708 -138.0530081118267 -28.956095403578516 -76.2792596072735 -146.4801 3.76976 -82.13367
709 -138.0530081118267 -28.956095403578516 -76.2792596072735 -146.4764 3.772636 -82.13276
710 -138.0530081118267 -28.956095403578516 -76.2792596072735 -146.4733 3.773749 -82.13226
711 -138.0530081118267 -28.956095403578516 -76.2792596072735 -146.4721 3.77466 -82.13189
712 -138.0530081118267 -28.956095403578516 -76.2792596072735 -146.4755 3.775066 -82.13281
713 -138.0530081118267 -28.956095403578516 -76.2792596072735 -146.4771 3.775151 -82.13308
714 -138.0530081118267 -28.956095403578516 -76.2792596072735 -146.4775 3.77602 -82.13322
715 -138.0530081118267 -28.956095403578516 -76.2792596072735 -146.4765 3.778253 -82.13318
716 -138.0530081118267 -28.956095403578516 -76.2792596072735 -146.506 3.817593 -82.14996
717 -138.0530081118267 -28.956095403578516 -76.2792596072735 -146.525 3.844867 -82.16201
718 -138.0530081118267 -28.956095403578516 -76.2792596072735 -146.5414 3.867997 -82.17605
719 -138.0530081118267 -28.956095403578516 -76.2792596072735 -146.5569 3.891863 -82.19557
720 -138.0530081118267 -28.956095403578516 -76.2792596072735 -146.5659 3.908776 -82.2173
721 -138.0530081118267 -28.956095403578516 -76.2792596072735 -146.5794 3.927281 -82.24565
722 -138.0530081118267 -28.956095403578516 -76.2792596072735 -146.5858 3.940279 -82.27544
723 -138.0530081118267 -28.956095403578516 -76.2792596072735 -146.5906 3.955031 -82.31013
724 -138.0530081118267 -28.956095403578516 -76.2792596072735 -146.5878 3.963825 -82.34431
725 -138.0530081118267 -28.956095403578516 -76.2792596072735 -146.5882 3.974088 -82.38439
726 -138.0530081118267 -28.956095403578516 -76.2792596072735 -146.5818 3.98079 -82.42617
727 -138.0530081118267 -28.956095403578516 -76.2792596072735 -146.578 3.988369 -82.47354
728 -138.0530081118267 -28.956095403578516 -76.2792596072735 -146.5675 3.993899 -82.52259
729 -138.0530081118267 -28.956095403578516 -76.2792596072735 -146.5518 4.000773 -82.57422
730 -138.0530081118267 -28.956095403578516 -76.2792596072735 -146.5331 4.006616 -82.63234
731 -138.0530081118267 -28.956095403578516 -76.2792596072735 -146.5075 4.013233 -82.69805
732 -138.0530081118267 -28.956095403578516 -76.2792596072735 -146.4759 4.019203 -82.77848
733 -138.02527038967074 -28.94759017373516 -76.38171657292693 -146.4452 4.024429 -82.88031
734 -137.981459934418 -28.952756980600736 -76.49130279584462 -146.3964 4.029323 -82.98778
735 -137.9839443250846 -28.948608642752042 -76.62787344831837 -146.3513 4.033562 -83.11671
736 -137.94379025817935 -28.9434978296085 -76.77461549158132 -146.2958 4.037831 -83.25839
737 -137.871998885231 -28.942255701332986 -76.92316580107791 -146.2309 4.040989 -83.41005
738 -137.80538396606573 -28.998527697824514 -77.08130328313534 -146.1563 4.045713 -83.57444
739 -137.7916629091471 -29.00687008703523 -77.27007302522419 -146.0701 4.051946 -83.74303
740 -137.73636081949306 -29.017743557077562 -77.46131806215361 -145.9804 4.058185 -83.92098
741 -137.64730629339715 -29.027723435513355 -77.6522917827783 -145.8795 4.063554 -84.10616
742 -137.56776097419552 -29.04434556011947 -77.85728734289289 -145.7599 4.070054 -84.29131
743 -137.49355817244776 -29.075810776953265 -78.0739212367493 -145.6332 4.076339 -84.48453
744 -137.42948259768812 -29.087731022237364 -78.30880967054837 -145.4913 4.08362 -84.6826
745 -137.31196527823067 -29.122743868635702 -78.54390980736378 -145.3153 4.089716 -84.88083
746 -137.21738265288764 -29.14646358477779 -78.81502504738242 -145.1255 4.095105 -85.09753
747 -137.0928913195614 -29.197164669231437 -79.1041550176914 -144.8957 4.100068 -85.31851
748 -136.92195377417576 -29.234034726678395 -79.39697442507826 -144.6601 4.109917 -85.56492
749 -136.7711237770791 -29.271617691313928 -79.72904454415858 -144.3964 4.121088 -85.81942
750 -136.4680203480742 -29.260908138551482 -79.99410620359862 -144.0775 4.128858 -86.06536
751 -136.2162351588191 -29.262758183162834 -80.33708480666697 -143.7422 4.134474 -86.32723
752 -135.936351812513 -29.280247583462735 -80.69649139869563 -143.3707 4.13769 -86.59141
753 -135.5805820862062 -29.314971367569537 -81.03342720403825 -142.9474 4.141571 -86.84062
754 -135.17062862128395 -29.331863232792358 -81.33358259051086 -142.5033 4.14355 -87.08803
755 -134.71928567079894 -29.365555453771147 -81.63412681270289 -142.01 4.14816 -87.31564
756 -134.28091250580815 -29.3890611637988 -81.96572307023914 -141.5092 4.15337 -87.54335
757 -133.79833861689605 -29.42582072335546 -82.27093333877123 -140.9762 4.156256 -87.7514
758 -133.2587906091833 -29.506771828456664 -82.54187855252688 -140.3921 4.158657 -87.92431
759 -132.69677091553083 -29.53997463636018 -82.79097962180423 -139.7985 4.160018 -88.08758
760 -132.09855625606372 -29.58063462772774 -83.05072165095933 -139.1586 4.162171 -88.21988
761 -131.47758040620033 -29.62358666376769 -83.27252947873481 -138.5086 4.166045 -88.33879
762 -130.83616172716742 -29.677140534348734 -83.51282119521593 -137.8281 4.168871 -88.43333
763 -130.13935149273908 -29.735924048528492 -83.67805690035448 -137.1128 4.171257 -88.50147
764 -129.41221621538878 -29.812643946151134 -83.7618402694827 -136.3792 4.171706 -88.56031
765 -128.6769838389067 -29.865269658574938 -83.96969656747092 -135.6148 4.169899 -88.60753
766 -127.91502888650855 -29.918454104583393 -84.17283758107409 -134.8254 4.168382 -88.64646
767 -127.11758158521668 -29.98845087390791 -84.31505412457888 -134.0129 4.164762 -88.67609
768 -126.30204119542408 -30.065074038145696 -84.46691204080025 -133.1801 4.156812 -88.69656
769 -125.46051159229478 -30.12628559516171 -84.5886987928291 -132.3277 4.147637 -88.70556
770 -124.59209922248702 -30.177837773264102 -84.68340041801981 -131.4527 4.136633 -88.70109
771 -123.69936874836716 -30.23842241410672 -84.78943311095793 -130.552 4.122623 -88.68049
772 -122.79434186361036 -30.294145102489043 -84.9537496684523 -129.6312 4.103983 -88.64953
773 -121.86135441932367 -30.353125966365575 -85.08000847988271 -128.6888 4.084791 -88.61212
774 -120.91076424516156 -30.407105299014322 -85.24181518216106 -127.7239 4.065878 -88.57569
775 -119.93906872802945 -30.482535302258597 -85.4126821222663 -126.7352 4.048213 -88.54051
776 -118.9542262633673 -30.591065601595975 -85.63284320792842 -125.721 4.031067 -88.50489
777 -117.92695218436008 -30.702939950399923 -85.73549009538516 -124.6835 4.013952 -88.46433
778 -116.88279407445108 -30.79685719233382 -85.86034373739365 -123.6288 3.99689 -88.4197
779 -115.82027116685083 -30.90360573837505 -86.00095485200335 -122.5531 3.978093 -88.36834
780 -114.73829670925082 -31.020855663120045 -86.12670835042161 -121.4602 3.960347 -88.29428
781 -113.64031034278975 -31.12452575383175 -86.2788218462279 -120.3502 3.940654 -88.21078
782 -112.5238922277138 -31.250488378831513 -86.35593874212915 -119.2271 3.920264 -88.13057
783 -111.39095112503578 -31.380413935526853 -86.44946291122511 -118.0866 3.901849 -88.04055
784 -110.24441754381989 -31.498751982906445 -86.58262880288909 -116.9301 3.883303 -87.94868
785 -109.07845162138258 -31.607418957819846 -86.65212283113655 -115.7614 3.867981 -87.84858
786 -107.90419101005612 -31.705593890780893 -86.79228556877126 -114.5794 3.849717 -87.74507
787 -106.71306184924791 -31.81767094825006 -86.89178555307952 -113.3837 3.830963 -87.63924
788 -105.5184250462124 -31.94187204931573 -87.003918493896 -112.1817 3.81218 -87.53924
789 -104.31644417395475 -32.058410164245544 -87.09375298794126 -110.9751 3.791845 -87.43868
790 -103.12361572281381 -32.19136823334806 -87.19624486523016 -109.7745 3.771694 -87.34289
791 -101.93563635401858 -32.31101603360804 -87.30705571176527 -108.5794 3.750574 -87.24708
792 -100.75087251491901 -32.42775779692648 -87.44217770684872 -107.3857 3.726738 -87.14676
793 -99.57003858505504 -32.53551018808444 -87.56712808398208 -106.1976 3.701746 -87.04988
794 -98.38733257345488 -32.64283991408304 -87.66869322523573 -105.0099 3.677172 -86.95296
795 -97.20450223689168 -32.78614631358156 -87.72254030011021 -103.8211 3.653224 -86.85966
796 -96.02495339400096 -32.89392737652425 -87.8649471513748 -102.6322 3.628733 -86.76401
797 -94.8448141488167 -33.01695750221187 -87.97179333186429 -101.4446 3.607239 -86.67222
798 -93.66762697074356 -33.118445537615735 -88.08828690907356 -100.2617 3.588698 -86.572
799 -92.49835474058169 -33.26015908630682 -88.17524405452842 -99.08436 3.569432 -86.48067
800 -91.32626036409428 -33.37894338909402 -88.15673565875933 -97.91011 3.547496 -86.38626
801 -90.16029335161578 -33.489279475554476 -88.28129760487657 -96.73614 3.526824 -86.29387
802 -89.00266055783224 -33.62131798147836 -88.44910671684401 -95.56279 3.506517 -86.20143
803 -87.83445895998244 -33.73806884844262 -88.46666302705611 -94.3923 3.490095 -86.11023
804 -86.67644243305656 -33.86066927194259 -88.54644455991391 -93.22888 3.474064 -86.01752
805 -85.53140980920446 -34.016777841183995 -88.66339172468412 -92.07077 3.457332 -85.93007
806 -84.3846050274011 -34.14319339695531 -88.77617652459934 -90.91482 3.439932 -85.8444
807 -83.23832799230135 -34.27994592267767 -88.8596623144112 -89.76083 3.420499 -85.7575
808 -82.09919826659699 -34.4189782569057 -89.00241623189427 -88.60756 3.402298 -85.67406
809 -80.96510791125291 -34.5627881742757 -89.14853452407777 -87.45822 3.383825 -85.59118
810 -79.84400790129453 -34.73808006877471 -89.31501883150418 -86.31428 3.36566 -85.5113
811 -78.7101529504495 -34.85761834995496 -89.35461679979363 -85.17639 3.347256 -85.4316
812 -77.58354292876572 -34.966073504502276 -89.4651012318092 -84.04212 3.327124 -85.35257
813 -76.46639196973476 -35.10239207120041 -89.6513477398397 -82.90481 3.306136 -85.26665
814 -75.350071582371 -35.21553421349194 -89.81580964398373 -81.77442 3.285675 -85.17822
815 -74.22907782431416 -35.328776620158315 -89.9258239350146 -80.64658 3.266626 -85.08247
816 -73.11354423165956 -35.47221990756354 -89.96384895285122 -79.52584 3.245394 -84.98283
817 -72.0072480189333 -35.61059590079241 -90.07955520454682 -78.40969 3.221768 -84.88244
818 -70.89604028580568 -35.73752299780029 -90.20447401185193 -77.28896 3.191912 -84.78461
819 -69.79268686844645 -35.86010142130102 -90.34454186211663 -76.17485 3.162484 -84.68498
820 -68.69071493668618 -36.012681801038745 -90.43471445380956 -75.06363 3.133853 -84.58436
821 -67.59040736423643 -36.12721091184641 -90.5542352343766 -73.95599 3.108503 -84.48155
822 -66.4929948403839 -36.25411952153493 -90.6787576669041 -72.84964 3.082721 -84.37548
823 -65.40023390131604 -36.397253441227 -90.77860006862846 -71.74856 3.05932 -84.26751
824 -64.30964329967051 -36.54023031949712 -90.8686071063731 -70.65049 3.035851 -84.1597
825 -63.22122258812467 -36.67910803832581 -90.94081564566726 -69.5564 3.014567 -84.05165
826 -62.134775815380614 -36.820893804266724 -91.02032311718139 -68.4631 2.993483 -83.94657
827 -61.045775285011615 -36.961452513230945 -91.07357804889055 -67.36871 2.973202 -83.84452
828 -59.95669232809895 -37.11824645103701 -91.158519828679 -66.26978 2.959134 -83.74424
829 -58.87156451457057 -37.26841776402463 -91.26285487333654 -65.17361 2.945193 -83.64855
830 -57.77731240386465 -37.40881862210127 -91.3342060165367 -64.07225 2.930056 -83.55385
831 -56.70245518469792 -37.54444664661838 -91.43025483381066 -62.98846 2.914583 -83.46386
832 -55.61155117865116 -37.67287320443019 -91.45177913553583 -61.89385 2.894478 -83.37192
833 -54.52856168406833 -37.80641538710921 -91.55726626093289 -60.80165 2.873362 -83.27983
834 -53.45759490716206 -37.923189073998955 -91.63485524789091 -59.72532 2.851534 -83.19229
835 -52.393530898090155 -38.0429157851724 -91.73942691874596 -58.65323 2.82608 -83.10582
836 -51.33937045609888 -38.16114356943194 -91.86198922869004 -57.58891 2.801637 -83.02288
837 -50.26885529801996 -38.28559149952156 -91.949997292046 -56.51193 2.779651 -82.92872
838 -49.20704490644699 -38.42500527093234 -92.05601035598002 -55.43924 2.756445 -82.84557
839 -48.13964923691506 -38.55747608772421 -92.15394116108226 -54.36293 2.73159 -82.75948
840 -47.07522903283903 -38.670893066938945 -92.28429891700625 -53.28795 2.707333 -82.67777
841 -46.01668808449802 -38.774700408834555 -92.45041386065331 -52.21491 2.68434 -82.59449
842 -44.95970572662876 -38.906400591211 -92.52010713823562 -51.15105 2.663165 -82.50983
843 -43.918280453236626 -39.035024204711654 -92.59972796063244 -50.10238 2.644628 -82.42382
844 -42.880376109358195 -39.1728340589465 -92.70981829860558 -49.05334 2.626537 -82.33696
845 -41.8401065323043 -39.278762258271854 -92.82833105179606 -48.00472 2.609242 -82.25022
846 -40.811206684104256 -39.42858480750983 -92.95370863758299 -46.96133 2.59164 -82.16174
847 -39.775042503744814 -39.55445534957585 -93.07712336737262 -45.91385 2.573083 -82.07717
848 -38.72466066165973 -39.658642560323266 -93.20485280929819 -44.85398 2.560563 -81.99356
849 -37.68309169648246 -39.80412720406687 -93.35340030250933 -43.795 2.547118 -81.91307
850 -36.631808793060024 -39.94281618669454 -93.48117221409552 -42.72975 2.539457 -81.836
851 -35.58503029565909 -40.086581579551044 -93.60766481334487 -41.66873 2.528194 -81.75523
852 -34.53469574437871 -40.22423678856342 -93.73034555777686 -40.60585 2.51585 -81.66958
853 -33.48957536914409 -40.35089834660006 -93.8250986019768 -39.55165 2.50395 -81.5933
854 -32.43930716185641 -40.46741213480605 -93.88447911934244 -38.49644 2.488082 -81.51302
855 -31.40347760937713 -40.58950019684266 -94.02915175823351 -37.44699 2.467897 -81.4292
856 -30.36940407664766 -40.7375446222843 -94.14787003637565 -36.39931 2.449328 -81.34352
857 -29.338524428797058 -40.86725206816906 -94.24863318038409 -35.35893 2.430647 -81.26015
858 -28.314059039164587 -40.980450358656604 -94.37344052872899 -34.32413 2.409772 -81.17846
859 -27.295071392129085 -41.124575045872724 -94.49905288966491 -33.29069 2.388158 -81.09833
860 -26.27943013374964 -41.221796771580365 -94.62786481630151 -32.26565 2.364654 -81.01888
861 -25.252578455183123 -41.33800791352332 -94.68104213889715 -31.23423 2.341459 -80.93893
862 -24.234010847266767 -41.46539651915012 -94.78553520854298 -30.20542 2.319947 -80.86334
863 -23.219743947210972 -41.57345000175619 -94.89836562289968 -29.18198 2.301513 -80.79003
864 -22.212953784269448 -41.68397746541981 -95.01630355619197 -28.16485 2.28654 -80.7195
865 -21.21038697284199 -41.78494180520638 -95.11364500610742 -27.15493 2.273856 -80.65087
866 -20.212933162232357 -41.90144288514764 -95.2615930300781 -26.14248 2.258338 -80.5796
867 -19.205748128963325 -41.99365549439693 -95.33305748934482 -25.13087 2.24336 -80.51287
868 -18.215480863035467 -42.11239011547331 -95.47328074254703 -24.12616 2.224417 -80.44513
869 -17.229237321935432 -42.23661068788411 -95.6240252969342 -23.12314 2.200874 -80.38011
870 -16.241618312128328 -42.36505077726104 -95.67881186784786 -22.12814 2.179186 -80.31382
871 -15.269935382111637 -42.47426318009641 -95.85947541039336 -21.13624 2.158118 -80.2473
872 -14.322636921799146 -42.5602748253319 -96.09359231626404 -20.15914 2.136539 -80.18102
873 -13.374133043902722 -42.68239163313248 -96.15009930692034 -19.20344 2.115684 -80.11803
874 -12.453417906179578 -42.80812391026213 -96.2935502820137 -18.26545 2.094794 -80.05605
875 -11.546219217923463 -42.937564463036594 -96.4181115606994 -17.34296 2.076612 -79.99311
876 -10.655769092239026 -43.04372124381435 -96.54318684781668 -16.43997 2.056734 -79.92964
877 -9.784508961054113 -43.156827385102844 -96.64444022067147 -15.55805 2.038136 -79.86631
878 -8.945492549592313 -43.26074265754276 -96.79709308290305 -14.70187 2.021472 -79.79755
879 -8.115573102887149 -43.37452096921795 -96.88434256283804 -13.86242 2.006898 -79.73095
880 -7.301726049720745 -43.45739714009651 -96.87894473717756 -13.04799 1.982635 -79.65774
881 -6.506709567980099 -43.54347245609049 -96.90382019080668 -12.25209 1.955701 -79.58095
882 -5.730575117042924 -43.66178277345212 -96.9102979385044 -11.471 1.931372 -79.50525
883 -4.979601648402681 -43.725624422858814 -97.01706765169813 -10.71407 1.907256 -79.42836
884 -4.245298841644836 -43.81631045342648 -97.0448419714454 -9.978597 1.882125 -79.34685
885 -3.5314305067698784 -43.868254497271295 -97.09100180161082 -9.267307 1.855018 -79.25871
886 -2.839219211895867 -43.93076462452395 -97.15635445322263 -8.577034 1.82462 -79.15904
887 -2.179288739871266 -43.92852997230081 -97.03500780175328 -7.915426 1.793514 -79.05159
888 -1.5372690550500108 -44.04589257037121 -97.00689441374725 -7.272311 1.764992 -78.94049
889 -0.920830814988308 -44.13760289509186 -96.99798901800887 -6.660991 1.73223 -78.82344
890 -0.31616119173458235 -44.18027418583587 -97.01357381243923 -6.068827 1.702411 -78.69639
891 0.29214520088443674 -44.21354865063763 -96.9322835335371 -5.472914 1.669583 -78.54955
892 0.8427445002402777 -44.25106674900662 -96.92682390089143 -4.940333 1.642761 -78.4073
893 1.4207269465697137 -44.303058440149904 -96.91436701492022 -4.382647 1.616116 -78.24856
894 1.9515629781386867 -44.393555909831235 -96.87132746427923 -3.86783 1.594797 -78.08627
895 2.4861016597498753 -44.45907100411004 -96.81727476653889 -3.358995 1.576012 -77.90275
896 3.0119065332839203 -44.50678528500038 -96.76795941573451 -2.864838 1.557809 -77.71129
897 3.5243357956589985 -44.52210811084727 -96.66700001131969 -2.385605 1.5388 -77.50396
898 4.020521340791266 -44.57919469205171 -96.55249074971967 -1.921735 1.519288 -77.28713
899 4.479181026569041 -44.6534027117175 -96.34538718156954 -1.46975 1.500554 -77.05448
900 4.942655198833853 -44.741223103298445 -96.1514233852801 -1.027851 1.487556 -76.80012
901 5.391775089165888 -44.813444031712514 -95.94049673245794 -0.6036779 1.472946 -76.53314
902 5.796163345466652 -44.84373514654818 -95.65535489181345 -0.2051226 1.455786 -76.23884
903 6.209865556451597 -44.90288645327191 -95.3888982835974 0.166806 1.434811 -75.91192
904 6.67337914363428 -44.94573452073271 -95.25532399889877 0.5205388 1.418536 -75.58157
905 7.102886684193742 -44.98547489145843 -95.04452665720306 0.8592366 1.400138 -75.24181
906 7.50588408811903 -45.01881150393379 -94.78002093291396 1.18203 1.376718 -74.88301
907 7.828901930049336 -45.059547548062625 -94.43501375362719 1.473046 1.350348 -74.50932
908 8.097333418570747 -45.11686059217929 -94.04496015414468 1.733786 1.324453 -74.11079
909 8.39008311781311 -45.17615439922912 -93.68280653633997 1.977241 1.308518 -73.70973
910 8.674334958331901 -45.233595132165334 -93.3093366155613 2.211269 1.295259 -73.29908
911 9.034389655114465 -45.29735190476577 -92.99281631125619 2.4317 1.282661 -72.8688
912 9.277487912578877 -45.361417490464106 -92.58672645542144 2.625592 1.26876 -72.43254
913 9.526011579235714 -45.40178631820428 -92.16767079652715 2.77869 1.258343 -71.96837
914 9.749381191870457 -45.4667773761984 -91.75160217377339 2.915642 1.253995 -71.5118
915 9.978577439019077 -45.527121189722756 -91.33805123823181 3.046312 1.25835 -71.05343
916 10.16341467781941 -45.56270999999533 -90.88835614791388 3.160868 1.257972 -70.57958
917 10.32599239965735 -45.61874258056552 -90.43293924933562 3.257933 1.264619 -70.1026
918 10.536473557042154 -45.655812015908396 -89.98291796017442 3.33279 1.267119 -69.61007
919 10.662999467508005 -45.70710067078832 -89.50449467847254 3.394982 1.272526 -69.11648
920 10.785811747702997 -45.768226004509884 -89.01497886187441 3.452999 1.270676 -68.61143
921 10.925326374508144 -45.82680046976159 -88.520293730781 3.505748 1.267062 -68.09683
922 11.089565395193457 -45.88097655345891 -88.02661458909124 3.551082 1.26175 -67.57573
923 11.223673941295393 -45.95345706021545 -87.51793575008992 3.59156 1.259481 -67.04625
924 11.364272145182126 -46.03058239696214 -87.00061256913285 3.623078 1.252875 -66.5056
925 11.451220967798637 -46.10073522168694 -86.4560599330124 3.647772 1.243096 -65.95034
926 11.582508077485414 -46.17740814255662 -85.90300422461368 3.663801 1.234892 -65.37705
927 11.697040023872608 -46.25321175471961 -85.33212652718909 3.673887 1.227201 -64.79002
928 11.838038850811188 -46.335309476823134 -84.74949113736339 3.677308 1.218704 -64.18504
929 11.938593805430928 -46.404376210256046 -84.13983614045176 3.675967 1.209466 -63.56337
930 12.02605091895545 -46.49016019291263 -83.51358152742402 3.664022 1.199856 -62.92543
931 12.09621926990783 -46.56853758839666 -82.86757681124018 3.643049 1.189755 -62.27133
932 12.217665687770376 -46.66990873747602 -82.21697816163531 3.617203 1.179028 -61.60236
933 12.363004073173535 -46.77107610110339 -81.55294643418166 3.591227 1.168096 -60.9157
934 12.47953120728001 -46.85738154430864 -80.86084216428364 3.556391 1.152451 -60.2096
935 12.513941627961394 -46.947015269650585 -80.15015527217513 3.520319 1.139602 -59.49348
936 12.587905564607118 -47.06061788481329 -79.42878004305088 3.485568 1.128869 -58.76038
937 12.704021628262206 -47.1205298527683 -78.69168059807076 3.451301 1.117531 -58.01266
938 12.763314165647948 -47.221689001672146 -77.9424052819363 3.415287 1.106594 -57.2552
939 12.960989393952893 -47.33747022849583 -77.2150632187784 3.375737 1.094891 -56.49375
940 13.091201869390078 -47.46344943438131 -76.47140531854875 3.332427 1.084248 -55.72964
941 13.221134052338414 -47.53542613148378 -75.7201285347064 3.288581 1.074394 -54.96514
942 13.395898545136891 -47.6143737293332 -74.9815834056813 3.243097 1.064884 -54.20352
943 13.530071911428703 -47.735580274708155 -74.23593705633319 3.192353 1.056466 -53.43799
944 13.630984834009102 -47.84275866983957 -73.48313433024 3.132861 1.04964 -52.67327
945 13.73911745979074 -47.953492204899476 -72.73019544970141 3.069795 1.042836 -51.90721
946 13.901390461302277 -48.046177347937956 -71.9857680302881 3.005492 1.035311 -51.14242
947 13.985051747786432 -48.12927909069522 -71.22586024298064 2.937896 1.027891 -50.37643
948 14.096095693491344 -48.23942420176989 -70.4749120797772 2.871709 1.018952 -49.61228
949 14.218583812194721 -48.35168454299821 -69.72384326193105 2.80322 1.010036 -48.84616
950 14.313171174562237 -48.440734926075024 -68.96842901859209 2.741985 0.9980856 -48.0822
951 14.393293224000617 -48.55133783462464 -68.21529913825566 2.690256 0.9818285 -47.31871
952 14.50240330676577 -48.64549540171892 -67.4638756321101 2.632847 0.9665624 -46.5559
953 14.621726830246306 -48.750092765717525 -66.71958446754289 2.573747 0.9515027 -45.79733
954 14.696117850737187 -48.871995782089854 -65.97306478756408 2.514617 0.9390078 -45.03968
955 14.77598754664181 -48.98216685946979 -65.22962045529009 2.455917 0.9260055 -44.28628
956 14.9107005840181 -49.08241569170907 -64.49533470725858 2.395278 0.9139468 -43.53558
957 15.012495606569889 -49.181534879490926 -63.757966354673414 2.336487 0.9025269 -42.78704
958 15.038058288422695 -49.272482694530005 -63.01841042690725 2.281395 0.8911355 -42.0436
959 15.141189912668032 -49.37409271647468 -62.291054262543526 2.229024 0.8765595 -41.30397
960 15.255455860621574 -49.468260312883004 -61.574249909736075 2.176053 0.8564019 -40.57423
961 15.356947868377409 -49.5789663183886 -60.867327274240765 2.128161 0.8397655 -39.85331
962 15.436851571198359 -49.676426216221984 -60.16529581744496 2.080478 0.8233957 -39.14184
963 15.50625163381748 -49.77079460850692 -59.47214479910303 2.023801 0.8103769 -38.44127
964 15.559678899828588 -49.86805022038483 -58.79173251323377 1.97541 0.7933529 -37.75378
965 15.672576321718946 -49.94857705758011 -58.12967500487164 1.93323 0.7801851 -37.0788
966 15.743402994121485 -50.03828009649642 -57.47408901358666 1.89552 0.7597285 -36.41471
967 15.809558496469796 -50.11829138152255 -56.82347252407306 1.851613 0.7422292 -35.75756
968 15.882092816395717 -50.209668729636896 -56.18051251508337 1.807991 0.7220826 -35.10587
969 15.949242769994937 -50.29932226146686 -55.54091446102213 1.766675 0.7015109 -34.45818
970 16.004313028544747 -50.38833867888937 -54.90355431292934 1.727417 0.6817103 -33.81378
971 16.104408231935395 -50.49323384209371 -54.28189820567508 1.687773 0.6642943 -33.17691
972 16.197679332012726 -50.5954728646572 -53.66315105985908 1.645582 0.6488052 -32.54447
973 16.264929153037677 -50.676500177982135 -53.04314470769448 1.602843 0.6337501 -31.91722
974 16.329355867763788 -50.75324817427656 -52.425811420562525 1.561553 0.6192475 -31.29334
975 16.394797978873704 -50.81898092184155 -51.81262440876606 1.524724 0.6035847 -30.67447
976 16.507929774384674 -50.910245096393744 -51.21338408107536 1.488055 0.5854894 -30.05921
977 16.602986629702073 -51.001243594184935 -50.61612713690416 1.45003 0.5615753 -29.44928
978 16.669196733436085 -51.07500243512393 -50.01376339988402 1.412389 0.5423823 -28.84028
979 16.755203769551798 -51.16627291809279 -49.41979651065868 1.378315 0.5196914 -28.2346
980 16.82352347534074 -51.26766556404428 -48.82670646805899 1.340783 0.4975266 -27.63061
981 16.89160106751744 -51.349001119061015 -48.23286184524673 1.305986 0.4776523 -27.0287
982 16.98702607920043 -51.44555601067413 -47.648963722837934 1.267692 0.4591265 -26.43074
983 17.02795125458702 -51.53739631907044 -47.05929001662683 1.229249 0.4405908 -25.83408
984 17.109156301051325 -51.635932790775435 -46.4771694523659 1.191105 0.4256449 -25.23953
985 17.14888877791462 -51.72692590234357 -45.89146586045294 1.152074 0.4124776 -24.6469
986 17.222185215037097 -51.82067749382232 -45.31566749980995 1.111448 0.4026685 -24.06042
987 17.285789519183805 -51.899949339179265 -44.73929987401377 1.067365 0.3920096 -23.47692
988 17.363882241296306 -52.01007962340906 -44.174949263147546 1.022814 0.381693 -22.89845
989 17.43744186165364 -52.084652678907766 -43.610864718316655 0.9777518 0.3707154 -22.3266
990 17.524112674244783 -52.16911824201858 -43.061149920830054 0.9345741 0.3612177 -21.76546
991 17.556723059734885 -52.240680427374116 -42.51179760900514 0.8867823 0.3506486 -21.21267
992 17.622019435327523 -52.324166728408606 -41.97832310535381 0.8446471 0.3428022 -20.67046
993 17.736604530541015 -52.41454012749849 -41.46677191172144 0.8029049 0.3330321 -20.14023
994 17.815389238051367 -52.48979165057912 -40.95671818931303 0.7667103 0.3282057 -19.61995
995 17.893793585007735 -52.56720897819835 -40.459212199245364 0.7322119 0.3216458 -19.1116
996 17.971818668703964 -52.634590949221476 -39.973237868647544 0.6995025 0.3170837 -18.61591
997 18.042191597830715 -52.6941295979249 -39.497061915868805 0.6673674 0.3108239 -18.132
998 18.09941135065676 -52.75481591440297 -39.02859920066414 0.6355362 0.3060331 -17.65726
999 18.1785056376749 -52.82089011556743 -38.577960132929505 0.6017668 0.2964822 -17.19632
1000 18.231242212279703 -52.885052631057995 -38.13225345676401 0.5679449 0.2867121 -16.74431
1001 18.308282951182857 -52.955286491964074 -37.70628822947793 0.5366303 0.2753636 -16.30704
1002 18.38782260438463 -53.024818872391954 -37.297326382757646 0.5073413 0.2644759 -15.88581
1003 18.47730724083641 -53.0924051709451 -36.89028032425195 0.4756959 0.2538892 -15.46492
1004 18.536529357486053 -53.13774368219916 -36.526705375216316 0.4466098 0.2450817 -15.09502
1005 18.579367222261578 -53.192300389474944 -36.16362326493372 0.4170347 0.2363433 -14.72666
1006 18.60224348660901 -53.23709517421167 -35.82476837526685 0.3916312 0.2279003 -14.38514
1007 18.662787670288218 -53.283374200983346 -35.51239027554908 0.3699658 0.2140665 -14.06463
1008 18.703163198541255 -53.336019209434646 -35.214920250324184 0.3512582 0.2032018 -13.76062
1009 18.74096121288242 -53.38243451436769 -34.93410472027813 0.3319222 0.1919107 -13.47437
1010 18.799665819322566 -53.422886198347356 -34.667484131485594 0.3139292 0.1822253 -13.19914
1011 18.858637157104486 -53.45837209382194 -34.407117493196864 0.299516 0.1737489 -12.93035
1012 18.90802051977402 -53.50764484196699 -34.155800513549 0.2860852 0.1660659 -12.66999
1013 18.95725706205278 -53.55470725082695 -33.90550222855628 0.2755991 0.1593153 -12.41089
1014 19.0104476828058 -53.59517564742287 -33.656065431861 0.2638684 0.1529288 -12.153
1015 19.0653267450939 -53.633253830138415 -33.40843625218948 0.2561202 0.1472591 -11.8967
1016 19.123759734268276 -53.66779245606563 -33.16435785307668 0.2503151 0.1411226 -11.6435
1017 19.159956325139095 -53.69540665971579 -32.91570658590497 0.2385751 0.1355226 -11.39105
1018 19.18837016961387 -53.73475285331834 -32.66914961896622 0.2255563 0.1287714 -11.14019
1019 19.207446651553415 -53.7678594605497 -32.4248007911056 0.2115382 0.1228655 -10.89334
1020 19.262995168018996 -53.8085249960344 -32.1856923225128 0.1981649 0.1204292 -10.64489
1021 19.314113358517364 -53.8361769321936 -31.945382583986248 0.1839541 0.1141874 -10.39814
1022 19.372138415145308 -53.87420465860751 -31.708939010607732 0.1693736 0.1079282 -10.15224
1023 19.406265376637894 -53.90499420675236 -31.4681450208686 0.151201 0.1010753 -9.907869
1024 19.442948847806193 -53.9314330007593 -31.228827404553403 0.132765 0.09648987 -9.665059
1025 19.48286360018671 -53.9651570192473 -30.99316166814433 0.1131098 0.09200309 -9.424513
1026 19.514519810216406 -54.00938150451409 -30.75729713243361 0.09101141 0.08827309 -9.183499
1027 19.524344216986023 -54.03460910956914 -30.52158244030497 0.06543519 0.08241309 -8.94769
1028 19.556022281616567 -54.07830562174234 -30.292286454486153 0.04083069 0.07406821 -8.713565
1029 19.55358900850907 -54.09502058518097 -30.054763454506194 0.01685971 0.06895291 -8.476707
1030 19.5383120964271 -54.1194384590388 -29.82105363651144 -0.008130694 0.0653196 -8.242587
1031 19.51848514456038 -54.14019648690309 -29.587287130835566 -0.0370814 0.06224212 -8.008871
1032 19.6052988799616 -54.16084206915439 -29.372069227018667 -0.07086213 0.05793854 -7.778389
1033 19.590489120228646 -54.19912254453875 -29.144531888176573 -0.1055715 0.0505747 -7.549918
1034 19.58855619179774 -54.23943729329651 -28.917829729107567 -0.1332081 0.04493818 -7.321385
1035 19.67451064794731 -54.260453354545234 -28.706846066214116 -0.1584155 0.04066731 -7.09403
1036 19.729323444198396 -54.27992564596292 -28.48670624841095 -0.1817262 0.03554511 -6.867589
1037 19.766536910818402 -54.31963723395622 -28.262156087562765 -0.2082007 0.02607704 -6.638255
1038 19.8363795883621 -54.358572137606835 -28.04943299797232 -0.2343012 0.01689914 -6.41269
1039 19.800945722042332 -54.39285788409604 -27.829267571903554 -0.2605138 0.006487083 -6.188841
1040 19.848470203261375 -54.431200966992456 -27.61323206567675 -0.2848702 -0.002995286 -5.965868
1041 19.887000649002115 -54.45144620387725 -27.392522865104475 -0.3079171 -0.01257988 -5.742297
1042 19.949879946873992 -54.47432174708561 -27.17874369800005 -0.3276403 -0.02120828 -5.519328
1043 20.001185087072855 -54.50541074228282 -26.962929259743213 -0.3442492 -0.02776683 -5.296044
1044 20.043194180050023 -54.54558494788002 -26.742761560955223 -0.3603525 -0.03365884 -5.068979
1045 20.10481882206577 -54.590876110192795 -26.51975823312773 -0.3761889 -0.0401751 -4.833849
1046 20.175928784782627 -54.602272949858296 -26.283170810708683 -0.3883831 -0.04408253 -4.586875
1047 20.18556677487103 -54.65860233280652 -26.03033926487925 -0.4015895 -0.04852264 -4.32804
1048 20.214159526125812 -54.69422034278908 -25.76349715098131 -0.4129028 -0.05184738 -4.057574
1049 20.246153504953377 -54.74111244108353 -25.48752244628974 -0.4240876 -0.05696394 -3.77609
1050 20.2853402868009 -54.79193308607447 -25.201562425685864 -0.4312891 -0.06308662 -3.48317
1051 20.335453283106865 -54.848940858207854 -24.909508980858384 -0.4408512 -0.06990187 -3.181643
1052 20.37789535935565 -54.89730439192366 -24.607036767016265 -0.454006 -0.07544684 -2.872732
1053 20.398710101436556 -54.931075253978214 -24.292478471549597 -0.4645429 -0.08065293 -2.5559
1054 20.44189105313203 -54.980917369441904 -23.97450863189808 -0.4725894 -0.08314586 -2.231273
1055 20.479034636660888 -55.028570488121616 -23.64561698215079 -0.4804756 -0.08733471 -1.896997
1056 20.59234137574723 -55.07650354127377 -23.327739617537304 -0.4879376 -0.0933525 -1.556277
1057 20.618676730853625 -55.10200586613933 -22.980170909775776 -0.4929063 -0.09990064 -1.206877
1058 20.709610748688117 -55.14494927461686 -22.638398374199127 -0.4949177 -0.1050763 -0.8506597
1059 20.740543444532 -55.163499358861024 -22.274620542657164 -0.4997101 -0.1105933 -0.4851712
1060 20.836920262912894 -55.20333370421396 -21.912892822420567 -0.5088378 -0.1157865 -0.1088576
1061 20.957974998101268 -55.27315874965554 -21.551376099145294 -0.5209827 -0.1196282 0.2785206
1062 21.05451259290062 -55.35169526441974 -21.169713542715012 -0.5115556 -0.1105472 0.6797468
1063 21.194916544726382 -55.39664556830011 -20.78573723189507 -0.4737364 -0.09224491 1.0889
1064 21.314698736073776 -55.4812660661523 -20.40801333184234 -0.4339981 -0.08769902 1.492117
1065 21.519626411946938 -55.560403553974695 -20.072717155951388 -0.3883676 -0.0866064 1.890361
1066 21.588712354117767 -55.63215150771544 -19.6939275258853 -0.3696291 -0.09413486 2.281506
1067 21.611717943317455 -55.6760943735377 -19.309400460976573 -0.3685772 -0.09619576 2.669212
1068 21.63292523571819 -55.734235784914596 -18.93251418515113 -0.3877857 -0.09757224 3.05066
1069 21.58540919106931 -55.76931032929665 -18.558262245802368 -0.4147316 -0.0994854 3.428579
1070 21.599702621487793 -55.818497672930555 -18.186203581406293 -0.4428038 -0.1044886 3.803063
1071 21.60195276016654 -55.865991559122236 -17.815620247605736 -0.473375 -0.113 4.175334
1072 21.56739038098263 -55.918356693492136 -17.447200547204186 -0.5212578 -0.1244534 4.545801
1073 21.53722712566263 -55.983514297413166 -17.083976065765686 -0.5907949 -0.1371187 4.909245
1074 21.490313117198106 -56.04395770232255 -16.729775125218815 -0.6694622 -0.1454802 5.262875
1075 21.434623060176172 -56.081364782173694 -16.380092121389715 -0.754007 -0.1526452 5.608678
1076 21.40527149585071 -56.12662153648718 -16.03092216745968 -0.8389403 -0.1577788 5.951591
1077 21.391612105380535 -56.169119395194606 -15.681483914136855 -0.9296743 -0.162834 6.291946
1078 21.347558788516775 -56.23318482771648 -15.340410071974393 -1.032008 -0.1682553 6.626423
1079 21.292718555620723 -56.26768703084839 -14.998462996212018 -1.13596 -0.1742996 6.958512
1080 21.253789745276688 -56.301224503339014 -14.658500874683549 -1.22934 -0.1749966 7.289411
1081 21.21348438165749 -56.33648264657177 -14.324075820154944 -1.312862 -0.176227 7.617634
1082 21.21528677913171 -56.38054927928246 -13.99286258787416 -1.383808 -0.178361 7.944145
1083 21.19100175564827 -56.417729227902406 -13.685935097617936 -1.438607 -0.1800396 8.249384
1084 21.206487817711018 -56.44887275407893 -13.41245023433426 -1.485319 -0.1784785 8.521081
1085 21.181462738665658 -56.47160434529496 -13.180121999032199 -1.531094 -0.1800686 8.751345
1086 21.16733151997328 -56.50400748277526 -12.98465619796687 -1.56547 -0.1843807 8.946937
1087 21.15767767664848 -56.5205454771504 -12.824339526605478 -1.589383 -0.1876084 9.10658
1088 21.179591932803916 -56.53534486229086 -12.700706492274568 -1.603789 -0.1880929 9.232185
1089 21.179591932803916 -56.53534486229086 -12.700706492274568 -1.615795 -0.188175 9.324632
1090 21.179591932803916 -56.53534486229086 -12.700706492274568 -1.626597 -0.1885721 9.380866
1091 21.179591932803916 -56.53534486229086 -12.700706492274568 -1.634967 -0.1888051 9.405472
1092 21.179591932803916 -56.53534486229086 -12.700706492274568 -1.635852 -0.1890361 9.404838
1093 21.179591932803916 -56.53534486229086 -12.700706492274568 -1.636807 -0.1924645 9.386956
1094 21.179591932803916 -56.53534486229086 -12.700706492274568 -1.637558 -0.1977199 9.378778
1095 21.179591932803916 -56.53534486229086 -12.700706492274568 -1.640332 -0.1993791 9.376167
1096 21.179591932803916 -56.53534486229086 -12.700706492274568 -1.641127 -0.1963128 9.372464
1097 21.179591932803916 -56.53534486229086 -12.700706492274568 -1.643107 -0.1932542 9.369584
1098 21.179591932803916 -56.53534486229086 -12.700706492274568 -1.64354 -0.1932834 9.37105
1099 21.179591932803916 -56.53534486229086 -12.700706492274568 -1.643726 -0.1924916 9.370281
1100 21.179591932803916 -56.53534486229086 -12.700706492274568 -1.643555 -0.191078 9.367453
