0 0.0 0.0 0.0 5.551115e-17 0.0 2.220446e-16
1 0.0 0.0 0.0 -0.004596714 -0.002001524 0.09154274
2 0.0 0.0 0.0 -0.01001116 -0.004359704 0.1857373
3 0.0 0.0 0.0 -0.01753371 -0.006859665 0.2834672
4 -0.01447805430621548 -0.0007994921155389479 0.10342273359004582 -0.02863192 -0.00672666 0.38731
5 -0.04317320872750938 -0.0009242075063032736 0.2144769321399338 -0.04273697 -0.007303015 0.5011396
6 -0.03276347370764995 -0.0013464433991397658 0.3420204834416105 -0.06000009 -0.008065471 0.6279359
7 -0.1218945647357472 -0.007568868867464915 0.4509135338997074 -0.08275693 -0.008995 0.7669396
8 -0.1302321829375621 0.0025093752529355227 0.6048593784233114 -0.1090497 -0.01033982 0.9191805
9 -0.1230433678880524 0.0036916562515974787 0.7706501576688343 -0.1415335 -0.01195088 1.081913
10 -0.15520107961911453 -0.001618612772833484 0.9417601021600386 -0.1816057 -0.01604515 1.251378
11 -0.12510851304390233 0.007639935760407674 1.1206943302859453 -0.2325643 -0.02265364 1.425643
12 -0.17485940704897104 -0.005382473868348813 1.302345204364959 -0.293459 -0.03116429 1.60414
13 -0.20888619216775345 -0.017349048262275128 1.4958810983699555 -0.3616512 -0.03933357 1.78864
14 -0.28629391457745024 -0.042586815404456066 1.683847707180883 -0.4366243 -0.04313507 1.979231
15 -0.36391787891108013 -0.04031554176060558 1.8810875346540437 -0.5224919 -0.04573638 2.17302
16 -0.4389384584137307 -0.057280502753562584 2.0858502752019454 -0.620094 -0.04902232 2.368741
17 -0.5507220353309988 -0.06474890650745938 2.2787639145126533 -0.7248452 -0.05140743 2.565689
18 -0.669319501316128 -0.06633216810836834 2.468964257804827 -0.8394934 -0.05397789 2.758285
19 -0.7912805350330233 -0.06679699846893639 2.6658348773919727 -0.9687591 -0.05101001 2.950416
20 -0.8992885976229145 -0.06891764993932745 2.8738631885557457 -1.103633 -0.04676236 3.142085
21 -1.0072885625533392 -0.08003697899650956 3.0837992633135283 -1.242764 -0.04292676 3.333105
22 -1.1413458859280798 -0.0960389842157381 3.284440704209904 -1.392475 -0.04238966 3.523028
23 -1.2856867687820492 -0.09471210232714526 3.4901611619792434 -1.564446 -0.04491985 3.706267
24 -1.4404076167162183 -0.11163318316128852 3.702473990270282 -1.761568 -0.04899414 3.880703
25 -1.6986873578390178 -0.1583818244030859 3.7552154927220993 -1.969361 -0.05141144 4.049498
26 -1.9029671212708126 -0.16260134224384604 3.9387145356174864 -2.187835 -0.05358748 4.215884
27 -2.1306286540424333 -0.16927794368908766 4.105129787457898 -2.415527 -0.05318918 4.382391
28 -2.359396434997518 -0.1597970743421 4.289455208901538 -2.663146 -0.05287039 4.540774
29 -2.593730797788142 -0.17781891529524274 4.482025981651251 -2.929115 -0.05283789 4.68768
30 -2.869580609384188 -0.195921789192226 4.6379303239162555 -3.215512 -0.0513893 4.824434
31 -3.1750632484858703 -0.19281186143010795 4.7536528797122175 -3.517839 -0.04877551 4.948178
32 -3.2536506601065853 -0.19575258023374884 5.081624685593484 -3.836955 -0.04505658 5.057271
33 -3.5852285878182055 -0.2034467034272768 5.204136160919413 -4.17713 -0.03878842 5.153468
34 -3.949729623289694 -0.20681319124826464 5.23886377062733 -4.534335 -0.03325067 5.233794
35 -4.3271786256237466 -0.20961411202116 5.303560206189076 -4.911075 -0.02945435 5.302451
36 -4.7145775638756 -0.23552092280104503 5.362036844785596 -5.299329 -0.02697748 5.360943
37 -5.117258031811272 -0.24560663968841506 5.3944320896403175 -5.701357 -0.02303083 5.401694
38 -5.538263199548827 -0.24404619397573984 5.380214134815541 -6.122091 -0.01604266 5.42129
39 -5.9752524176368205 -0.24263861580280574 5.371894115651658 -6.558994 -0.005757046 5.427674
40 -6.422008333820422 -0.23723314817516522 5.31600686226099 -7.009091 0.006191584 5.424017
41 -6.886169646352533 -0.2439255323247203 5.296129814351701 -7.473426 0.01625113 5.410697
42 -7.363201317721308 -0.24856578138147545 5.275178358133198 -7.950411 0.02306424 5.389282
43 -7.856659681134811 -0.24431948507468723 5.229975839553582 -8.444612 0.03066422 5.353644
44 -8.366334388988411 -0.2532550494076213 5.206369905644916 -8.953007 0.04057477 5.310729
45 -8.888420775783754 -0.2601342164025388 5.117851946540767 -9.480377 0.05248992 5.263869
46 -9.432226278781123 -0.25864209034083335 5.078031695727813 -10.02302 0.06141731 5.211227
47 -9.984665892799141 -0.2527725294571149 4.991281211931151 -10.57921 0.06596199 5.153075
48 -10.55702102477815 -0.25081442923454766 4.916836367394724 -11.15274 0.06936405 5.08836
49 -11.140583485703296 -0.23846769353061248 4.830393784050017 -11.73941 0.07855473 5.02588
50 -11.743895615553656 -0.23404905422403738 4.755858103952181 -12.34412 0.09123047 4.964841
51 -12.363354118089035 -0.23525533114955244 4.685435926755895 -12.96427 0.1026715 4.901812
52 -12.999155777421526 -0.24373091816196127 4.618742979131116 -13.60015 0.1095163 4.835681
53 -13.648022639010078 -0.26391702154722907 4.530659028261775 -14.25164 0.1178242 4.767225
54 -14.303389760403968 -0.2685085191939314 4.414762061538163 -14.91341 0.1296149 4.697363
55 -14.971993062070457 -0.2799134726317027 4.271799409891798 -15.59372 0.1450798 4.629999
56 -15.665317597199 -0.2841953265736292 4.170820581794166 -16.29098 0.1622254 4.563302
57 -16.373315010490575 -0.2761495920900309 4.056277763614168 -17.00478 0.1770188 4.49463
58 -17.095623567949243 -0.2962651084650527 3.940903447255186 -17.73322 0.1905594 4.426532
59 -17.826925132975493 -0.3190695935159204 3.8180214080731645 -18.47183 0.2092753 4.359249
60 -18.578225791992015 -0.3296644350535332 3.7360825294429882 -19.22427 0.2305555 4.290984
61 -19.339667944544253 -0.33555976658953335 3.641453675459364 -19.98833 0.2503189 4.223122
62 -20.121833378773314 -0.3405276364841739 3.550886578872016 -20.7731 0.2703516 4.161929
63 -20.910875211710533 -0.3542547584366612 3.4635506018930897 -21.56448 0.2880249 4.100217
64 -21.702862363912786 -0.3702254363907478 3.335108402791941 -22.36419 0.3062236 4.035961
65 -22.50097874012162 -0.3996795761708669 3.254280994126021 -23.16415 0.3216152 3.971019
66 -23.303000701049573 -0.4290544454177958 3.1621120440649038 -23.9695 0.3342058 3.90897
67 -24.121454565747513 -0.44037643141064275 3.083546861553653 -24.78947 0.3492536 3.849052
68 -24.949817412936113 -0.43868000462566414 3.007286151494324 -25.61886 0.3615096 3.786079
69 -25.784087843282943 -0.4560829278707282 2.871401580407523 -26.46136 0.3717697 3.716343
70 -26.627963764798523 -0.4689202608030403 2.776217990567829 -27.30755 0.3854991 3.644752
71 -27.461539079395514 -0.4882754675337555 2.6171509744466523 -28.15287 0.4028815 3.569541
72 -28.29537652417133 -0.5310204492705651 2.4666912670511336 -28.99762 0.4194172 3.492898
73 -29.130693711067195 -0.5466730059821918 2.353722427783816 -29.83721 0.4370064 3.41846
74 -29.962516652434136 -0.5608201369362472 2.2348959282871528 -30.67424 0.4566603 3.346046
75 -30.79690583072815 -0.5770499625424171 2.10174604673382 -31.51586 0.4763855 3.27199
76 -31.62950137603322 -0.5662318188411373 1.9774901795322464 -32.35442 0.4917256 3.198821
77 -32.47097317203398 -0.5721796478488272 1.9092396819340822 -33.19517 0.5076454 3.123626
78 -33.29909047393462 -0.5892504353051168 1.8084859012919752 -34.02626 0.5241899 3.051261
79 -34.132023910667606 -0.5718571791650483 1.7288280861693832 -34.86004 0.5386702 2.980358
80 -34.96290886935618 -0.5739058713372585 1.6100861371634971 -35.69639 0.550032 2.910621
81 -35.80247136104857 -0.5733950244248441 1.5895711135334858 -36.53345 0.5579548 2.843137
82 -36.640381890763585 -0.5814062223582105 1.4960649738752632 -37.37375 0.5707777 2.77507
83 -37.48169636476382 -0.5845700000928475 1.429693369287226 -38.21476 0.5878615 2.706985
84 -38.30939112392553 -0.5823169827835524 1.3026967448484104 -39.04918 0.6055646 2.638855
85 -39.14401992927532 -0.5914086751794555 1.2687669741631526 -39.88167 0.6246496 2.572257
86 -39.97236561594109 -0.6253802565512833 1.1870221659319753 -40.71171 0.6464858 2.504806
87 -40.79088191076683 -0.6630707337599775 1.0564568730561876 -41.5384 0.6640169 2.436154
88 -41.617535727054594 -0.6845139910578603 0.9829588648453026 -42.3652 0.6807227 2.363072
89 -42.443423504257005 -0.6676495922353511 0.9062747389497646 -43.19143 0.6977483 2.290205
90 -43.26133552801973 -0.6980183147620919 0.7912254947509799 -44.01519 0.7092788 2.223683
91 -44.07806232313995 -0.7414438905757733 0.674926200518762 -44.83883 0.7206987 2.160908
92 -44.88695288815676 -0.716512193598669 0.5146995197181626 -45.66121 0.7331961 2.096619
93 -45.70589577777965 -0.7126721308274618 0.414644889585283 -46.48335 0.7434451 2.028253
94 -46.50750233911694 -0.7315713162790978 0.21198124260431692 -47.30744 0.7534145 1.959122
95 -47.32289240653975 -0.7449337160324669 0.13799408004341007 -48.12333 0.7646921 1.890493
96 -48.128749392057856 -0.7636838111032803 0.032601290157436444 -48.93314 0.7767209 1.820295
97 -48.92140933699924 -0.7944396900237347 -0.11239738383616484 -49.73553 0.7874193 1.740695
98 -49.716945151344476 -0.7965861387467792 -0.2075792221990943 -50.53252 0.7989932 1.659366
99 -50.50318687538859 -0.7988773611841469 -0.35920363595192906 -51.32871 0.8126433 1.575304
100 -51.29103727666547 -0.8048660832092445 -0.4876895061480304 -52.12276 0.8219496 1.493752
101 -52.08190754790414 -0.8015026697995272 -0.5856738139841656 -52.9159 0.8317695 1.416807
102 -52.8644373951101 -0.8033781027898501 -0.6949006244905255 -53.70196 0.8419538 1.337479
103 -53.63995292205037 -0.8107894418627875 -0.8226661572680307 -54.484 0.8494927 1.258994
104 -54.41476611416322 -0.821850291290838 -0.9324955274329334 -55.26303 0.8601357 1.184702
105 -55.184428521850315 -0.8228994102882153 -1.050309620764204 -56.03808 0.8696735 1.110756
106 -55.95731617776313 -0.8284499904873599 -1.1269414430579137 -56.81074 0.8820234 1.032637
107 -56.717491786583786 -0.839600716972433 -1.2340337763530589 -57.5746 0.8957003 0.956539
108 -57.46658931158266 -0.856329092336827 -1.3581866067655892 -58.33039 0.9106542 0.883063
109 -58.21014921650244 -0.860395812849347 -1.4626421155342764 -59.07759 0.9234551 0.8100074
110 -58.93922329416934 -0.8801781711894604 -1.565882289383922 -59.8104 0.9337799 0.7359683
111 -59.66295162252868 -0.8599809208983045 -1.6589041537113296 -60.53658 0.9432177 0.6623665
112 -60.36917351322537 -0.88134359973044 -1.7502813464486773 -61.24548 0.9508013 0.5919478
113 -61.06712932260961 -0.9001295126762647 -1.7521538911318177 -61.94033 0.9565112 0.5237598
114 -61.73714482978284 -0.9061325619171079 -1.8831522989070777 -62.62022 0.960729 0.4617179
115 -62.39597923497669 -0.8985780143989913 -1.9894982454313122 -63.28551 0.9654748 0.4088407
116 -63.04503576476347 -0.8854965019802445 -2.0458330591669105 -63.93546 0.9696725 0.3622951
117 -63.674882945563645 -0.8848794603970994 -2.1370662629512793 -64.57047 0.974213 0.3201877
118 -64.28957229032815 -0.8920435441532768 -2.220845149140811 -65.18991 0.9801827 0.2859581
119 -64.8884606969095 -0.8718656877235718 -2.278033145472683 -65.79136 0.9882448 0.2627668
120 -65.47076333146124 -0.8775324975491589 -2.3268745862302223 -66.37563 0.9966522 0.2555668
121 -66.03225750868873 -0.8726673042037506 -2.328414974884601 -66.93703 1.003712 0.2646196
122 -66.57031645742002 -0.8722901611423641 -2.3801063347466833 -67.47673 1.009213 0.2941699
123 -67.07550043999788 -0.8900020279651617 -2.274665927679772 -67.99052 1.013813 0.3455598
124 -67.57202244496061 -0.8913553786022115 -2.2884925891295897 -68.48214 1.016477 0.4164808
125 -68.05203705041967 -0.8892486642267875 -2.2753582254308515 -68.95412 1.019824 0.5048813
126 -68.50858975829222 -0.8908635582582224 -2.2045329500348085 -69.40376 1.021543 0.6110892
127 -68.96613128385174 -0.9018974679475987 -2.1308667878103846 -69.84846 1.023928 0.7419667
128 -69.21904489070289 -0.9249283464401981 -1.7604717345491991 -70.27047 1.024337 0.8955753
129 -69.39592888236302 -0.9178612595750455 -1.3456608180603709 -70.68171 1.023888 1.080744
130 -69.81938828568302 -0.9137874805015153 -1.2343640612884754 -71.06861 1.025888 1.285746
131 -70.19723886884411 -0.9084893672938832 -0.9983538772428401 -71.45144 1.032362 1.51356
132 -70.59317796012347 -0.899503023469057 -0.8179900629021235 -71.81419 1.040291 1.753829
133 -70.96084856428165 -0.900586908141588 -0.5740941315708014 -72.17075 1.045549 2.013647
134 -71.32305505880412 -0.9044129019556784 -0.3242763791369989 -72.50742 1.049184 2.296944
135 -71.63889544418277 -0.9639372564176382 -0.0385918435339076 -72.81071 1.052187 2.601772
136 -71.93452952266438 -1.000987550855036 0.26819757463501476 -73.10855 1.052214 2.908665
137 -72.22565086744363 -1.0320705135744765 0.5653208400241421 -73.38524 1.051991 3.220823
138 -72.52300662566077 -1.0536816264619315 0.8775910678699477 -73.65932 1.056081 3.554385
139 -72.81971016070841 -1.0424710652952884 1.1996725148947065 -73.91333 1.058753 3.91127
140 -73.09757016546489 -1.0735392188894324 1.5700109998702474 -74.16588 1.057855 4.300551
141 -73.32553415164416 -1.1203736105422482 1.9897074165642226 -74.40171 1.057076 4.71851
142 -73.54964183419825 -1.1554282935674718 2.420245225668414 -74.61515 1.053457 5.155827
143 -73.80416463657218 -1.194933264109878 2.863434063780521 -74.8256 1.044844 5.623155
144 -74.03215494951607 -1.2167991818580213 3.3345237521985336 -75.01816 1.038119 6.110247
145 -74.22432952200866 -1.2628644369773379 3.838493248247727 -75.20557 1.035836 6.618096
146 -74.44477517825379 -1.2737684232887265 4.35495329456416 -75.37989 1.030282 7.151976
147 -74.64678514220991 -1.2912021748552633 4.894814790629365 -75.5393 1.020134 7.706095
148 -74.82309132780802 -1.3252217553466865 5.462069595635922 -75.69196 1.010452 8.281091
149 -75.03356047920944 -1.3615508289555502 6.0343171598806995 -75.83698 1.004688 8.874404
150 -75.22980635376999 -1.386114979916725 6.631110873053585 -75.98069 0.9966334 9.486418
151 -75.4202957716115 -1.4254330829949027 7.242559380632772 -76.12225 0.9889481 10.1122
152 -75.63389132820515 -1.4319416113738965 7.8640954651556525 -76.25804 0.9812746 10.75522
153 -75.87913638187325 -1.4585171038010267 8.48787713927857 -76.37903 0.9768095 11.41499
154 -76.07599978963799 -1.4890381368337235 9.144357014359382 -76.49294 0.973449 12.0915
155 -76.23889359571382 -1.4863169995744723 9.82643323153742 -76.60203 0.9705966 12.78422
156 -76.43220953988833 -1.5231849705909721 10.515870364257504 -76.70271 0.9650851 13.49407
157 -76.6241003243021 -1.5606714153780237 11.213605885593383 -76.79658 0.9546485 14.2125
158 -76.80436989274996 -1.6133693146483032 11.927616922572584 -76.88462 0.9437305 14.94545
159 -76.9425276497289 -1.6598718858211103 12.659997703225974 -76.96463 0.9352274 15.68785
160 -77.11718107668219 -1.6941202713923122 13.401805943414823 -77.04091 0.9267552 16.44684
161 -77.31944214779772 -1.7230878594554788 14.150164011424703 -77.11873 0.9133109 17.21856
162 -77.44987582465514 -1.747574785772907 14.918096699732125 -77.19881 0.8975356 17.99359
163 -77.6316273096165 -1.774565027287826 15.673562868576141 -77.27201 0.885944 18.76754
164 -77.77346994891396 -1.8014059674142369 16.429193862094973 -77.33723 0.87656 19.53401
165 -77.90640405703286 -1.8176694545999772 17.18778271892335 -77.40244 0.867371 20.30151
166 -77.98523254621914 -1.836068814588352 17.95695807845811 -77.46374 0.8595219 21.07246
167 -78.15008751382344 -1.8532048752511574 18.711649201688928 -77.52113 0.8514204 21.84296
168 -78.23520561798945 -1.8638290669088677 19.480098122160083 -77.5734 0.8408161 22.61434
169 -78.36215267916148 -1.8975425029533515 20.23371839273413 -77.6221 0.8279106 23.37766
170 -78.51343655393632 -1.9176084790721872 20.980914414925056 -77.67675 0.8191268 24.13827
171 -78.62006204774609 -1.9398821162728217 21.735236073291478 -77.7342 0.8046718 24.89811
172 -78.7322917116072 -1.9690128515499272 22.48515724650423 -77.78961 0.7903154 25.65478
173 -78.84272508951713 -1.9999275709032558 23.245946935722582 -77.84614 0.7739409 26.42191
174 -78.93570226035088 -2.0153380752030494 24.001785197122903 -77.90878 0.7508496 27.18067
175 -79.08829344859713 -2.0478132895370686 24.746874879765542 -77.96897 0.7293732 27.93923
176 -79.23613238285091 -2.0759911736138714 25.48638079618778 -78.02007 0.713706 28.692
177 -79.36502786722157 -2.0979354025318533 26.225083872770607 -78.06469 0.6969693 29.44067
178 -79.48908134903614 -2.150840355382839 26.966558255235213 -78.1097 0.6798769 30.19277
179 -79.57271263363005 -2.185947559995501 27.71554868586664 -78.15548 0.6647429 30.94569
180 -79.6850483103127 -2.216110741040956 28.463562772197342 -78.1981 0.6476766 31.7013
181 -79.80486847367133 -2.2542110603178283 29.217462046041838 -78.24233 0.6301632 32.46413
182 -79.96818481695806 -2.3032803347348554 29.966923346536824 -78.29498 0.6149092 33.23079
183 -80.12258991026273 -2.340314724557773 30.722424606464937 -78.34624 0.5990528 34.00093
184 -80.28778635721552 -2.3750355930158404 31.481879591437572 -78.39928 0.5789981 34.77685
185 -80.41508396709841 -2.4073564176319833 32.25726609878419 -78.44974 0.5641545 35.56152
186 -80.54621887038904 -2.4516075048508834 33.033316477271995 -78.50718 0.5473641 36.34754
187 -80.65861417967923 -2.499116612111758 33.8226890996132 -78.57152 0.5285291 37.14347
188 -80.80638260057644 -2.5417179145247584 34.60457868802677 -78.63617 0.5110168 37.93752
189 -80.97504359292813 -2.55376365287061 35.38698641438745 -78.7004 0.4940833 38.73523
190 -81.13846484676286 -2.6206190426330904 36.18084920482574 -78.7627 0.4825696 39.54602
191 -81.29225341205621 -2.6680033923326123 36.98629721068988 -78.82862 0.4646182 40.36454
192 -81.48275258947317 -2.717034159213595 37.79580956013398 -78.89593 0.4461482 41.19468
193 -81.6507074044873 -2.7589704334596363 38.61623779549915 -78.95989 0.4339025 42.03064
194 -81.82759470216976 -2.818505168574422 39.4419835285512 -79.02897 0.420782 42.87429
195 -82.02518084388468 -2.8637544468554217 40.27117168951061 -79.10034 0.4039919 43.72474
196 -82.19803180930427 -2.899711026123572 41.11007006761481 -79.1713 0.3888969 44.57894
197 -82.37619538515878 -2.938320056530383 41.95368809968841 -79.24668 0.3756583 45.43863
198 -82.55788105306488 -2.9803263411200405 42.796967948489836 -79.31863 0.3639286 46.2992
199 -82.7334499986425 -3.0158621532234466 43.644662098866455 -79.38492 0.3498958 47.16296
200 -82.88316022969514 -3.05203035645069 44.50186655122837 -79.44527 0.3344377 48.03166
201 -83.02612651891447 -3.096792870939921 45.36172884903881 -79.50861 0.3209956 48.90207
202 -83.15412771438044 -3.157052689632434 46.22976046125355 -79.57376 0.3027919 49.77895
203 -83.33171252375097 -3.199579099161432 47.090152647751864 -79.63392 0.2867505 50.6563
204 -83.50368698259578 -3.222920768968599 47.94835975785785 -79.69742 0.2720427 51.52945
205 -83.63844573170722 -3.257121552204457 48.8070948805752 -79.76468 0.2574406 52.39664
206 -83.80943895857898 -3.3342758303738913 49.64749314270352 -79.83358 0.2408602 53.2548
207 -83.98502178892177 -3.3870194343448983 50.48930608251197 -79.90039 0.2201002 54.1135
208 -84.1616307741685 -3.4463500510790968 51.32415102291014 -79.96964 0.1922996 54.96562
209 -84.31076022144985 -3.506643217673679 52.16510080604801 -80.03259 0.1649343 55.81906
210 -84.49275385998666 -3.548356981348072 52.998472679167485 -80.09273 0.1408072 56.67063
211 -84.59639591025741 -3.6093979803268996 53.84892756016864 -80.15558 0.1161116 57.52689
212 -84.76061246158032 -3.6691784232228435 54.684665299698445 -80.22244 0.09233457 58.37775
213 -84.92231012580945 -3.7066534614783513 55.50562146992688 -80.28086 0.07510008 59.2131
214 -85.07222565995936 -3.7313940024035883 56.323332355741 -80.33871 0.05914325 60.04264
215 -85.25716161078327 -3.778072780831922 57.133483701544314 -80.40305 0.04000654 60.87223
216 -85.44033982290365 -3.841208877551096 57.93723797098941 -80.47401 0.0182673 61.69567
217 -85.62006065799741 -3.915799502042268 58.73563911276369 -80.54972 -0.003742664 62.51365
218 -85.8137036943893 -3.9649502036420334 59.52849208094468 -80.62089 -0.02632294 63.32787
219 -85.98226527607865 -4.026119902347466 60.32085008855078 -80.69604 -0.05452812 64.13629
220 -86.20888313402737 -4.083806309124625 61.09998330849441 -80.7781 -0.08379998 64.94508
221 -86.3970218255571 -4.143981195014576 61.88780998217587 -80.85967 -0.1090773 65.75279
222 -86.58061836563917 -4.184181071581806 62.67721346279396 -80.94518 -0.136047 66.55929
223 -86.76903023388425 -4.236794527982268 63.46260824771104 -81.03408 -0.1573834 67.3635
224 -86.94335874008226 -4.271491077917043 64.24434546426889 -81.12341 -0.1755819 68.15999
225 -87.16887581805761 -4.327778677850499 65.00435327359743 -81.21916 -0.1913565 68.9488
226 -87.40582714338555 -4.383640502586054 65.76312057287349 -81.31685 -0.2042169 69.73955
227 -87.59339991014767 -4.41526544498448 66.52767519904528 -81.42164 -0.2174815 70.5203
228 -87.75934212522766 -4.455551795013457 67.28987092244294 -81.54226 -0.2305564 71.29191
229 -88.0148831860759 -4.4999461378177354 68.02247140461785 -81.66368 -0.2426308 72.05943
230 -88.21236076598515 -4.5317064596883405 68.76805666862867 -81.78344 -0.2550723 72.82193
231 -88.43978159589115 -4.58057914080963 69.50576444457057 -81.91089 -0.2691768 73.58474
232 -88.65935999408907 -4.609361023298217 70.2445185235544 -82.0491 -0.2836517 74.34335
233 -88.91001337088619 -4.640078230596282 70.97233639250055 -82.18657 -0.2975894 75.10124
234 -89.14248105755159 -4.676274266844637 71.69919097768839 -82.32699 -0.3160459 75.85198
235 -89.37139127456955 -4.7046709305344105 72.41904040388226 -82.46709 -0.3273793 76.5947
236 -89.5927435065078 -4.755925422348239 73.13539013141822 -82.61416 -0.3380953 77.33161
237 -89.81673391595398 -4.804012974089907 73.85289005824322 -82.76564 -0.3542448 78.06923
238 -90.08064209690788 -4.843996528942533 74.56124638067507 -82.93034 -0.3753983 78.80777
239 -90.35927212945332 -4.889205255080999 75.26255515016277 -83.10119 -0.386632 79.54411
240 -90.63141053112575 -4.932968314355337 75.97009028723234 -83.28409 -0.3994934 80.28097
241 -90.923624632368 -4.9642428897862985 76.66263860415545 -83.46726 -0.4083909 81.0106
242 -91.19633754355596 -5.0148116484040814 77.34881820424167 -83.6579 -0.4178227 81.72568
243 -91.53184761640685 -5.055419898361227 77.99867702428858 -83.85643 -0.4258951 82.4307
244 -91.84376201523658 -5.095380716257452 78.66587847846606 -84.05742 -0.4274942 83.14038
245 -92.16205485984251 -5.120257263680972 79.34617380180804 -84.26582 -0.4288742 83.86239
246 -92.48054219298531 -5.155653543998867 80.03162322266444 -84.49278 -0.4369496 84.58416
247 -92.82915160703371 -5.212717937111428 80.70024869328599 -84.72751 -0.4424402 85.30299
248 -93.19169441506297 -5.27257241447607 81.35120688140606 -84.96507 -0.4446969 86.01174
249 -93.57519782844142 -5.317799512388372 81.98946562086346 -85.2123 -0.4477484 86.71556
250 -93.94488004827991 -5.372849606186885 82.63613252467258 -85.46879 -0.4551185 87.41701
251 -94.28958922144673 -5.403288413484678 83.29814946020106 -85.72668 -0.4633066 88.11804
252 -94.61720810159171 -5.449382317378262 83.97430836051758 -85.99632 -0.4725988 88.82079
253 -95.01559289129796 -5.507616482696563 84.61399632336442 -86.28029 -0.4872714 89.52111
254 -95.37988784852114 -5.555915990692521 85.27016961853576 -86.56905 -0.4896331 90.21553
255 -95.74423789296041 -5.604858674701246 85.93602402132827 -86.86039 -0.4833979 90.91809
256 -96.13769812805614 -5.6461853532340704 86.59018873139435 -87.15878 -0.4804139 91.62194
257 -96.5338151846995 -5.691308097206752 87.24370771571121 -87.47632 -0.4825025 92.3185
258 -96.92447320404203 -5.716951746810425 87.8936370445054 -87.8025 -0.4756232 93.00351
259 -97.32211613070254 -5.737500327165328 88.53250719617317 -88.11795 -0.4680556 93.68698
260 -97.6918733727692 -5.789487745590809 89.18907200073808 -88.42784 -0.4619748 94.37577
261 -98.12306858357323 -5.833377924906429 89.81733446403055 -88.74901 -0.4631796 95.06817
262 -98.53623012503995 -5.871676381597822 90.47113873993096 -89.08452 -0.466622 95.76606
263 -98.95948276614153 -5.951488027140033 91.11470015116429 -89.41637 -0.4736535 96.46571
264 -99.36354776462728 -5.9862890481842905 91.77229011155947 -89.74796 -0.4788901 97.16351
265 -99.78078003703247 -6.015395437203399 92.41229414478963 -90.08495 -0.4847031 97.84976
266 -100.20795848053662 -6.0549681050641055 93.04626370802602 -90.42665 -0.4875902 98.53474
267 -100.58744883192742 -6.089794111097479 93.71342601556594 -90.77493 -0.4958138 99.21955
268 -101.03042195919588 -6.161517521324834 94.34713707940782 -91.13104 -0.5064823 99.9095
269 -101.44941470688488 -6.237128745166665 94.99150381541425 -91.48703 -0.5172294 100.5948
270 -101.91256189509821 -6.280361471436994 95.60325264468592 -91.84 -0.526198 101.2774
271 -102.33794434683178 -6.31752076391602 96.2377014658966 -92.19617 -0.5349382 101.9541
272 -102.74312132472171 -6.360318260317848 96.88156143592572 -92.55294 -0.5434586 102.6273
273 -103.20499007364856 -6.410847509687159 97.48356240871107 -92.91478 -0.5511717 103.2961
274 -103.6453248114142 -6.474850949989694 98.09895359193467 -93.28321 -0.5589669 103.9601
275 -104.06090944952444 -6.518045394207115 98.72672710597121 -93.65046 -0.5659964 104.6187
276 -104.46024904001342 -6.563929823538565 99.35305804687198 -94.01507 -0.5767572 105.2674
277 -104.89586797850706 -6.627144885355761 99.9483849625714 -94.38211 -0.588392 105.9103
278 -105.33296859672954 -6.670916993447075 100.53729382800582 -94.74824 -0.5980777 106.5472
279 -105.76582311265568 -6.725578303373372 101.13793764060104 -95.12335 -0.6050065 107.1878
280 -106.17871166473013 -6.769720701230616 101.7466498152748 -95.49621 -0.6134439 107.8233
281 -106.62040043094353 -6.8041015623461245 102.32615579991176 -95.86451 -0.6210034 108.4529
282 -107.06174705236793 -6.8537075301309365 102.88239945014311 -96.2232 -0.6251307 109.0677
283 -107.43416373544824 -6.913110860375461 103.46684138345348 -96.57402 -0.6245992 109.6683
284 -107.80617027962175 -6.9644397020567705 104.02843079115249 -96.92077 -0.6262052 110.2481
285 -108.20696617188963 -7.0246875739073475 104.55072656718622 -97.26338 -0.6273272 110.8135
286 -108.56918783112877 -7.0524182052149085 105.08597665156375 -97.60083 -0.627085 111.3654
287 -108.92034829052704 -7.101434877580312 105.60309743159796 -97.92433 -0.6283274 111.9025
288 -109.34549648918689 -7.137279894093843 106.03895214494891 -98.24175 -0.6324615 112.4233
289 -109.7186412281247 -7.17277270393098 106.49348976621305 -98.55027 -0.6360649 112.9252
290 -110.06815132605199 -7.223331035676082 106.93171726674767 -98.84348 -0.636794 113.4056
291 -110.39346031098044 -7.280879224222651 107.35801055966398 -99.12485 -0.6384109 113.8657
292 -110.68758274401037 -7.359494296343945 107.77262085092796 -99.39682 -0.6400806 114.3023
293 -110.94464183595505 -7.41701423644343 108.19024625070428 -99.66423 -0.6481915 114.7173
294 -111.23294423216187 -7.432175532204797 108.56263405404134 -99.91884 -0.6560401 115.1137
295 -111.4456286391616 -7.434908900032687 108.96105782994451 -100.1623 -0.6586289 115.4941
296 -111.75036245270078 -7.474474859919629 109.27123476226593 -100.3993 -0.6585884 115.8608
297 -111.98918249716654 -7.495589571323858 109.61098712925892 -100.6332 -0.6607942 116.2046
298 -112.29174881624643 -7.508745963457725 109.87001604039523 -100.8652 -0.6647242 116.5286
299 -112.50829367009163 -7.552156193135967 110.17940229305177 -101.0904 -0.6694671 116.8348
300 -112.76346374077002 -7.576762275319816 110.43580970742308 -101.3056 -0.6713923 117.1266
301 -113.00071737973121 -7.609685249498914 110.67692790197522 -101.506 -0.6722784 117.4011
302 -113.2444329705027 -7.598418308774819 110.87965206042179 -101.6929 -0.6721459 117.6574
303 -113.4454009089204 -7.628748700173562 111.1030819549206 -101.8739 -0.672996 117.8992
304 -113.6204442254282 -7.680371658464477 111.32172760565835 -102.0513 -0.6736387 118.122
305 -113.8189347547087 -7.7206238609252695 111.50085180146465 -102.2292 -0.6753232 118.3256
306 -113.96218880404467 -7.745618334900342 111.70907165230402 -102.4053 -0.6766433 118.5086
307 -114.132724655616 -7.789345686437559 111.87660097785277 -102.576 -0.6819095 118.6815
308 -114.32700513928133 -7.809928201032673 111.99447905701489 -102.742 -0.6858513 118.838
309 -114.48337533948215 -7.818035078997138 112.14158774749275 -102.9018 -0.6870036 118.9816
310 -114.64046645163822 -7.853621980032566 112.28257304375146 -103.0684 -0.6855969 119.116
311 -114.82134824013583 -7.8281641236440525 112.39985799557499 -103.245 -0.6827537 119.2422
312 -114.99815846706589 -7.858126697582725 112.51561214470543 -103.4183 -0.6819887 119.3668
313 -115.15184353345177 -7.879463934545807 112.67110104450407 -103.5947 -0.6769315 119.4976
314 -115.34121804326554 -7.87638686556677 112.7801841097871 -103.7731 -0.672655 119.6238
315 -115.54276669601134 -7.881142056533124 112.84883418929898 -103.9548 -0.6680274 119.7348
316 -115.73201679744578 -7.885969223561197 112.95969627857112 -104.1481 -0.6624189 119.8384
317 -115.93221946076376 -7.853754225385149 113.02549960694738 -104.3385 -0.6580382 119.9342
318 -116.1359518044226 -7.8690158240379375 113.09854025598234 -104.5336 -0.6558701 120.0291
319 -116.33896989795969 -7.877371950847933 113.17361392939316 -104.733 -0.6537004 120.1137
320 -116.54538343960391 -7.902377617968649 113.20821297348148 -104.9312 -0.6515101 120.1854
321 -116.75754717725987 -7.931509348978027 113.2433405317619 -105.1362 -0.6502394 120.2566
322 -116.97234030754797 -7.957050962223764 113.2808861703242 -105.3437 -0.6512383 120.3283
323 -117.19198155408594 -7.991626725006306 113.29532855604599 -105.5582 -0.6512936 120.3886
324 -117.44281112002541 -7.99172579545874 113.31452591425537 -105.8016 -0.646722 120.452
325 -117.69909409393485 -8.000773206917238 113.35431346491886 -106.0565 -0.6404796 120.5003
326 -117.9862772258536 -8.02764748226747 113.37758397658128 -106.3408 -0.6320823 120.5536
327 -118.28969365276892 -8.023485507977234 113.369420288396 -106.6408 -0.6251645 120.5994
328 -118.59474798970679 -8.00558264123563 113.38726382212079 -106.946 -0.6151359 120.6206
329 -118.92842612357207 -8.02433453066375 113.39201492958098 -107.2795 -0.6047007 120.6402
330 -119.27394316286723 -8.032604421679107 113.33201739616874 -107.6301 -0.5937682 120.6434
331 -119.60504542575273 -8.048092747362675 113.23860508285394 -107.9733 -0.5851771 120.6163
332 -119.97864070333537 -8.02588045900457 113.22692744412252 -108.3468 -0.5780578 120.5908
333 -120.32752170133011 -8.025180200714834 113.10538172047994 -108.7113 -0.5724405 120.5308
334 -120.6980002914467 -7.998177021212616 112.96336552754606 -109.1034 -0.5651093 120.4648
335 -121.07494425384951 -7.999192208169131 112.80153224334914 -109.5039 -0.5571731 120.3764
336 -121.43452457271722 -8.00808725239607 112.60693128668531 -109.8936 -0.5498158 120.2526
337 -121.82227316975022 -8.02509655827075 112.40553295533321 -110.3105 -0.5385017 120.1212
338 -122.19187377653773 -8.065534755068771 112.14863695052819 -110.7358 -0.5271191 119.9688
339 -122.59771627280553 -8.056514998944214 111.91999321455759 -111.1598 -0.5145431 119.7761
340 -122.99110953809586 -8.049509413753489 111.62773315246154 -111.6037 -0.5003029 119.5688
341 -123.38166188531504 -8.082335537105195 111.3144452902812 -112.0419 -0.4860644 119.3248
342 -123.77005583735313 -8.115779110272278 110.96218556363328 -112.4967 -0.4701443 119.0622
343 -124.17471472875117 -8.140518091497409 110.5924147084954 -112.9599 -0.4518107 118.7686
344 -124.56873783258573 -8.17018984012098 110.19152819211715 -113.4215 -0.433277 118.447
345 -124.97722344153972 -8.174019194743915 109.77079447061963 -113.8987 -0.4140913 118.1067
346 -125.3406695780622 -8.214188583179665 109.29648343652721 -114.379 -0.4005528 117.7492
347 -125.76765349832542 -8.234084970672358 108.84503590036863 -114.8756 -0.3846543 117.3755
348 -126.16728298074692 -8.272617780483442 108.34753242822337 -115.3845 -0.3685473 116.9889
349 -126.60591487517878 -8.30134278122154 107.85619158672637 -115.9072 -0.3511796 116.5875
350 -127.03207189165731 -8.350685444902288 107.33331804346838 -116.4394 -0.33342 116.1705
351 -127.4645462351314 -8.39859807273982 106.79593518072566 -116.978 -0.3145039 115.7373
352 -127.92869431027212 -8.431338716379999 106.26350829212222 -117.5268 -0.2939813 115.2919
353 -128.3916964584965 -8.466222836853035 105.70982325235711 -118.0864 -0.273294 114.8352
354 -128.87920322777146 -8.503153220918016 105.1527605226105 -118.6599 -0.2513318 114.3662
355 -129.3552252309653 -8.542519062706177 104.5716556215339 -119.2396 -0.2283537 113.8874
356 -129.85414197400763 -8.576823245921444 103.98186437110864 -119.8351 -0.2043772 113.3947
357 -130.35587858700376 -8.62153227389406 103.37957199184757 -120.4389 -0.1816124 112.8933
358 -130.85099650519817 -8.661292835036155 102.74867679608609 -121.0569 -0.1575086 112.3812
359 -131.34371592459502 -8.715387848732735 102.09597510200878 -121.687 -0.1322116 111.8577
360 -131.85555314698408 -8.758624919252284 101.43659089125536 -122.3282 -0.1050706 111.3222
361 -132.37053155429834 -8.805168692126362 100.76743092725164 -122.9704 -0.07535629 110.7728
362 -132.9299727342148 -8.868826976371933 100.11465051053942 -123.6258 -0.04736641 110.2135
363 -133.492453914004 -8.920542216734374 99.45625604794074 -124.2849 -0.01867648 109.6502
364 -134.06229734671476 -8.948633499049373 98.78441051296211 -124.9562 0.01110994 109.0798
365 -134.6477998448605 -9.006696130553694 98.11090592972754 -125.6369 0.04221843 108.5006
366 -135.19024733338492 -9.048615107264327 97.38112907087002 -126.332 0.07133427 107.9136
367 -135.79137419513734 -9.102690779466894 96.68208011978496 -127.0372 0.09929117 107.3179
368 -136.38083584885192 -9.16267788241152 95.96328436845718 -127.7453 0.1250424 106.7132
369 -137.00436619151887 -9.214575649317101 95.25838825322946 -128.4619 0.1484347 106.1014
370 -137.5980738196545 -9.244031635569181 94.51376224622516 -129.186 0.166941 105.4824
371 -138.20204184989632 -9.295164241220165 93.75967398824422 -129.9193 0.1835941 104.8515
372 -138.8061778620692 -9.361441684657882 92.99277099321526 -130.6623 0.1979002 104.2149
373 -139.42358339802067 -9.415547427525873 92.22449462295815 -131.4132 0.2144697 103.5744
374 -140.03012703741175 -9.46025803844011 91.45018632029333 -132.1648 0.2318873 102.9386
375 -140.66805471241685 -9.524592905570998 90.69645248909293 -132.9234 0.2513658 102.3035
376 -141.30043973594462 -9.569551890034877 89.93852654769125 -133.6799 0.2702986 101.6681
377 -141.93522455314596 -9.618332483147608 89.18133776208397 -134.4357 0.2900097 101.0301
378 -142.55953935640244 -9.680700112382803 88.41730526343852 -135.1892 0.3106498 100.3904
379 -143.18687160496447 -9.728082796950332 87.6512611199647 -135.9465 0.3298425 99.75107
380 -143.80170911734857 -9.773556026339039 86.86588786447349 -136.7105 0.3478641 99.10851
381 -144.42581969359244 -9.806052799864448 86.09594597817674 -137.4685 0.3680159 98.46944
382 -145.0643277055561 -9.891877470897969 85.33898422449127 -138.2274 0.3899821 97.82785
383 -145.69289021564248 -9.954487715062886 84.56467930100531 -138.9901 0.4148069 97.18269
384 -146.3275949594949 -10.010700822394131 83.80702140359921 -139.748 0.4343912 96.54609
385 -146.9321830665145 -10.074640608274755 83.01642145443523 -140.5111 0.4529559 95.90422
386 -147.5922939487757 -10.090452855624617 82.27794383769135 -141.2656 0.4726101 95.26259
387 -148.18254784344649 -10.13179337762281 81.48237905738658 -142.0208 0.4912744 94.62044
388 -148.7902424247991 -10.2036801713581 80.70815529140447 -142.7704 0.5111815 93.97889
389 -149.42101557697868 -10.214078716483476 79.93979056637298 -143.5294 0.5274135 93.337
390 -150.09260930503518 -10.26400419886066 79.20681571567575 -144.2862 0.5445632 92.69067
391 -150.7237898816066 -10.327752995261074 78.44573602223181 -145.0409 0.5612957 92.04892
392 -151.31570188267867 -10.39264776336962 77.6580680268477 -145.794 0.5779645 91.41052
393 -151.94261462811843 -10.451586605147098 76.89870965592974 -146.5475 0.5937592 90.77404
394 -152.59660710150905 -10.47724090541895 76.15579529182574 -147.3072 0.6086489 90.13928
395 -153.23423287252058 -10.541507853660251 75.3964330593831 -148.0704 0.6250373 89.50321
396 -153.861648247707 -10.590946764932749 74.63125055850985 -148.8333 0.6468099 88.87146
397 -154.5015475112544 -10.659073900109187 73.87118976361177 -149.6005 0.6716835 88.23696
398 -155.12604801082202 -10.738552431334668 73.11168419001245 -150.3591 0.6967564 87.60683
399 -155.74789611934705 -10.819698615336666 72.35548570641035 -151.1134 0.7256258 86.97809
400 -156.36339966192185 -10.897980103983931 71.5948749343712 -151.8671 0.7539528 86.34989
401 -156.95155129770222 -10.956573708692435 70.80809056784437 -152.6218 0.7806961 85.71894
402 -157.5384327554663 -11.023087819663308 70.01662087812122 -153.379 0.8039512 85.08539
403 -158.15754289962175 -11.088072191374504 69.2579481892489 -154.1322 0.8288243 84.45676
404 -158.75989588766473 -11.142483946548786 68.49138765634837 -154.8823 0.8536668 83.83215
405 -159.4158228657725 -11.183851144446928 67.77134469888593 -155.6292 0.8796994 83.20615
406 -160.003788152938 -11.265241204354105 66.99884096132041 -156.3743 0.9056545 82.57906
407 -160.59414085296788 -11.353685292072507 66.22888039206875 -157.119 0.9324518 81.95146
408 -161.22456317601498 -11.415950457009007 65.49333670128182 -157.8614 0.9618364 81.32671
409 -161.82142283766387 -11.52142600921329 64.73688599091933 -158.6032 0.9920658 80.70349
410 -162.4347147582159 -11.582946843765484 64.0009038751639 -159.3358 1.022069 80.08383
411 -163.01304002843784 -11.701893366666793 63.25393034296318 -160.0585 1.049905 79.46455
412 -163.60048094499345 -11.796283437951077 62.5105327865378 -160.7804 1.077505 78.84428
413 -164.17331185265957 -11.881762932738066 61.757747355691535 -161.5 1.102704 78.22487
414 -164.74726582336967 -11.954256116985231 61.00536972018672 -162.2213 1.128462 77.60858
415 -165.37018317460243 -12.038320264655061 60.298287378849686 -162.9402 1.154301 76.99411
416 -165.96779967952722 -12.105916418778518 59.57076432538321 -163.6585 1.179845 76.38223
417 -166.57180225150984 -12.16841969395017 58.8514797839254 -164.3767 1.205952 75.77428
418 -167.13574637897602 -12.270456052237824 58.109706270817945 -165.093 1.231444 75.17018
419 -167.7304078723001 -12.346282372811128 57.39051454718518 -165.8081 1.25702 74.56637
420 -168.30859265349912 -12.42971813323461 56.661052141000724 -166.5248 1.282062 73.96713
421 -168.87911906727462 -12.496447695113758 55.92702393047209 -167.2418 1.306576 73.3721
422 -169.49310241110896 -12.56091612743481 55.233579608156276 -167.9552 1.330108 72.77838
423 -170.04251812112193 -12.627197586756141 54.49346923208649 -168.6684 1.351053 72.19108
424 -170.66754435008875 -12.708276639993704 53.82570344738826 -169.3812 1.373431 71.61267
425 -171.22958597243706 -12.781460150682651 53.113791093072585 -170.0844 1.396727 71.03558
426 -171.8235855970269 -12.849472629657537 52.44077655600313 -170.7831 1.405731 70.468
427 -172.40382362480452 -12.918326335988025 51.77015595725128 -171.4722 1.416166 69.9057
428 -172.97116976586582 -12.994270236373467 51.09950895269069 -172.1588 1.425569 69.35261
429 -173.51810383368579 -13.069230257655578 50.43399919153667 -172.8299 1.436887 68.80749
430 -174.05684363456223 -13.145223316555457 49.775274444126474 -173.4939 1.448357 68.26999
431 -174.6124574876425 -13.212208607194379 49.1485398791954 -174.1451 1.460081 67.73915
432 -175.12402588709057 -13.273625983237734 48.5016191951065 -174.7856 1.470417 67.21605
433 -175.61567790835963 -13.356404905116602 47.85248594965484 -175.4193 1.482743 66.69815
434 -176.18960571642472 -13.395953145710703 47.28658285565418 -176.0447 1.496245 66.18835
435 -176.69523683297425 -13.453646957118009 46.67122768447077 -176.6638 1.510435 65.6842
436 -177.1843197988606 -13.512487410124756 46.05534023065333 -177.2745 1.525125 65.18539
437 -177.65695603693214 -13.579933640272197 45.446327740730936 -177.8683 1.538016 64.68934
438 -178.13942741817306 -13.642326919828353 44.86508150951245 -178.4448 1.550332 64.19739
439 -178.6194526122016 -13.708997966752266 44.301508614627544 -179.0078 1.561925 63.71223
440 -179.05967510639613 -13.778215739126837 43.7268981197907 -179.5612 1.575397 63.24071
441 -179.49611261264528 -13.861505826969193 43.161693751712 -180.1003 1.58648 62.76519
442 -179.92111159373704 -13.935268157945345 42.6183314241396 -180.6249 1.600125 62.31141
443 -180.33810065455222 -13.993608830223229 42.07694349949808 -181.1416 1.611948 61.86056
444 -180.74222723497846 -14.091298297468876 41.54894360574504 -181.6486 1.623859 61.41959
445 -181.16703161746912 -14.150410332082101 41.045939635775 -182.1422 1.635244 60.98005
446 -181.56570374348243 -14.205680781216838 40.538311750894295 -182.6223 1.64854 60.5453
447 -181.9418221159012 -14.257589073338613 40.02588784733488 -183.0885 1.662241 60.11032
448 -182.30009134870124 -14.275363174578452 39.51189571212853 -183.5369 1.673611 59.67252
449 -182.6113891894485 -14.371021130457912 38.98600248393095 -183.9747 1.68544 59.2357
450 -182.95766999272604 -14.41585889907639 38.4842397085572 -184.4045 1.698748 58.80121
451 -183.28095806188088 -14.441516000417979 37.978914286657755 -184.8122 1.713703 58.36066
452 -183.53958070781493 -14.540229962474639 37.45547266002766 -185.1982 1.732581 57.91203
453 -183.82515572359944 -14.608994594017448 36.962267598263836 -185.5495 1.74951 57.45834
454 -184.09202516850948 -14.633704497636321 36.46489508682744 -185.8798 1.767896 57.00033
455 -184.305301998354 -14.705135410640494 35.95667971655333 -186.1871 1.784988 56.53757
456 -184.54004770517943 -14.759878266303566 35.47038879084641 -186.455 1.807526 56.06608
457 -184.6956762437088 -14.794352227302243 34.95769318242726 -186.7152 1.826654 55.59683
458 -184.89788648999988 -14.857427260338332 34.478115925170016 -186.9445 1.84288 55.12564
459 -184.9598741425091 -14.90802048552456 33.97480294405127 -187.1206 1.856411 54.64759
460 -185.09722660210585 -14.9598787924147 33.49266905320951 -187.2835 1.870218 54.17085
461 -185.1362029172212 -14.998743433665412 32.99895736238026 -187.4227 1.883289 53.69416
462 -185.1507815339333 -15.059926307350823 32.51102507692832 -187.5256 1.887417 53.21309
463 -185.24300326965613 -15.092349586644566 32.033435629930054 -187.6307 1.893359 52.7371
464 -185.2717242683443 -15.137895875416582 31.54822339259216 -187.6915 1.900316 52.25276
465 -185.23659286139332 -15.185611896240616 31.068055084926645 -187.7485 1.901338 51.77232
466 -185.14554236491 -15.204480882911687 30.59518225040118 -187.7723 1.900778 51.29098
467 -185.0441254154184 -15.235488554491251 30.118282756646963 -187.7414 1.901606 50.80341
468 -184.96010867948615 -15.317764357159314 29.659461715156255 -187.7165 1.903912 50.33042
469 -184.8272418768527 -15.392172610739937 29.220613853462662 -187.6828 1.909578 49.86716
470 -184.7388594724001 -15.45588711311579 28.76341889562611 -187.6045 1.913879 49.40375
471 -184.57028759237454 -15.470228471818297 28.33893723234816 -187.5198 1.916071 48.95472
472 -184.3589213989739 -15.524315632457268 27.92744658567155 -187.3856 1.91604 48.50872
473 -184.1264340376836 -15.553962774064164 27.545623394549263 -187.2454 1.919502 48.08322
474 -183.90669553144394 -15.608732842363143 27.16478228046351 -187.0919 1.921924 47.66758
475 -183.65661148507354 -15.651915929194738 26.78389486871734 -186.905 1.925132 47.2498
476 -183.36931089117064 -15.705082553593005 26.44002058963539 -186.7142 1.922721 46.84089
477 -183.08079826407385 -15.743635811860464 26.066700970885343 -186.4782 1.917552 46.43056
478 -182.79336941478988 -15.786266011216318 25.69888539188119 -186.2433 1.910636 46.02498
479 -182.46794125529058 -15.85078781774623 25.36311950488399 -185.9999 1.906858 45.62057
480 -182.13346434909337 -15.895316747452956 25.025134343214265 -185.7437 1.904895 45.21752
481 -181.80048253953984 -15.934890422998993 24.688631235235707 -185.4762 1.903482 44.82494
482 -181.46297686942265 -15.97982944064895 24.343699965224733 -185.1904 1.903992 44.4335
483 -181.1187728108645 -16.021848390112826 24.001946469343487 -184.8981 1.906175 44.04415
484 -180.74894543953792 -16.067795123612257 23.676505205453374 -184.5971 1.908337 43.65148
485 -180.3691737703698 -16.116150370678643 23.352706332509975 -184.2874 1.908808 43.25715
486 -179.98201219600745 -16.184224607418205 23.027982495482902 -183.9689 1.909156 42.85899
487 -179.60050070801134 -16.23902240316991 22.682267100296723 -183.6434 1.911087 42.45635
488 -179.20527359795182 -16.303167250402733 22.340215278333332 -183.3133 1.914906 42.04606
489 -178.80314875852588 -16.361097230777688 21.986364604297794 -182.9728 1.921291 41.62858
490 -178.40032788745853 -16.410575913674013 21.616914483481203 -182.6247 1.928571 41.20434
491 -177.96708170334963 -16.477751451712056 21.266899710173895 -182.2608 1.933488 40.7774
492 -177.50239384313144 -16.529988203663784 20.938009104104996 -181.8872 1.936481 40.34468
493 -177.0302058627394 -16.5761951298319 20.582651467056955 -181.5012 1.944762 39.89489
494 -176.59157145087767 -16.643896880257195 20.176635108340886 -181.1166 1.952827 39.43245
495 -176.13135862689603 -16.72407806879773 19.77063843806872 -180.7267 1.954282 38.95179
496 -175.65413765785894 -16.79073086045638 19.360270326033458 -180.3265 1.951012 38.46147
497 -175.17801868210265 -16.859387246395947 18.928154643583138 -179.9121 1.948467 37.96509
498 -174.65454923338933 -16.93301978966614 18.537672901741942 -179.4927 1.950893 37.45911
499 -174.14134808304902 -16.993394342274318 18.102490106843334 -179.0635 1.950476 36.93739
500 -173.59607200326246 -17.060888733164195 17.670683901659775 -178.6239 1.946894 36.39418
501 -173.037528366315 -17.127446360523802 17.230336500847947 -178.1621 1.94215 35.84918
502 -172.47388029859073 -17.198090804476735 16.770390617873364 -177.6842 1.937626 35.29616
503 -171.90398526388736 -17.280333499858468 16.293601736404007 -177.1997 1.929672 34.72689
504 -171.34586354772554 -17.3544135453077 15.780229424031363 -176.7106 1.923186 34.1427
505 -170.74659193209382 -17.435229974644795 15.278595666008314 -176.2079 1.922565 33.53889
506 -170.15070261512292 -17.516644792067762 14.748209384932993 -175.6955 1.923742 32.92207
507 -169.5083210602526 -17.62458192674559 14.257192772190685 -175.1718 1.922179 32.29666
508 -168.8820345052037 -17.746732658363065 13.731867963228384 -174.6388 1.921438 31.66497
509 -168.2408665349581 -17.8465074029441 13.205494876819238 -174.1052 1.927099 31.02204
510 -167.5822894082469 -17.9397302067367 12.667040624658604 -173.559 1.933011 30.36327
511 -166.92765014914156 -18.02789088794591 12.102147612113137 -173.0021 1.938375 29.69599
512 -166.35746381864902 -18.123068503659827 11.441842444549307 -172.4382 1.94584 29.02358
513 -165.67860699799206 -18.242195707519457 10.88563979760029 -171.867 1.951405 28.34675
514 -165.03308456791333 -18.33011798488048 10.267965745779334 -171.2881 1.956277 27.6606
515 -164.35553120417035 -18.454112957070574 9.679101302420673 -170.7093 1.958687 26.96332
516 -163.66027150936497 -18.57672647622256 9.09548902030069 -170.1234 1.951058 26.25927
517 -162.940137391334 -18.683902811418566 8.522004146426315 -169.5314 1.943279 25.54622
518 -162.23975907843445 -18.761709611617828 7.903686744808235 -168.9342 1.93667 24.82358
519 -161.54466908602367 -18.887101581117253 7.283683852976727 -168.3371 1.929608 24.09784
520 -160.88044423151243 -18.983416211818707 6.625114797510019 -167.7434 1.921892 23.3687
521 -160.19123759056095 -19.086593137508764 6.002232432711078 -167.1591 1.914344 22.6392
522 -159.52344803091154 -19.149613474851467 5.356146580406257 -166.5815 1.908782 21.90866
523 -158.84402575241398 -19.27720526994361 4.730306955580264 -166.0001 1.908068 21.17959
524 -158.1998387641063 -19.339695482815976 4.051654625462549 -165.4129 1.91419 20.44842
525 -157.5025474490959 -19.45435338737318 3.4409393547106006 -164.8351 1.923826 19.71467
526 -156.8250363051999 -19.57557090535294 2.8225242605121044 -164.2567 1.934077 18.99252
527 -156.1565076299485 -19.675168305705007 2.2015112960333196 -163.6778 1.940348 18.28024
528 -155.51672219903656 -19.755918978071616 1.5598049243420498 -163.1045 1.94164 17.57387
529 -154.85659568893936 -19.848769358324507 0.9230107895403963 -162.5251 1.942748 16.8568
530 -154.14428442712213 -19.920471827084608 0.3521436680041683 -161.9505 1.939281 16.14389
531 -153.48685816210286 -20.014655439228918 -0.278997591548944 -161.3773 1.936519 15.42915
532 -152.81327347674804 -20.110684164627106 -0.8967038066178806 -160.8026 1.93571 14.71206
533 -152.15942841301373 -20.192639889026278 -1.5034401568100273 -160.2415 1.936584 14.01383
534 -151.4864450963966 -20.284502122988766 -2.100166974181628 -159.6822 1.936046 13.30347
535 -150.8337743479695 -20.387927475183712 -2.7098703290976967 -159.1338 1.935031 12.59096
536 -150.20696110759894 -20.470976567943627 -3.337293248015966 -158.6027 1.939067 11.87586
537 -149.5962649909664 -20.561725955399293 -3.9740176551422794 -158.088 1.945549 11.15361
538 -149.00307763027658 -20.634076483881874 -4.62309095500534 -157.5933 1.952156 10.42311
539 -148.41824449136382 -20.700635807537584 -5.280765546505521 -157.1079 1.958096 9.685989
540 -147.84290390811594 -20.794477561983182 -5.930998176417724 -156.6525 1.968002 8.940913
541 -147.27907271925704 -20.878157358466538 -6.590907496669731 -156.2137 1.981362 8.187478
542 -146.78449809239726 -20.917863724465782 -7.301988572084924 -155.8113 2.002674 7.41973
543 -146.1572844244459 -21.023881947522916 -7.889725250334449 -155.4337 2.020771 6.640524
544 -145.62723837534165 -21.10664820442134 -8.568289332655336 -155.0736 2.039549 5.854252
545 -145.11234613603435 -21.193832236945482 -9.238509624949547 -154.7551 2.055959 5.066725
546 -144.7256949999458 -21.22555686064039 -9.991942291353688 -154.4511 2.070725 4.275819
547 -144.31448370341738 -21.282293033941023 -10.728266573050696 -154.1799 2.076776 3.475256
548 -143.98862450766256 -21.320443804970406 -11.51873946745118 -153.9186 2.081455 2.660279
549 -143.632713135649 -21.36924633425845 -12.29468420393214 -153.6909 2.081084 1.836084
550 -143.23365000217126 -21.433805850418597 -13.049875563139917 -153.4863 2.082675 1.004297
551 -142.9514509695546 -21.475193059271195 -13.86279216249329 -153.2952 2.088962 0.1642828
552 -142.65379311517026 -21.50306465807871 -14.677447017843374 -153.1167 2.094656 -0.6849197
553 -142.23576885632534 -21.54559733807165 -15.453740399133753 -152.9463 2.099191 -1.551019
554 -141.9439169720446 -21.593913045406747 -16.28746379868032 -152.7936 2.108057 -2.422346
555 -141.62991878395587 -21.632561301615244 -17.119125017354143 -152.6592 2.120983 -3.301845
556 -141.4309411022077 -21.654611610151985 -17.987700834018153 -152.5347 2.129986 -4.18441
557 -141.17457332288006 -21.696628019930227 -18.854081883575414 -152.4224 2.145234 -5.081774
558 -140.93560887577908 -21.761083909413315 -19.747562660853617 -152.3238 2.164537 -6.003442
559 -140.6486920598224 -21.801411400119417 -20.635645148668587 -152.2301 2.184519 -6.932667
560 -140.4039711652165 -21.873588085346686 -21.548796478951733 -152.1344 2.208027 -7.875658
561 -140.12170432487392 -21.94022582260899 -22.45180711582628 -152.0349 2.236569 -8.818435
562 -139.92924726992752 -21.996371049252822 -23.385451050895455 -151.9309 2.26438 -9.767273
563 -139.68303046362328 -22.07055172320649 -24.313141097022456 -151.8222 2.290503 -10.72343
564 -139.30616124592962 -22.13181195602281 -25.216078202273557 -151.7054 2.314806 -11.69649
565 -139.0567684529575 -22.175970400315755 -26.179836308242155 -151.5906 2.340253 -12.68601
566 -138.78393240014728 -22.227415417609286 -27.14555502160728 -151.4796 2.366234 -13.68436
567 -138.4636557759168 -22.277273235849528 -28.10372793369405 -151.3681 2.390739 -14.68941
568 -138.12884571662622 -22.34654393630032 -29.07224985000874 -151.2539 2.419304 -15.70974
569 -137.80227165670806 -22.410108899892197 -30.043949948751205 -151.1385 2.446252 -16.72996
570 -137.4945730018144 -22.46657667624112 -31.033631936324397 -151.0183 2.471748 -17.76061
571 -137.16885816600646 -22.517165325002026 -32.021083764611305 -150.8986 2.495354 -18.79445
572 -136.83101613196678 -22.57745159511141 -33.012279937070225 -150.7787 2.516209 -19.83629
573 -136.53587364981843 -22.640623567873963 -34.02345967955797 -150.6584 2.531082 -20.88457
574 -136.19928278304232 -22.716873608093533 -35.02278266752003 -150.5418 2.546922 -21.93524
575 -135.92977079054955 -22.796486489568 -36.043513663427326 -150.4287 2.562912 -22.98777
576 -135.60696185319512 -22.85798674860904 -37.04906906966956 -150.3173 2.580523 -24.03963
577 -135.26387049353252 -22.930684795902163 -38.04934810802317 -150.21 2.602248 -25.09394
578 -134.95272322689627 -23.007925104684087 -39.059696728104406 -150.1008 2.624842 -26.14805
579 -134.6213244785685 -23.081950487743892 -40.059912657914374 -149.9955 2.652068 -27.19872
580 -134.2778918821288 -23.156154400296064 -41.049306082336436 -149.8915 2.677343 -28.24318
581 -134.02166978615284 -23.2503821145135 -42.060031245838374 -149.7898 2.703716 -29.28484
582 -133.76092705475756 -23.313626792288975 -43.07164012835503 -149.6882 2.727489 -30.32621
583 -133.44289963482404 -23.398310766987052 -44.06244093407924 -149.5881 2.749371 -31.3652
584 -133.08570015462738 -23.47406793973883 -45.042428440570966 -149.4892 2.772055 -32.40607
585 -132.7797699700797 -23.550059158402604 -46.041406455841376 -149.3925 2.79829 -33.4488
586 -132.4542076026295 -23.625034735616058 -47.01360605198957 -149.3004 2.822913 -34.47237
587 -132.14567306094423 -23.704571907205725 -47.99519765417633 -149.2116 2.847794 -35.50025
588 -131.85746884767994 -23.785197195468776 -48.98014954475434 -149.1247 2.872146 -36.5257
589 -131.54661931936766 -23.85547495746729 -49.957496921449284 -149.0389 2.8933 -37.54989
590 -131.21298829567004 -23.947253000210644 -50.92153832206477 -148.9571 2.914898 -38.57065
591 -130.9730680227261 -24.029285259655133 -51.91084816288357 -148.8814 2.936848 -39.58889
592 -130.6814807580246 -24.127119013340973 -52.879809919996625 -148.8101 2.958886 -40.60275
593 -130.44882277575294 -24.19582655381409 -53.86237995432873 -148.7352 2.980846 -41.61181
594 -130.15408354113805 -24.282393748098894 -54.82705634367454 -148.6636 3.002899 -42.62144
595 -129.88163819345255 -24.361810689027088 -55.78907898901462 -148.5927 3.027276 -43.62164
596 -129.6300310479575 -24.44714219024097 -56.760394806322466 -148.5176 3.05498 -44.62545
597 -129.37404000648274 -24.53172386944278 -57.72307302736471 -148.4441 3.079101 -45.62217
598 -129.14979598422963 -24.611285614628123 -58.689072326736515 -148.3689 3.102061 -46.61393
599 -128.86331391372192 -24.684738457843345 -59.635487484373584 -148.296 3.122209 -47.60259
600 -128.58909545537975 -24.781106207527916 -60.5827626743528 -148.2258 3.142814 -48.59075
601 -128.34991162512205 -24.861253703052867 -61.538019545855605 -148.1556 3.159721 -49.57611
602 -127.99238541821003 -24.948401686818137 -62.451663724117985 -148.0851 3.175297 -50.55843
603 -127.7020042358529 -25.04478916756952 -63.3855445311931 -148.0135 3.189403 -51.53844
604 -127.41995032914396 -25.134316050717715 -64.3156762233362 -147.9424 3.205788 -52.51178
605 -127.13800715227367 -25.20840837384512 -65.24162493577056 -147.87 3.219705 -53.47973
606 -126.92317624410366 -25.28777142045488 -66.18581695151293 -147.7977 3.231897 -54.44853
607 -126.68386643841514 -25.36889956371791 -67.12009611657656 -147.7243 3.243527 -55.41352
608 -126.41986724464846 -25.480113506059993 -68.03850489798235 -147.6532 3.257265 -56.37284
609 -126.19444999835235 -25.561267439717184 -68.96840366765582 -147.5797 3.270311 -57.3302
610 -125.90150903384185 -25.624816198873148 -69.8744060188903 -147.5001 3.2824 -58.2811
611 -125.63481270249518 -25.689738281142603 -70.78557089567167 -147.4207 3.29139 -59.22935
612 -125.34467558799264 -25.76883875060122 -71.68214160964997 -147.3415 3.301002 -60.17164
613 -125.03480199114423 -25.8534213281583 -72.56554831076733 -147.2599 3.310925 -61.10803
614 -124.76953610692114 -25.91068023084099 -73.45823648667586 -147.1781 3.317449 -62.03744
615 -124.49577015061496 -25.98848171598067 -74.33568036043806 -147.0991 3.324624 -62.95647
616 -124.22882537236777 -26.064882468304948 -75.20850115420723 -147.0218 3.332509 -63.86909
617 -123.96907166290957 -26.15007421961693 -76.06154014163985 -146.9462 3.341452 -64.76162
618 -123.73823551186868 -26.227588882455176 -76.91062339687853 -146.8736 3.350949 -65.64189
619 -123.53581567958695 -26.294458071967565 -77.75230324682981 -146.8046 3.362788 -66.50732
620 -123.26950248448183 -26.381973589104977 -78.55793245383639 -146.7409 3.376135 -67.35784
621 -123.06576513075741 -26.446613611660094 -79.36318125086153 -146.6842 3.387862 -68.18896
622 -122.86782386385634 -26.51488559555797 -80.14744938532591 -146.637 3.40087 -68.99922
623 -122.65969040542295 -26.58441475271787 -80.90476623343454 -146.6018 3.409958 -69.78685
624 -122.44966631029243 -26.66376570643968 -81.63565404590445 -146.575 3.416011 -70.55095
625 -122.21208232888605 -26.71651001271501 -82.33330742103827 -146.5515 3.42136 -71.28944
626 -122.00061218273407 -26.79567867274585 -83.01100589209999 -146.5298 3.426278 -72.00342
627 -121.83074286357542 -26.8566272067312 -83.67296664169365 -146.5152 3.430945 -72.68937
628 -121.69842016669806 -26.906173102266287 -84.31685984353905 -146.5063 3.436511 -73.3485
629 -121.5648009280534 -26.95492932701795 -84.93417229004243 -146.499 3.443175 -73.98191
630 -121.42626116190893 -27.02539529938585 -85.52067656132344 -146.496 3.451189 -74.5886
631 -121.30181621428825 -27.07745955923824 -86.08387900113857 -146.4997 3.454673 -75.16771
632 -121.2352687178959 -27.111018844618673 -86.63550115052043 -146.5087 3.458263 -75.72426
633 -121.14250488981811 -27.139958081015987 -87.15151054693303 -146.5201 3.46068 -76.24921
634 -121.0724532876344 -27.168647608695977 -87.6416374181174 -146.531 3.464948 -76.74501
635 -121.06435953339691 -27.1828301642495 -88.10495459497287 -146.5458 3.469095 -77.20836
636 -120.63314623409235 -27.206874217431416 -88.16803423122302 -146.5624 3.474975 -77.64447
637 -120.23177371799856 -27.22185835275337 -88.16647130506011 -146.5828 3.4811 -78.04556
638 -119.86194357857714 -27.236997198860074 -88.16611897129104 -146.5982 3.487735 -78.41532
639 -119.52466543498545 -27.24932560465618 -88.18424059580069 -146.6147 3.489838 -78.7529
640 -119.21733784620834 -27.26235616883332 -88.19871376403239 -146.6267 3.492333 -79.0606
641 -118.950928502029 -27.26831244108411 -88.20210596152194 -146.6358 3.49339 -79.32694
642 -118.7061176498654 -27.275317596505705 -88.19096839246696 -146.6444 3.496768 -79.57193
643 -118.48103680713518 -27.28625702202515 -88.19424113659946 -146.6502 3.501775 -79.79717
644 -118.27986343993958 -27.296494961094627 -88.18197414577897 -146.6574 3.507398 -79.99877
645 -118.21187059864278 -27.3231066153159 -88.36507288291551 -146.6613 3.513405 -80.19576
646 -118.20075832729597 -27.345457292493293 -88.55262817384389 -146.6636 3.523785 -80.38467
647 -118.01654150117118 -27.35346556562381 -88.53339944213914 -146.6635 3.531968 -80.56988
648 -118.1829338322508 -27.353510016974802 -88.5934520923968 -146.6558 3.544429 -80.74617
649 -118.23955309011188 -27.35957348422097 -88.43764452524998 -146.6452 3.553303 -80.91148
650 -118.38999996729775 -27.35389868337629 -88.42619020687684 -146.6315 3.562076 -81.06159
651 -118.52667006251819 -27.350721905411607 -88.45994469391482 -146.6264 3.568355 -81.20217
652 -118.64822184533494 -27.351512955445884 -88.40619369226913 -146.6236 3.574643 -81.3349
653 -118.6387704722801 -27.369135897447144 -88.5309174589361 -146.6172 3.580246 -81.46093
654 -118.63986551279191 -27.360046308825986 -88.65033546955834 -146.6064 3.586432 -81.58005
655 -118.67714758366857 -27.340381363165264 -88.54556134706472 -146.591 3.591611 -81.69181
656 -118.64435065310732 -27.36554395416587 -88.64286175259264 -146.5743 3.595945 -81.79611
657 -118.64435065310732 -27.36554395416587 -88.64286175259264 -146.5544 3.599009 -81.88799
658 -118.64435065310732 -27.36554395416587 -88.64286175259264 -146.5371 3.601598 -81.96407
659 -118.64435065310732 -27.36554395416587 -88.64286175259264 -146.5218 3.605125 -82.02535
660 -118.64435065310732 -27.36554395416587 -88.64286175259264 -146.5098 3.607875 -82.07268
661 -118.64435065310732 -27.36554395416587 -88.64286175259264 -146.4988 3.610893 -82.10813
662 -118.64435065310732 -27.36554395416587 -88.64286175259264 -146.4897 3.612361 -82.13307
663 -118.64435065310732 -27.36554395416587 -88.64286175259264 -146.4813 3.614901 -82.1479
664 -118.64435065310732 -27.36554395416587 -88.64286175259264 -146.4749 3.616561 -82.15466
665 -118.64435065310732 -27.36554395416587 -88.64286175259264 -146.47 3.618715 -82.15162
666 -118.64435065310732 -27.36554395416587 -88.64286175259264 -146.4675 3.618427 -82.14449
667 -118.64435065310732 -27.36554395416587 -88.64286175259264 -146.4666 3.617487 -82.14289
668 -118.64435065310732 -27.36554395416587 -88.64286175259264 -146.4691 3.619237 -82.14598
669 -118.64435065310732 -27.36554395416587 -88.64286175259264 -146.4743 3.621418 -82.14846
670 -118.64435065310732 -27.36554395416587 -88.64286175259264 -146.4784 3.622343 -82.14814
671 -118.64435065310732 -27.36554395416587 -88.64286175259264 -146.4809 3.626275 -82.14689
672 -118.64435065310732 -27.36554395416587 -88.64286175259264 -146.4837 3.630956 -82.14592
673 -118.64435065310732 -27.36554395416587 -88.64286175259264 -146.4853 3.635666 -82.1443
674 -118.64435065310732 -27.36554395416587 -88.64286175259264 -146.486 3.642197 -82.14339
675 -118.64435065310732 -27.36554395416587 -88.64286175259264 -146.4874 3.646408 -82.14478
676 -118.64435065310732 -27.36554395416587 -88.64286175259264 -146.4896 3.650913 -82.14651
677 -118.64435065310732 -27.36554395416587 -88.64286175259264 -146.4903 3.653096 -82.14732
678 -118.64435065310732 -27.36554395416587 -88.64286175259264 -146.4929 3.66085 -82.15098
679 -118.64435065310732 -27.36554395416587 -88.64286175259264 -146.4935 3.666124 -82.15255
680 -118.64435065310732 -27.36554395416587 -88.64286175259264 -146.495 3.67267 -82.1546
681 -118.64435065310732 -27.36554395416587 -88.64286175259264 -146.4952 3.677041 -82.15536
682 -118.64435065310732 -27.36554395416587 -88.64286175259264 -146.4961 3.682929 -82.15662
683 -118.64435065310732 -27.36554395416587 -88.64286175259264 -146.4944 3.686575 -82.15612
684 -118.64435065310732 -27.36554395416587 -88.64286175259264 -146.4943 3.692587 -82.15657
685 -118.64435065310732 -27.36554395416587 -88.64286175259264 -146.4929 3.697692 -82.15523
686 -118.64435065310732 -27.36554395416587 -88.64286175259264 -146.4903 3.703976 -82.15185
687 -118.64435065310732 -27.36554395416587 -88.64286175259264 -146.4878 3.711265 -82.14843
688 -118.64435065310732 -27.36554395416587 -88.64286175259264 -146.4858 3.71733 -82.14544
689 -118.64435065310732 -27.36554395416587 -88.64286175259264 -146.4866 3.721405 -82.14302
690 -118.64435065310732 -27.36554395416587 -88.64286175259264 -146.4873 3.72538 -82.14091
691 -118.64435065310732 -27.36554395416587 -88.64286175259264 -146.4876 3.730224 -82.13842
692 -118.64435065310732 -27.36554395416587 -88.64286175259264 -146.4871 3.733757 -82.13635
693 -118.64435065310732 -27.36554395416587 -88.64286175259264 -146.4865 3.736302 -82.13505
694 -118.64435065310732 -27.36554395416587 -88.64286175259264 -146.486 3.737147 -82.13362
695 -118.64435065310732 -27.36554395416587 -88.64286175259264 -146.4879 3.738183 -82.13326
696 -118.64435065310732 -27.36554395416587 -88.64286175259264 -146.4881 3.739743 -82.13252
697 -118.64435065310732 -27.36554395416587 -88.64286175259264 -146.4887 3.743962 -82.13297
698 -118.64435065310732 -27.36554395416587 -88.64286175259264 -146.4887 3.746808 -82.13315
699 -118.64435065310732 -27.36554395416587 -88.64286175259264 -146.489 3.749734 -82.13346
700 -118.64435065310732 -27.36554395416587 -88.64286175259264 -146.4885 3.751969 -82.13324
701 -118.64435065310732 -27.36554395416587 -88.64286175259264 -146.4862 3.756727 -82.13358
702 -118.64435065310732 -27.36554395416587 -88.64286175259264 -146.4847 3.76039 -82.13348
703 -118.64435065310732 -27.36554395416587 -88.64286175259264 -146.485 3.762686 -82.13363
704 -118.64435065310732 -27.36554395416587 -88.64286175259264 -146.4854 3.763251 -82.13382
705 -118.64435065310732 -27.36554395416587 -88.64286175259264 -146.4849 3.763444 -82.13351
706 -118.64435065310732 -27.36554395416587 -88.64286175259264 -146.4851 3.764354 -82.13339
707 -118.64435065310732 -27.36554395416587 -88.64286175259264 -146.4851 3.765829 -82.13304
708 -118.64435065310732 -27.36554395416587 -88.64286175259264 -146.4801 3.76976 -82.13367
709 -118.64435065310732 -27.36554395416587 -88.64286175259264 -146.4764 3.772636 -82.13276
710 -118.64435065310732 -27.36554395416587 -88.64286175259264 -146.4733 3.773749 -82.13226
711 -118.64435065310732 -27.36554395416587 -88.64286175259264 -146.4721 3.77466 -82.13189
712 -118.64435065310732 -27.36554395416587 -88.64286175259264 -146.4755 3.775066 -82.13281
713 -118.64435065310732 -27.36554395416587 -88.64286175259264 -146.4771 3.775151 -82.13308
714 -118.64435065310732 -27.36554395416587 -88.64286175259264 -146.4775 3.77602 -82.13322
715 -118.64435065310732 -27.36554395416587 -88.64286175259264 -146.4765 3.778253 -82.13318
716 -118.64435065310732 -27.36554395416587 -88.64286175259264 -146.506 3.817593 -82.14996
717 -118.64435065310732 -27.36554395416587 -88.64286175259264 -146.525 3.844867 -82.16201
718 -118.64435065310732 -27.36554395416587 -88.64286175259264 -146.5414 3.867997 -82.17605
719 -118.64435065310732 -27.36554395416587 -88.64286175259264 -146.5569 3.891863 -82.19557
720 -118.64435065310732 -27.36554395416587 -88.64286175259264 -146.5659 3.908776 -82.2173
721 -118.64435065310732 -27.36554395416587 -88.64286175259264 -146.5794 3.927281 -82.24565
722 -118.64435065310732 -27.36554395416587 -88.64286175259264 -146.5858 3.940279 -82.27544
723 -118.64435065310732 -27.36554395416587 -88.64286175259264 -146.5906 3.955031 -82.31013
724 -118.64435065310732 -27.36554395416587 -88.64286175259264 -146.5878 3.963825 -82.34431
725 -118.64435065310732 -27.36554395416587 -88.64286175259264 -146.5882 3.974088 -82.38439
726 -118.64435065310732 -27.36554395416587 -88.64286175259264 -146.5818 3.98079 -82.42617
727 -118.64435065310732 -27.36554395416587 -88.64286175259264 -146.578 3.988369 -82.47354
728 -118.64435065310732 -27.36554395416587 -88.64286175259264 -146.5675 3.993899 -82.52259
729 -118.64435065310732 -27.36554395416587 -88.64286175259264 -146.5518 4.000773 -82.57422
730 -118.64435065310732 -27.36554395416587 -88.64286175259264 -146.5331 4.006616 -82.63234
731 -118.64435065310732 -27.36554395416587 -88.64286175259264 -146.5075 4.013233 -82.69805
732 -118.64435065310732 -27.36554395416587 -88.64286175259264 -146.4759 4.019203 -82.77848
733 -118.60796806591067 -27.368495098847088 -88.74289548725224 -146.4452 4.024429 -82.88031
734 -118.6247629152438 -27.381698407232175 -88.8590798141624 -146.3964 4.029323 -82.98778
735 -118.73161808045252 -27.34093010626738 -88.9338784994828 -146.3513 4.033562 -83.11671
736 -118.62721525722915 -27.375446816802544 -89.0391417122298 -146.2958 4.037831 -83.25839
737 -118.53842273925527 -27.388594353827706 -89.17758220336599 -146.2309 4.040989 -83.41005
738 -118.46117906644871 -27.397560228962558 -89.34056863338523 -146.1563 4.045713 -83.57444
739 -118.43197058825409 -27.414727628260486 -89.526966121544 -146.0701 4.051946 -83.74303
740 -118.38601486276087 -27.440485176672993 -89.71925714477486 -145.9804 4.058185 -83.92098
741 -118.36255854147387 -27.468912892398233 -89.92696591813633 -145.8795 4.063554 -84.10616
742 -118.2945355926779 -27.4735148715835 -90.1366767493413 -145.7599 4.070054 -84.29131
743 -118.17513356544993 -27.476184394092748 -90.33457164358677 -145.6332 4.076339 -84.48453
744 -118.02639701876359 -27.498439217421595 -90.52641144753636 -145.4913 4.08362 -84.6826
745 -117.8501313608928 -27.50545592603714 -90.72437477184565 -145.3153 4.089716 -84.88083
746 -117.68378002633003 -27.537775027528284 -90.95738696141734 -145.1255 4.095105 -85.09753
747 -117.4396842500526 -27.589910943650874 -91.15579041406512 -144.8957 4.100068 -85.31851
748 -117.17039557164719 -27.630925417811298 -91.3610309351447 -144.6601 4.109917 -85.56492
749 -116.9542455956381 -27.655170995028005 -91.65619880449653 -144.3964 4.121088 -85.81942
750 -116.76172242410071 -27.688782433543867 -92.00840494601324 -144.0775 4.128858 -86.06536
751 -116.6871487126587 -27.70321854936514 -92.4270502451362 -143.7422 4.134474 -86.32723
752 -116.36195017564675 -27.71875483314443 -92.74613988844607 -143.3707 4.13769 -86.59141
753 -115.95609754687707 -27.725568234257604 -93.02279996425575 -142.9474 4.141571 -86.84062
754 -115.49230792092055 -27.76057215174028 -93.22801775870097 -142.5033 4.14355 -87.08803
755 -115.00580783502934 -27.789049804564886 -93.46818258526275 -142.01 4.14816 -87.31564
756 -114.5026597920656 -27.810380766355966 -93.6896925514738 -141.5092 4.15337 -87.54335
757 -113.96059946658616 -27.88397838706718 -93.85743081563184 -140.9762 4.156256 -87.7514
758 -113.37419835910325 -27.93397542315961 -94.01462649122689 -140.3921 4.158657 -87.92431
759 -112.77853992543697 -27.97679810025369 -94.1642164439301 -139.7985 4.160018 -88.08758
760 -112.1404428993322 -28.048339023873975 -94.28543532419539 -139.1586 4.162171 -88.21988
761 -111.48223787635679 -28.102735292065194 -94.30692461717626 -138.5086 4.166045 -88.33879
762 -110.80177637127454 -28.174691061787986 -94.36873525688168 -137.8281 4.168871 -88.43333
763 -110.09094379268878 -28.23630893708865 -94.45372422828713 -137.1128 4.171257 -88.50147
764 -109.36006934371686 -28.31025810162496 -94.49828169797934 -136.3792 4.171706 -88.56031
765 -108.59861773882912 -28.382785662114685 -94.53664261601175 -135.6148 4.169899 -88.60753
766 -107.81300712946643 -28.46190705192727 -94.57165664634098 -134.8254 4.168382 -88.64646
767 -107.00449336749334 -28.527740660637203 -94.62659956184747 -134.0129 4.164762 -88.67609
768 -106.17602550203482 -28.59831979353956 -94.67853842303391 -133.1801 4.156812 -88.69656
769 -105.32629583109438 -28.666853703748057 -94.67486009460632 -132.3277 4.147637 -88.70556
770 -104.45338768621508 -28.719722438544995 -94.70651979138837 -131.4527 4.136633 -88.70109
771 -103.556431669556 -28.799517027573945 -94.67515328312263 -130.552 4.122623 -88.68049
772 -102.63803861696805 -28.874174682615052 -94.66254191119522 -129.6312 4.103983 -88.64953
773 -101.70128664998064 -28.972314792699443 -94.61010268826148 -128.6888 4.084791 -88.61212
774 -100.7381051903118 -29.042980155757636 -94.61227953988829 -127.7239 4.065878 -88.57569
775 -99.75638596536322 -29.165406800727304 -94.59449036922705 -126.7352 4.048213 -88.54051
776 -98.74705800868081 -29.263292537288994 -94.551596684924 -125.721 4.031067 -88.50489
777 -97.7153543345136 -29.379942515517584 -94.53358007830248 -124.6835 4.013952 -88.46433
778 -96.66562993698764 -29.49225388869163 -94.52175284538451 -123.6288 3.99689 -88.4197
779 -95.59173056342902 -29.571015846521025 -94.54741129970797 -122.5531 3.978093 -88.36834
780 -94.5049308332805 -29.68458293394408 -94.46867708021408 -121.4602 3.960347 -88.29428
781 -93.4094292853718 -29.81187292585071 -94.31657947754049 -120.3502 3.940654 -88.21078
782 -92.30170922269433 -29.943294998871544 -94.16202363758374 -119.2271 3.920264 -88.13057
783 -91.1654818402629 -30.072678403047956 -94.12420521929688 -118.0866 3.901849 -88.04055
784 -90.01128157957005 -30.18258632111802 -94.07927962772509 -116.9301 3.883303 -87.94868
785 -88.84726717452097 -30.3106195779136 -94.01005236664585 -115.7614 3.867981 -87.84858
786 -87.66767509751791 -30.43061547304553 -93.96172627825584 -114.5794 3.849717 -87.74507
787 -86.47697498952542 -30.54508173796111 -93.85983948598657 -113.3837 3.830963 -87.63924
788 -85.28003942747704 -30.674244514497992 -93.78355686312786 -112.1817 3.81218 -87.53924
789 -84.08115250420758 -30.837195573974245 -93.73329272825937 -110.9751 3.791845 -87.43868
790 -82.88472290170523 -30.972669764615677 -93.69829134504232 -109.7745 3.771694 -87.34289
791 -81.69571729481868 -31.110043449554823 -93.62560188240468 -108.5794 3.750574 -87.24708
792 -80.5038019024436 -31.222724546302405 -93.57877651373421 -107.3857 3.726738 -87.14676
793 -79.32408173666734 -31.36894324351078 -93.48673104936188 -106.1976 3.701746 -87.04988
794 -78.14655282138666 -31.51708601584376 -93.3766945528738 -105.0099 3.677172 -86.95296
795 -76.9591049035391 -31.623690640001108 -93.34312770595984 -103.8211 3.653224 -86.85966
796 -75.77469958066993 -31.741190935103308 -93.26182793110719 -102.6322 3.628733 -86.76401
797 -74.5904010197589 -31.8627505713411 -93.21776740911976 -101.4446 3.607239 -86.67222
798 -73.41751229810671 -32.01387901704997 -93.11225690443099 -100.2617 3.588698 -86.572
799 -72.24586093159323 -32.15075922928949 -93.05447536671932 -99.08436 3.569432 -86.48067
800 -71.0814541195656 -32.29939432530244 -92.95287869830506 -97.91011 3.547496 -86.38626
801 -69.91174020792404 -32.42000611193172 -92.88661433063832 -96.73614 3.526824 -86.29387
802 -68.74442224764132 -32.55758390102633 -92.82220251574209 -95.56279 3.506517 -86.20143
803 -67.57972064895043 -32.682736843365525 -92.741947365037 -94.3923 3.490095 -86.11023
804 -66.42410019136571 -32.82799896738481 -92.66553724268334 -93.22888 3.474064 -86.01752
805 -65.27115147005753 -32.950810057019325 -92.59645094360299 -92.07077 3.457332 -85.93007
806 -64.12697249373142 -33.090070682485745 -92.4726629808279 -90.91482 3.439932 -85.8444
807 -62.98235476726305 -33.221691570139114 -92.36244331934802 -89.76083 3.420499 -85.7575
808 -61.84038360190561 -33.37804474950666 -92.26873769681231 -88.60756 3.402298 -85.67406
809 -60.69880490988377 -33.52562154432081 -92.21206352912456 -87.45822 3.383825 -85.59118
810 -59.566968503014664 -33.65878970690435 -92.08352523216698 -86.31428 3.36566 -85.5113
811 -58.43977747942851 -33.82346358927426 -92.02182143870176 -85.17639 3.347256 -85.4316
812 -57.32271049584948 -33.95658746914805 -92.18813096347108 -84.04212 3.327124 -85.35257
813 -56.190406728276685 -34.082858990666345 -92.13120592998045 -82.90481 3.306136 -85.26665
814 -55.06615491133704 -34.22730404386598 -92.09636991076137 -81.77442 3.285675 -85.17822
815 -53.947145512209744 -34.343144924309435 -91.9700653281689 -80.64658 3.266626 -85.08247
816 -52.83081880690033 -34.48542086213172 -91.96701253374061 -79.52584 3.245394 -84.98283
817 -51.71697498044747 -34.60494103611081 -91.92835996900214 -78.40969 3.221768 -84.88244
818 -50.601508229160814 -34.75297129629963 -91.9105052391411 -77.28896 3.191912 -84.78461
819 -49.496009818492006 -34.89880337474503 -91.8175563010674 -76.17485 3.162484 -84.68498
820 -48.398499457444764 -35.05733333303239 -91.69069706143404 -75.06363 3.133853 -84.58436
821 -47.30330486894992 -35.19709655689345 -91.55251622778631 -73.95599 3.108503 -84.48155
822 -46.20739908853198 -35.33975692372807 -91.43183309265484 -72.84964 3.082721 -84.37548
823 -45.12276412783795 -35.49138282562896 -91.27321757634583 -71.74856 3.05932 -84.26751
824 -44.03654337696494 -35.641216250154926 -91.14829383869484 -70.65049 3.035851 -84.1597
825 -42.9559387633552 -35.77695648753349 -90.99654076209418 -69.5564 3.014567 -84.05165
826 -41.87014409913139 -35.90601422808327 -90.89078028647462 -68.4631 2.993483 -83.94657
827 -40.78649203500218 -36.04419250911401 -90.76781703944157 -67.36871 2.973202 -83.84452
828 -39.69418462051441 -36.18458810271575 -90.69672047499398 -66.26978 2.959134 -83.74424
829 -38.616152953598714 -36.32243402897441 -90.52413477969496 -65.17361 2.945193 -83.64855
830 -37.520220533121275 -36.461716877823804 -90.48261988921155 -64.07225 2.930056 -83.55385
831 -36.43686689863174 -36.55216014136022 -90.44940397964727 -62.98846 2.914583 -83.46386
832 -35.36439509650394 -36.68492578417346 -90.25139957450905 -61.89385 2.894478 -83.37192
833 -34.280049519130756 -36.81482194749381 -90.1557494352417 -60.80165 2.873362 -83.27983
834 -33.213591320443875 -36.94700218941908 -90.0470237428682 -59.72532 2.851534 -83.19229
835 -32.16134019746472 -37.08155716990672 -89.8676791958893 -58.65323 2.82608 -83.10582
836 -31.109382578293744 -37.22361402992627 -89.75166806608479 -57.58891 2.801637 -83.02288
837 -30.035090146474378 -37.34452089204043 -89.72902492528381 -56.51193 2.779651 -82.92872
838 -28.96626362927488 -37.46402517092079 -89.69101334156942 -55.43924 2.756445 -82.84557
839 -27.895913798198436 -37.58772009247129 -89.6166945638465 -54.36293 2.73159 -82.75948
840 -26.825862972061795 -37.70467004817021 -89.55218980514377 -53.28795 2.707333 -82.67777
841 -25.75842490464935 -37.827171412538 -89.48549298351185 -52.21491 2.68434 -82.59449
842 -24.70259678458295 -37.95871733204001 -89.39983991722445 -51.15105 2.663165 -82.50983
843 -23.66240797747012 -38.087108707457894 -89.30511394589409 -50.10238 2.644628 -82.42382
844 -22.62410275281813 -38.214329768949774 -89.18639609780779 -49.05334 2.626537 -82.33696
845 -21.586063216818044 -38.3607449384972 -89.09439952802325 -48.00472 2.609242 -82.25022
846 -20.55341633360554 -38.5057539577805 -88.99737359426327 -46.96133 2.59164 -82.16174
847 -19.53241036596781 -38.677516213163486 -88.81638923244468 -45.91385 2.573083 -82.07717
848 -18.48465167428535 -38.83121190790628 -88.72125166456864 -44.85398 2.560563 -81.99356
849 -17.440582677641494 -38.984699553860736 -88.60100391485399 -43.795 2.547118 -81.91307
850 -16.384118747258857 -39.123237650977245 -88.52719878109762 -42.72975 2.539457 -81.836
851 -15.330024643250294 -39.26431029284422 -88.48980602671847 -41.66873 2.528194 -81.75523
852 -14.271572649070595 -39.38328406389936 -88.43758716945477 -40.60585 2.51585 -81.66958
853 -13.227636275007466 -39.51663475811389 -88.33903602709503 -39.55165 2.50395 -81.5933
854 -12.182164522177622 -39.65601594486184 -88.25113543130853 -38.49644 2.488082 -81.51302
855 -11.144114646033357 -39.80483307754354 -88.15582307753283 -37.44699 2.467897 -81.4292
856 -10.110599887530345 -39.95921902120454 -88.04036106249173 -36.39931 2.449328 -81.34352
857 -9.078963288352725 -40.09052075341419 -87.94994058131091 -35.35893 2.430647 -81.26015
858 -8.0518063637569 -40.22027091550222 -87.8722642694908 -34.32413 2.409772 -81.17846
859 -7.030766813542035 -40.357347233370064 -87.75575446100751 -33.29069 2.388158 -81.09833
860 -6.011180968434589 -40.470848618584775 -87.6841033470813 -32.26565 2.364654 -81.01888
861 -4.982334125445173 -40.57947877048467 -87.66334544030072 -31.23423 2.341459 -80.93893
862 -3.956288500695529 -40.68033289547578 -87.6222911865822 -30.20542 2.319947 -80.86334
863 -2.940230679518051 -40.813327148535635 -87.56676970665667 -29.18198 2.301513 -80.79003
864 -1.941853387023201 -40.967021089563616 -87.42758255620474 -28.16485 2.28654 -80.7195
865 -0.9425075969721544 -41.08759835847787 -87.31997920456352 -27.15493 2.273856 -80.65087
866 0.05846367439623057 -41.21455498641377 -87.20901185692333 -26.14248 2.258338 -80.5796
867 1.0571340900450021 -41.338278174610984 -87.08498766938632 -25.13087 2.24336 -80.51287
868 2.044697294830728 -41.47177848308277 -86.93908937213689 -24.12616 2.224417 -80.44513
869 3.039506463352956 -41.60202141610119 -86.87410868060573 -23.12314 2.200874 -80.38011
870 4.0254549077549315 -41.73121258141874 -86.79597391734882 -22.12814 2.179186 -80.31382
871 5.000925666129355 -41.86794034559944 -86.65997134721661 -21.13624 2.158118 -80.2473
872 5.968515830902787 -41.979140678750575 -86.55515312083497 -20.15914 2.136539 -80.18102
873 6.9109744783633165 -42.1014104494562 -86.43437662426608 -19.20344 2.115684 -80.11803
874 7.8432811206006585 -42.223461169494634 -86.43770816718587 -18.26545 2.094794 -80.05605
875 8.75689079096744 -42.348127100211066 -86.36660539118593 -17.34296 2.076612 -79.99311
876 9.644103369523162 -42.458292082212274 -86.22331535986073 -16.43997 2.056734 -79.92964
877 10.514954643257015 -42.587858612463044 -86.13982862930494 -15.55805 2.038136 -79.86631
878 11.363170882530056 -42.709755455392155 -86.07883526890065 -14.70187 2.021472 -79.79755
879 12.19262069586517 -42.80838748087755 -85.97109022408193 -13.86242 2.006898 -79.73095
880 12.969105547706139 -42.90785650867266 -85.7335574694143 -13.04799 1.982635 -79.65774
881 13.734972885961417 -43.025406514269605 -85.53428837789751 -12.25209 1.955701 -79.58095
882 14.502340897461668 -43.16608155928908 -85.44607927986385 -11.471 1.931372 -79.50525
883 15.254447811432165 -43.2814360152265 -85.46764819057249 -10.71407 1.907256 -79.42836
884 15.941597930500304 -43.355773484874604 -85.2021399318291 -9.978597 1.882125 -79.34685
885 16.6553786193397 -43.422596592778035 -85.180033063234 -9.267307 1.855018 -79.25871
886 17.34746595361904 -43.508353753138174 -85.1484768750916 -8.577034 1.82462 -79.15904
887 18.0154167500584 -43.568996169093474 -85.16853833872528 -7.915426 1.793514 -79.05159
888 18.657977136869864 -43.628088839858 -85.06666673683539 -7.272311 1.764992 -78.94049
889 19.250594245897968 -43.69127654738678 -84.88418805520813 -6.660991 1.73223 -78.82344
890 19.840968334083914 -43.72434719153335 -84.74982345179137 -6.068827 1.702411 -78.69639
891 20.42171351123887 -43.80691829226926 -84.56633225503383 -5.472914 1.669583 -78.54955
892 20.948160681375732 -43.86124229178468 -84.40980978419806 -4.940333 1.642761 -78.4073
893 21.51336805188308 -43.94909764121161 -84.31109765666432 -4.382647 1.616116 -78.24856
894 22.03376421161468 -44.00956383105992 -84.17933740403922 -3.86783 1.594797 -78.08627
895 22.559515741814458 -44.070543501230375 -84.0661458311705 -3.358995 1.576012 -77.90275
896 23.07571349480198 -44.107507831513445 -83.95059091108766 -2.864838 1.557809 -77.71129
897 23.57445252679365 -44.17329340937605 -83.80937131264858 -2.385605 1.5388 -77.50396
898 24.038657010803156 -44.23792195657773 -83.60222717960092 -1.921735 1.519288 -77.28713
899 24.477342720794063 -44.34455962232621 -83.36781156242814 -1.46975 1.500554 -77.05448
900 24.951868291912877 -44.41487607921711 -83.19453790012003 -1.027851 1.487556 -76.80012
901 25.36396724031605 -44.474797243417306 -82.9152557809833 -0.6036779 1.472946 -76.53314
902 25.802309229998148 -44.53261143073445 -82.69105251922181 -0.2051226 1.455786 -76.23884
903 26.130536092189708 -44.60635783170384 -82.3270798337042 0.166806 1.434811 -75.91192
904 26.433060201040625 -44.66497766196508 -81.95349480859622 0.5205388 1.418536 -75.58157
905 26.81405959774549 -44.74522249738526 -81.67261802096905 0.8592366 1.400138 -75.24181
906 27.141513323468267 -44.848803163235836 -81.33272595184154 1.18203 1.376718 -74.88301
907 27.41423571985739 -44.9014729415677 -80.94817648270364 1.473046 1.350348 -74.50932
908 27.62178568897615 -44.94666307196025 -80.52113676328763 1.733786 1.324453 -74.11079
909 27.942682294952824 -45.01611824708969 -80.1856151816116 1.977241 1.308518 -73.70973
910 28.165232116581326 -45.092325506855595 -79.77544161003843 2.211269 1.295259 -73.29908
911 28.367581399590946 -45.15021520814155 -79.34001886842343 2.4317 1.282661 -72.8688
912 28.543569678264213 -45.21115412857337 -78.90021811033948 2.625592 1.26876 -72.43254
913 28.709227006033775 -45.272620662825574 -78.44438830074354 2.77869 1.258343 -71.96837
914 28.837609040789967 -45.31989473056095 -77.98775481973321 2.915642 1.253995 -71.5118
915 28.944719335543546 -45.37750348469239 -77.52688033787268 3.046312 1.25835 -71.05343
916 29.018179795225088 -45.42614368968956 -77.04740694565868 3.160868 1.257972 -70.57958
917 29.037528475916954 -45.48832034232704 -76.56498036092657 3.257933 1.264619 -70.1026
918 29.066392420280398 -45.55102814829837 -76.07159387435134 3.33279 1.267119 -69.61007
919 29.14983317147779 -45.59366393382346 -75.58297541435901 3.394982 1.272526 -69.11648
920 29.174226373204515 -45.65685380127668 -75.07913326680706 3.452999 1.270676 -68.61143
921 29.205073328207355 -45.72625032108284 -74.56742899048837 3.505748 1.267062 -68.09683
922 29.204383723817447 -45.78069406688067 -74.04717520444804 3.551082 1.26175 -67.57573
923 29.22405291667425 -45.84464890611078 -73.5203777209343 3.59156 1.259481 -67.04625
924 29.22373426947265 -45.9129287271156 -72.98309082311573 3.623078 1.252875 -66.5056
925 29.15995109212027 -45.96730789935335 -72.43355128678502 3.647772 1.243096 -65.95034
926 29.166887047765005 -46.0452980428476 -71.86534790014073 3.663801 1.234892 -65.37705
927 29.163828623790366 -46.130774527584734 -71.28444384921944 3.673887 1.227201 -64.79002
928 29.17395328648007 -46.20344668353027 -70.68386000694125 3.677308 1.218704 -64.18504
929 29.13020138612196 -46.296250408196414 -70.07064392126823 3.675967 1.209466 -63.56337
930 29.094907293331136 -46.38224396686461 -69.43932632005102 3.664022 1.199856 -62.92543
931 29.06103326789156 -46.482788395423064 -68.79346869238347 3.643049 1.189755 -62.27133
932 29.04248911025321 -46.583868561799775 -68.13184730569185 3.617203 1.179028 -61.60236
933 29.04156236275246 -46.66589507012657 -67.44952259569611 3.591227 1.168096 -60.9157
934 29.03182737950976 -46.75675702273119 -66.7483201580284 3.556391 1.152451 -60.2096
935 29.006095234304492 -46.85274125191045 -66.03809552818444 3.520319 1.139602 -59.49348
936 28.97131651586144 -46.95009123731384 -65.31140999758993 3.485568 1.128869 -58.76038
937 28.854431304819624 -47.04688126150885 -64.57836326334372 3.451301 1.117531 -58.01266
938 28.77734083052448 -47.1528866841997 -63.83138121074936 3.415287 1.106594 -57.2552
939 28.749599222876554 -47.25954147931328 -63.07682013098618 3.375737 1.094891 -56.49375
940 28.69596578421709 -47.381562571620805 -62.323104382883066 3.332427 1.084248 -55.72964
941 28.5811751813448 -47.475501637873236 -61.57178661232533 3.288581 1.074394 -54.96514
942 28.57205729994114 -47.54529704369743 -60.81200393002694 3.243097 1.064884 -54.20352
943 28.476314690952886 -47.644617822614826 -60.05725182975868 3.192353 1.056466 -53.43799
944 28.41882410549135 -47.712385535484806 -59.295356206713336 3.132861 1.04964 -52.67327
945 28.346564576103514 -47.80971028099114 -58.53629231434539 3.069795 1.042836 -51.90721
946 28.252610645243784 -47.91674903269798 -57.78209697489874 3.005492 1.035311 -51.14242
947 28.147861390186154 -48.01834196456091 -57.02706623017614 2.937896 1.027891 -50.37643
948 28.15092896176821 -48.13391136509199 -56.26876539880677 2.871709 1.018952 -49.61228
949 28.12369389725159 -48.22896834732501 -55.505920385736275 2.80322 1.010036 -48.84616
950 28.083621604824014 -48.33338565543211 -54.74762054000741 2.741985 0.9980856 -48.0822
951 28.002284896911117 -48.42505446544796 -53.99208210150307 2.690256 0.9818285 -47.31871
952 27.89093659981052 -48.53104210719702 -53.242564843716785 2.632847 0.9665624 -46.5559
953 27.883879264273155 -48.641851834796995 -52.48969071894664 2.573747 0.9515027 -45.79733
954 27.832717394538413 -48.76239730029096 -51.74100035854382 2.514617 0.9390078 -45.03968
955 27.81116994509524 -48.86195907367182 -50.9921015199087 2.455917 0.9260055 -44.28628
956 27.706045067253005 -48.95861907852828 -50.25252150795159 2.395278 0.9139468 -43.53558
957 27.635914033931314 -49.049585223031485 -49.51042601132298 2.336487 0.9025269 -42.78704
958 27.571727176970896 -49.14809722985456 -48.77419007226323 2.281395 0.8911355 -42.0436
959 27.540746554635696 -49.24143310694078 -48.03911433915455 2.229024 0.8765595 -41.30397
960 27.46269443815734 -49.347615535335294 -47.31913803239699 2.176053 0.8564019 -40.57423
961 27.402498595420806 -49.44361823952744 -46.60537616652435 2.128161 0.8397655 -39.85331
962 27.317824737933716 -49.52830349235439 -45.9022474830297 2.080478 0.8233957 -39.14184
963 27.25933724210954 -49.62610259673865 -45.20856553545121 2.023801 0.8103769 -38.44127
964 27.16655234380486 -49.714087777097056 -44.53112655204319 1.97541 0.7933529 -37.75378
965 27.107419084827832 -49.79927317433749 -43.862697610766276 1.93323 0.7801851 -37.0788
966 27.10597514464091 -49.87931802508406 -43.20205642102009 1.89552 0.7597285 -36.41471
967 27.038657036748166 -49.958272779507496 -42.5514301137183 1.851613 0.7422292 -35.75756
968 26.943191982337048 -50.0456709471069 -41.910917347130386 1.807991 0.7220826 -35.10587
969 26.87048524348397 -50.135674713761006 -41.27197635227224 1.766675 0.7015109 -34.45818
970 26.83278836502727 -50.22988369475341 -40.63409844265368 1.727417 0.6817103 -33.81378
971 26.775391214855652 -50.30799747939013 -40.00316091445148 1.687773 0.6642943 -33.17691
972 26.72589629627917 -50.3989325440926 -39.37763600420211 1.645582 0.6488052 -32.54447
973 26.67567870350943 -50.478803824297145 -38.75586867422095 1.602843 0.6337501 -31.91722
974 26.601723066085476 -50.561841012645914 -38.14042019306992 1.561553 0.6192475 -31.29334
975 26.592428946766567 -50.64964246030772 -37.52657469086321 1.524724 0.6035847 -30.67447
976 26.56803926794237 -50.726965463713114 -36.915311065449174 1.488055 0.5854894 -30.05921
977 26.514622452369903 -50.816079963572655 -36.31261907161427 1.45003 0.5615753 -29.44928
978 26.48577364172988 -50.88631597415263 -35.70689564869547 1.412389 0.5423823 -28.84028
979 26.444603903462536 -50.97508652990909 -35.10777210726141 1.378315 0.5196914 -28.2346
980 26.382961496399048 -51.0537448508069 -34.51051426370639 1.340783 0.4975266 -27.63061
981 26.334327417564964 -51.12494120961002 -33.91346546169886 1.305986 0.4776523 -27.0287
982 26.25998491755995 -51.21933729269563 -33.32615943457779 1.267692 0.4591265 -26.43074
983 26.204551606284763 -51.2912579363805 -32.734907237087995 1.229249 0.4405908 -25.83408
984 26.16193475162532 -51.384423058019784 -32.14781941489128 1.191105 0.4256449 -25.23953
985 26.11940842827266 -51.46792343896513 -31.561196612867377 1.152074 0.4124776 -24.6469
986 26.065575913087216 -51.546238694521946 -30.98096022847332 1.111448 0.4026685 -24.06042
987 26.01968846627399 -51.65049672092806 -30.406892480561044 1.067365 0.3920096 -23.47692
988 25.958536842162513 -51.72134972210494 -29.834215350033453 1.022814 0.381693 -22.89845
989 25.90011458758915 -51.799983858205756 -29.26891273648842 0.9777518 0.3707154 -22.3266
990 25.799529050676803 -51.83657123318621 -28.716303893418868 0.9345741 0.3612177 -21.76546
991 25.72559781287476 -51.902564254520236 -28.170271257641193 0.8867823 0.3506486 -21.21267
992 25.66643229976385 -51.98977389747493 -27.636677268351548 0.8446471 0.3428022 -20.67046
993 25.59839731529176 -52.054084659125046 -27.113019855686822 0.8029049 0.3330321 -20.14023
994 25.505823664336656 -52.101305941143416 -26.601918210923763 0.7667103 0.3282057 -19.61995
995 25.450040102450085 -52.16992256020028 -26.100088709795124 0.7322119 0.3216458 -19.1116
996 25.402236488160305 -52.229418963745054 -25.609197391751263 0.6995025 0.3170837 -18.61591
997 25.3833036672843 -52.28432541327922 -25.127671101771913 0.6673674 0.3108239 -18.132
998 25.32336054292069 -52.35245229706802 -24.660573901817948 0.6355362 0.3060331 -17.65726
999 25.251090122201667 -52.415337176158886 -24.20833529893448 0.6017668 0.2964822 -17.19632
1000 25.19663579528359 -52.46985948368521 -23.761552958039584 0.5679449 0.2867121 -16.74431
1001 25.146159358688745 -52.5195928004943 -23.32877914636279 0.5366303 0.2753636 -16.30704
1002 25.12139701640415 -52.58147326552642 -22.911683551943142 0.5073413 0.2644759 -15.88581
1003 25.07111241329983 -52.63493100288335 -22.495900398526164 0.4756959 0.2538892 -15.46492
1004 25.01672978120622 -52.69244896817491 -22.133293453936368 0.4466098 0.2450817 -15.09502
1005 24.988166779198778 -52.74360213471709 -21.768317229719504 0.4170347 0.2363433 -14.72666
1006 24.963253254548693 -52.79553627825778 -21.430626996687135 0.3916312 0.2279003 -14.38514
1007 24.968350051794747 -52.84704482414194 -21.113281260874707 0.3699658 0.2140665 -14.06463
1008 24.92893273594958 -52.89525885443773 -20.814932842749105 0.3512582 0.2032018 -13.76062
1009 24.93416883721346 -52.94188641207691 -20.531668149489658 0.3319222 0.1919107 -13.47437
1010 24.93657087034231 -52.98876374104812 -20.25970150780812 0.3139292 0.1822253 -13.19914
1011 24.929972505885118 -53.02840031413751 -19.993406450678968 0.299516 0.1737489 -12.93035
1012 24.899571519074673 -53.0550654228846 -19.73574097675183 0.2860852 0.1660659 -12.66999
1013 24.905761205412162 -53.10219791910904 -19.480734007285765 0.2755991 0.1593153 -12.41089
1014 24.836596144559465 -53.141730572456645 -19.235094001420922 0.2638684 0.1529288 -12.153
1015 24.80467232643203 -53.17389421969607 -18.982649473388022 0.2561202 0.1472591 -11.8967
1016 24.829921631571466 -53.205074901294864 -18.732505847638194 0.2503151 0.1411226 -11.6435
1017 24.80338292070265 -53.23217295628934 -18.48258269476728 0.2385751 0.1355226 -11.39105
1018 24.789969614411422 -53.262101433160474 -18.233443823971513 0.2255563 0.1287714 -11.14019
1019 24.769277565037175 -53.3004131085039 -17.989988768761126 0.2115382 0.1228655 -10.89334
1020 24.746950616391207 -53.330066985946914 -17.74395149896784 0.1981649 0.1204292 -10.64489
1021 24.73502876934778 -53.367769775267384 -17.499896507942434 0.1839541 0.1141874 -10.39814
1022 24.669954434313834 -53.39173039854257 -17.2634439799013 0.1693736 0.1079282 -10.15224
1023 24.655931647248845 -53.431446832885456 -17.021947898036217 0.151201 0.1010753 -9.907869
1024 24.591095780001144 -53.45215204735363 -16.788099201703844 0.132765 0.09648987 -9.665059
1025 24.58027619831291 -53.48736129600916 -16.549536669735783 0.1131098 0.09200309 -9.424513
1026 24.546047901295957 -53.521175635946065 -16.312313116869415 0.09101141 0.08827309 -9.183499
1027 24.467260945907473 -53.539734846039316 -16.089282763572346 0.06543519 0.08241309 -8.94769
1028 24.41839570746847 -53.55141300938392 -15.859140757322594 0.04083069 0.07406821 -8.713565
1029 24.38588816824171 -53.585844823206685 -15.625773672174441 0.01685971 0.06895291 -8.476707
1030 24.355493030280083 -53.61990474951203 -15.394762952418827 -0.008130694 0.0653196 -8.242587
1031 24.342501559907458 -53.657901422060704 -15.162689133365847 -0.0370814 0.06224212 -8.008871
1032 24.297301507627864 -53.69249981592045 -14.936765435493319 -0.07086213 0.05793854 -7.778389
1033 24.247620933563407 -53.72282227264935 -14.713001377778744 -0.1055715 0.0505747 -7.549918
1034 24.20254680740505 -53.74763309408091 -14.488556216553954 -0.1332081 0.04493818 -7.321385
1035 24.195677522682914 -53.78479939510173 -14.262911743175692 -0.1584155 0.04066731 -7.09403
1036 24.17581516228293 -53.80246768134519 -14.03677357645258 -0.1817262 0.03554511 -6.867589
1037 24.161607402573434 -53.83423730017859 -13.808358476384761 -0.2082007 0.02607704 -6.638255
1038 24.144661560541284 -53.85878140282242 -13.583068741516769 -0.2343012 0.01689914 -6.41269
1039 24.17146022839979 -53.89688503566259 -13.362311339158158 -0.2605138 0.006487083 -6.188841
1040 24.12110646582227 -53.92715228237961 -13.14563531223716 -0.2848702 -0.002995286 -5.965868
1041 24.133214987011655 -53.97326597994788 -12.925785530126868 -0.3079171 -0.01257988 -5.742297
1042 24.082536881139717 -54.0073315804171 -12.710263157005876 -0.3276403 -0.02120828 -5.519328
1043 24.076638207395398 -54.029497456489075 -12.487443735995651 -0.3442492 -0.02776683 -5.296044
1044 24.09075722277187 -54.06305035106929 -12.262660722963487 -0.3603525 -0.03365884 -5.068979
1045 24.103325522594428 -54.1020617532146 -12.030498024728876 -0.3761889 -0.0401751 -4.833849
1046 24.13320103918114 -54.12100306018799 -11.785735275116805 -0.3883831 -0.04408253 -4.586875
1047 24.111859774492707 -54.154690485736786 -11.529611499211162 -0.4015895 -0.04852264 -4.32804
1048 24.15473454650113 -54.18935165122684 -11.264561957915475 -0.4129028 -0.05184738 -4.057574
1049 24.165702465480667 -54.22196877257622 -10.984918704212813 -0.4240876 -0.05696394 -3.77609
1050 24.133371230945013 -54.25918716128098 -10.696022601732606 -0.4312891 -0.06308662 -3.48317
1051 24.030558691526792 -54.286462531050375 -10.413636254576284 -0.4408512 -0.06990187 -3.181643
1052 24.048636168473454 -54.329729175769046 -10.107971399451635 -0.454006 -0.07544684 -2.872732
1053 24.02239674790052 -54.3867133778887 -9.797190223420202 -0.4645429 -0.08065293 -2.5559
1054 23.979042628771957 -54.45083997401168 -9.481814495096826 -0.4725894 -0.08314586 -2.231273
1055 23.97359576221951 -54.498764356656444 -9.150916069619097 -0.4804756 -0.08733471 -1.896997
1056 23.984746332841656 -54.54800082623508 -8.813820462292753 -0.4879376 -0.0933525 -1.556277
1057 23.962849861566834 -54.59789561710497 -8.468597374265734 -0.4929063 -0.09990064 -1.206877
1058 23.996233959365995 -54.65206131143283 -8.118064668833272 -0.4949177 -0.1050763 -0.8506597
1059 24.00935446212231 -54.68044745068911 -7.75384313250606 -0.4997101 -0.1105933 -0.4851712
1060 23.925452836258305 -54.74365149479926 -7.392335213140539 -0.5088378 -0.1157865 -0.1088576
1061 24.01892063271164 -54.78688972453916 -7.018679818953252 -0.5209827 -0.1196282 0.2785206
1062 24.00758677079567 -54.81319752006794 -6.618263483359492 -0.5115556 -0.1105472 0.6797468
1063 23.969646798249407 -54.870982101055446 -6.212809284390718 -0.4737364 -0.09224491 1.0889
1064 24.045671629100948 -54.93095768785176 -5.81935420337865 -0.4339981 -0.08769902 1.492117
1065 24.08731982786494 -55.00479122280432 -5.4275689860199074 -0.3883676 -0.0866064 1.890361
1066 24.116817171379047 -55.06411690596917 -5.041547496773706 -0.3696291 -0.09413486 2.281506
1067 24.041313994154898 -55.114425560359294 -4.66459974739598 -0.3685772 -0.09619576 2.669212
1068 24.004627015104035 -55.16770309293304 -4.288183743532681 -0.3877857 -0.09757224 3.05066
1069 23.99731892870887 -55.25862607613327 -3.920444548901205 -0.4147316 -0.0994854 3.428579
1070 23.899710335818437 -55.304465291942236 -3.5606909171376793 -0.4428038 -0.1044886 3.803063
1071 23.832578136802585 -55.362195551428876 -3.1977126469405492 -0.473375 -0.113 4.175334
1072 23.748972800711247 -55.41708922667656 -2.8376201960459833 -0.5212578 -0.1244534 4.545801
1073 23.630660282665815 -55.449083958972125 -2.4882409688220632 -0.5907949 -0.1371187 4.909245
1074 23.57186719439038 -55.496286162965795 -2.133800620694602 -0.6694622 -0.1454802 5.262875
1075 23.431089050278874 -55.54995871902901 -1.8111868483487803 -0.754007 -0.1526452 5.608678
1076 23.33436665678187 -55.60550427444072 -1.4759424379001291 -0.8389403 -0.1577788 5.951591
1077 23.17163288884904 -55.636115122415625 -1.165007659226724 -0.9296743 -0.162834 6.291946
1078 23.043063985251823 -55.670380254201966 -0.8414765510626812 -1.032008 -0.1682553 6.626423
1079 22.890460896951808 -55.69969560751217 -0.5300627374816451 -1.13596 -0.1742996 6.958512
1080 22.79109071203259 -55.74723894461929 -0.20436401802478393 -1.22934 -0.1749966 7.289411
1081 22.730133001791224 -55.796006690914005 0.12520181846410788 -1.312862 -0.176227 7.617634
1082 22.668501411277003 -55.84096348860924 0.45051360027453813 -1.383808 -0.178361 7.944145
1083 22.59045634191842 -55.87186716767618 0.7490609583082353 -1.438607 -0.1800396 8.249384
1084 22.513993172327705 -55.897667676024994 1.0126732213979763 -1.485319 -0.1784785 8.521081
1085 22.43445720212204 -55.932456452433335 1.2308088654785896 -1.531094 -0.1800686 8.751345
1086 22.370865893288858 -55.971319476117074 1.414934759576758 -1.56547 -0.1843807 8.946937
1087 22.344966387104698 -55.993623460696135 1.5727317333012356 -1.589383 -0.1876084 9.10658
1088 22.3304148894434 -56.0166011309474 1.6962010176876263 -1.603789 -0.1880929 9.232185
1089 22.3304148894434 -56.0166011309474 1.6962010176876263 -1.615795 -0.188175 9.324632
1090 22.3304148894434 -56.0166011309474 1.6962010176876263 -1.626597 -0.1885721 9.380866
1091 22.3304148894434 -56.0166011309474 1.6962010176876263 -1.634967 -0.1888051 9.405472
1092 22.3304148894434 -56.0166011309474 1.6962010176876263 -1.635852 -0.1890361 9.404838
1093 22.3304148894434 -56.0166011309474 1.6962010176876263 -1.636807 -0.1924645 9.386956
1094 22.3304148894434 -56.0166011309474 1.6962010176876263 -1.637558 -0.1977199 9.378778
1095 22.3304148894434 -56.0166011309474 1.6962010176876263 -1.640332 -0.1993791 9.376167
1096 22.3304148894434 -56.0166011309474 1.6962010176876263 -1.641127 -0.1963128 9.372464
1097 22.3304148894434 -56.0166011309474 1.6962010176876263 -1.643107 -0.1932542 9.369584
1098 22.3304148894434 -56.0166011309474 1.6962010176876263 -1.64354 -0.1932834 9.37105
1099 22.3304148894434 -56.0166011309474 1.6962010176876263 -1.643726 -0.1924916 9.370281
1100 22.3304148894434 -56.0166011309474 1.6962010176876263 -1.643555 -0.191078 9.367453
