0 0.0 0.0 0.0 5.551115e-17 0.0 2.220446e-16
1 0.0 0.0 0.0 -0.004596714 -0.002001524 0.09154274
2 0.0 0.0 0.0 -0.01001116 -0.004359704 0.1857373
3 0.0 0.0 0.0 -0.01753371 -0.006859665 0.2834672
4 -0.05504175281693926 0.004672214679127223 0.0886289508242382 -0.02863192 -0.00672666 0.38731
5 -0.031136299184053 0.010401567149349176 -0.02340749977835102 -0.04273697 -0.007303015 0.5011396
6 -0.06443366430472319 0.007407647712910903 0.10011666897985277 -0.06000009 -0.008065471 0.6279359
7 -0.07176508338570312 0.0018807927158242047 0.24067438158480975 -0.08275693 -0.008995 0.7669396
8 -0.0824591348660011 -0.0068494250573961045 0.39455690329693976 -0.1090497 -0.01033982 0.9191805
9 -0.08413675567605813 -0.013293657232649515 0.5603740218134026 -0.1415335 -0.01195088 1.081913
10 -0.123141861077332 -0.034390340479969014 0.7288212307343899 -0.1816057 -0.01604515 1.251378
11 -0.2336751052332965 -0.039633343114811016 0.872917220056678 -0.2325643 -0.02265364 1.425643
12 -0.33214281886396413 -0.018853547179543913 1.0326485072666356 -0.293459 -0.03116429 1.60414
13 -0.417887701620325 -0.023720101065274418 1.2097961716907921 -0.3616512 -0.03933357 1.78864
14 -0.46370696253957383 -0.03716301272760762 1.408995142224559 -0.4366243 -0.04313507 1.979231
15 -0.5502933549108489 -0.04885860418486836 1.602127733625049 -0.5224919 -0.04573638 2.17302
16 -0.6625195755494785 -0.04535464795129705 1.7898420774003085 -0.620094 -0.04902232 2.368741
17 -0.7570535164052977 -0.061282488306340144 1.991278556924363 -0.7248452 -0.05140743 2.565689
18 -0.9660140593066453 -0.05508381228629558 2.0721556499101035 -0.8394934 -0.05397789 2.758285
19 -1.0672915476246878 -0.07413280446401346 2.2795508208427617 -0.9687591 -0.05101001 2.950416
20 -1.1751543980654744 -0.06999336574336727 2.487624095278954 -1.103633 -0.04676236 3.142085
21 -1.3107822865180863 -0.07298920842567988 2.6811619163601805 -1.242764 -0.04292676 3.333105
22 -1.4262561410855212 -0.0859902975210392 2.893249583422844 -1.392475 -0.04238966 3.523028
23 -1.5809372219618454 -0.07494194498201345 3.0910086665228165 -1.564446 -0.04491985 3.706267
24 -1.7903161130420921 -0.07252940134794258 3.250558848040181 -1.761568 -0.04899414 3.880703
25 -1.9665982006916303 -0.07014841672644095 3.452039573419664 -1.969361 -0.05141144 4.049498
26 -2.1575990086881287 -0.07355313111537844 3.649338899537865 -2.187835 -0.05358748 4.215884
27 -2.366499312652087 -0.07207623095131777 3.8388827422908314 -2.415527 -0.05318918 4.382391
28 -2.5942532235842974 -0.06488460800295257 4.024562256754639 -2.663146 -0.05287039 4.540774
29 -2.8549157957577065 -0.04580692468335275 4.1795201488426175 -2.929115 -0.05283789 4.68768
30 -3.1294809320086694 -0.056372913617815164 4.338357620401803 -3.215512 -0.0513893 4.824434
31 -3.4155917588068174 -0.06029675230018171 4.4959844665988875 -3.517839 -0.04877551 4.948178
32 -3.713835555221036 -0.054165861991513076 4.6533476917495005 -3.836955 -0.04505658 5.057271
33 -4.052098710793147 -0.04860923885868785 4.756106364305848 -4.17713 -0.03878842 5.153468
34 -4.408240171325282 -0.03691754780838594 4.8403969890898875 -4.534335 -0.03325067 5.233794
35 -4.783511794804918 -0.03958928982738075 4.916720600771236 -4.911075 -0.02945435 5.302451
36 -5.164873411782967 -0.056550216520743504 5.008613263843903 -5.299329 -0.02697748 5.360943
37 -5.567780571632667 -0.06897284721873972 5.037148007922156 -5.701357 -0.02303083 5.401694
38 -5.985675669921229 -0.06841514025085643 5.090188674219636 -6.122091 -0.01604266 5.42129
39 -6.421914706003907 -0.07963186013188045 5.114693149588912 -6.558994 -0.005757046 5.427674
40 -6.871009870988171 -0.08839225460521996 5.146001951758662 -7.009091 0.006191584 5.424017
41 -7.335562870485285 -0.09284488540318227 5.153504873052237 -7.473426 0.01625113 5.410697
42 -7.813067124700834 -0.09304924686385163 5.1504460562355 -7.950411 0.02306424 5.389282
43 -8.308353592301213 -0.1005327418685455 5.136383074494279 -8.444612 0.03066422 5.353644
44 -8.816092560873509 -0.12225666678467663 5.09018130904444 -8.953007 0.04057477 5.310729
45 -9.344854524400121 -0.13419664243598886 5.063252324502679 -9.480377 0.05248992 5.263869
46 -9.88966115597788 -0.13929810724148328 5.041526460861694 -10.02302 0.06141731 5.211227
47 -10.447742110785404 -0.14195686944435323 5.00563489938867 -10.57921 0.06596199 5.153075
48 -11.024434946913114 -0.15465084294769843 5.0256474437775775 -11.15274 0.06936405 5.08836
49 -11.613071010638066 -0.1716552195449867 4.988386961255282 -11.73941 0.07855473 5.02588
50 -12.220966626603968 -0.17643969577902946 4.989191251097932 -12.34412 0.09123047 4.964841
51 -12.843043643476134 -0.1829983198653927 4.9483654744613235 -12.96427 0.1026715 4.901812
52 -13.480667921651461 -0.19843340423027409 4.904087117444834 -13.60015 0.1095163 4.835681
53 -14.1354511918696 -0.20969306798329226 4.8860163052599965 -14.25164 0.1178242 4.767225
54 -14.800825697678189 -0.20731993166895066 4.870837774550398 -14.91341 0.1296149 4.697363
55 -15.48199156543954 -0.2090394759939906 4.810763890938226 -15.59372 0.1450798 4.629999
56 -16.1826098052759 -0.21332724084330193 4.80531723236976 -16.29098 0.1622254 4.563302
57 -16.898141883213512 -0.2294103926571395 4.758409813579385 -17.00478 0.1770188 4.49463
58 -17.628021648693608 -0.2608925768220385 4.7168175177147775 -17.73322 0.1905594 4.426532
59 -18.36972774691412 -0.2667855895412504 4.700713003893774 -18.47183 0.2092753 4.359249
60 -19.122233531906218 -0.27786602318757625 4.630776044561292 -19.22427 0.2305555 4.290984
61 -19.888496362895246 -0.27862851220332513 4.590474443119886 -19.98833 0.2503189 4.223122
62 -20.673471607624304 -0.26854354425388677 4.529466215786989 -20.7731 0.2703516 4.161929
63 -21.466679135655276 -0.2893738866885755 4.501342645851121 -21.56448 0.2880249 4.100217
64 -22.26833300559641 -0.3120661765295407 4.472494021830727 -22.36419 0.3062236 4.035961
65 -23.069392911913788 -0.30694226027345833 4.420849677633539 -23.16415 0.3216152 3.971019
66 -23.8758401564046 -0.3342981463613153 4.3822268675482 -23.9695 0.3342058 3.90897
67 -24.698048681705163 -0.346125507665045 4.3830382592566135 -24.78947 0.3492536 3.849052
68 -25.52769385281847 -0.37684474726837824 4.33060927174429 -25.61886 0.3615096 3.786079
69 -26.372500928748295 -0.4041123738768321 4.312385376824502 -26.46136 0.3717697 3.716343
70 -27.220676234608053 -0.4117007468365582 4.268884216714811 -27.30755 0.3854991 3.644752
71 -28.068924238155443 -0.4168090581341327 4.237675654038571 -28.15287 0.4028815 3.569541
72 -28.91646545654976 -0.4331514396348566 4.203661671427612 -28.99762 0.4194172 3.492898
73 -29.759226544612066 -0.4548927263193037 4.2102060432061315 -29.83721 0.4370064 3.41846
74 -30.59892917156134 -0.47573297226847894 4.183476536579951 -30.67424 0.4566603 3.346046
75 -31.442716886553036 -0.5055062909308745 4.146960230962302 -31.51586 0.4763855 3.27199
76 -32.284289719272955 -0.5231574086833849 4.1322803093390945 -32.35442 0.4917256 3.198821
77 -33.12732374977606 -0.5624397874809469 4.1095029370864 -33.19517 0.5076454 3.123626
78 -33.9599218686264 -0.5962265350827588 4.066377190963949 -34.02626 0.5241899 3.051261
79 -34.79589396079426 -0.6267712573597481 4.041006263613777 -34.86004 0.5386702 2.980358
80 -35.633172513233916 -0.6645940740010832 3.996198648924867 -35.69639 0.550032 2.910621
81 -36.47082264534979 -0.7051182311672933 4.040767174456499 -36.53345 0.5579548 2.843137
82 -37.31077445027856 -0.7333494997461675 3.973050159425205 -37.37375 0.5707777 2.77507
83 -38.1498206900004 -0.7702426768958087 3.8901915772754063 -38.21476 0.5878615 2.706985
84 -38.98664843013912 -0.7832460106340035 3.917797368255393 -39.04918 0.6055646 2.638855
85 -39.81780794423466 -0.8021475470871426 3.8362147415682544 -39.88167 0.6246496 2.572257
86 -40.648457660205196 -0.8463063997977027 3.7907845344722557 -40.71171 0.6464858 2.504806
87 -41.47774723868856 -0.8690104217881565 3.776638330897798 -41.5384 0.6640169 2.436154
88 -42.30448389549156 -0.915306474399338 3.716792877532864 -42.3652 0.6807227 2.363072
89 -43.13374888193143 -0.9392314825635312 3.715161959516495 -43.19143 0.6977483 2.290205
90 -43.95774650554725 -0.9544070205953865 3.652422132969258 -44.01519 0.7092788 2.223683
91 -44.78046658814936 -0.9586612362688199 3.5778062387294933 -44.83883 0.7206987 2.160908
92 -45.6030353294188 -1.0005586028659093 3.530653280324064 -45.66121 0.7331961 2.096619
93 -46.42795668616348 -1.014624302422499 3.5304463032616 -46.48335 0.7434451 2.028253
94 -47.253708805060064 -1.0384113509031736 3.4908176941547775 -47.30744 0.7534145 1.959122
95 -48.07245702535535 -1.0476804824814674 3.481926633146305 -48.12333 0.7646921 1.890493
96 -48.88155883312619 -1.086651800577175 3.4133687133902355 -48.93314 0.7767209 1.820295
97 -49.68542575952735 -1.1223735648524018 3.360432449279751 -49.73553 0.7874193 1.740695
98 -50.48562506744446 -1.1494551833582944 3.3306150877215055 -50.53252 0.7989932 1.659366
99 -51.28619100736608 -1.146551145663069 3.3145837566320933 -51.32871 0.8126433 1.575304
100 -52.08319299350767 -1.1510073398725795 3.269631394700676 -52.12276 0.8219496 1.493752
101 -52.87585560220287 -1.1724513526498996 3.190169667098308 -52.9159 0.8317695 1.416807
102 -53.66571703700693 -1.1850930880395611 3.1744828737323854 -53.70196 0.8419538 1.337479
103 -54.44971144951436 -1.2072095166087469 3.1228406760381517 -54.484 0.8494927 1.258994
104 -55.229780800295444 -1.2298295810252786 3.0636760221410118 -55.26303 0.8601357 1.184702
105 -56.004624008377746 -1.2429691597472348 2.9881324095415724 -56.03808 0.8696735 1.110756
106 -56.78003842005262 -1.2637533261172176 2.94864719222891 -56.81074 0.8820234 1.032637
107 -57.54732827574723 -1.282898579103743 2.9296788123869972 -57.5746 0.8957003 0.956539
108 -58.30112457716274 -1.2998017499738554 2.8383208100661266 -58.33039 0.9106542 0.883063
109 -59.05065359955461 -1.3124503103235157 2.79525014434633 -59.07759 0.9234551 0.8100074
110 -59.78649369473658 -1.3309041375057802 2.767006622810053 -59.8104 0.9337799 0.7359683
111 -60.51476052612739 -1.3616777660313524 2.7279669568863283 -60.53658 0.9432177 0.6623665
112 -61.224815707875635 -1.3829221744210842 2.6738760308146956 -61.24548 0.9508013 0.5919478
113 -61.922309214089175 -1.4030667195319675 2.6494683497647245 -61.94033 0.9565112 0.5237598
114 -62.60214995501949 -1.4275112878088319 2.5917065168166222 -62.62022 0.960729 0.4617179
115 -63.26897215967448 -1.4547840265546657 2.5859056463789045 -63.28551 0.9654748 0.4088407
116 -63.918831718798536 -1.4657576502665357 2.539201802186304 -63.93546 0.9696725 0.3622951
117 -64.55437209105912 -1.4880283817443727 2.5142258313076615 -64.57047 0.974213 0.3201877
118 -65.1739263550081 -1.5137844817298551 2.494167073359448 -65.18991 0.9801827 0.2859581
119 -65.77567073516698 -1.5193588704235443 2.479417039799996 -65.79136 0.9882448 0.2627668
120 -66.35875630803012 -1.5179269096021166 2.518187150476114 -66.37563 0.9966522 0.2555668
121 -66.91649066849774 -1.5195902781340418 2.583236134501817 -66.93703 1.003712 0.2646196
122 -67.4561729021662 -1.529048974686156 2.6121011817607154 -67.47673 1.009213 0.2941699
123 -67.96894286176763 -1.5391492292369329 2.672161146049524 -67.99052 1.013813 0.3455598
124 -68.45779322913727 -1.5522291718824148 2.759232053705097 -68.48214 1.016477 0.4164808
125 -68.92918414141597 -1.568472315396803 2.849330551578635 -68.95412 1.019824 0.5048813
126 -69.38614314818606 -1.5721893766351722 2.9174029554648753 -69.40376 1.021543 0.6110892
127 -69.82974747314158 -1.6065166299875484 3.047516524277994 -69.84846 1.023928 0.7419667
128 -70.24822852029313 -1.6285213060628552 3.2090021793088175 -70.27047 1.024337 0.8955753
129 -70.6464369311762 -1.6355580522572788 3.4206304675069132 -70.68171 1.023888 1.080744
130 -71.03937758309205 -1.6386454553483274 3.6137872484339963 -71.06861 1.025888 1.285746
131 -71.40182490408034 -1.6922816396562204 3.8672730259705212 -71.45144 1.032362 1.51356
132 -71.7655373720984 -1.7084313059326859 4.105667767500967 -71.81419 1.040291 1.753829
133 -72.10808872876208 -1.724327480645989 4.383289728025252 -72.17075 1.045549 2.013647
134 -72.42802132246712 -1.76235852900545 4.682979346096772 -72.50742 1.049184 2.296944
135 -72.77686418010607 -1.7807732898996342 4.933745190957077 -72.81071 1.052187 2.601772
136 -73.08182220599197 -1.8224849002137884 5.230650434748376 -73.10855 1.052214 2.908665
137 -73.34656568044832 -1.868490627091597 5.5497027637168745 -73.38524 1.051991 3.220823
138 -73.59600255814289 -1.909106529830435 5.899748153394688 -73.65932 1.056081 3.554385
139 -73.84864239796138 -1.9464131410439607 6.255664507339334 -73.91333 1.058753 3.91127
140 -74.09196563830592 -1.9827361060137014 6.649106305816621 -74.16588 1.057855 4.300551
141 -74.32936619789453 -2.006894478776501 7.065475695607066 -74.40171 1.057076 4.71851
142 -74.54200209437734 -2.0453151076758145 7.501509776903398 -74.61515 1.053457 5.155827
143 -74.7372003300252 -2.10469889795181 7.971754458006134 -74.8256 1.044844 5.623155
144 -74.96221155519416 -2.139244964750518 8.443516806552205 -75.01816 1.038119 6.110247
145 -75.14165224127385 -2.1989538440816956 8.95073886531766 -75.20557 1.035836 6.618096
146 -75.26787406219717 -2.2520828852473955 9.495432835014057 -75.37989 1.030282 7.151976
147 -75.421793809376 -2.303678167999186 10.048794411554356 -75.5393 1.020134 7.706095
148 -75.54046088908497 -2.3539842063317695 10.629661559395087 -75.69196 1.010452 8.281091
149 -75.68876638454665 -2.4002458032894536 11.220381192324103 -75.83698 1.004688 8.874404
150 -75.81000462028025 -2.4240221228144914 11.836834397120061 -75.98069 0.9966334 9.486418
151 -75.94488077453839 -2.462104971562752 12.462980968302752 -76.12225 0.9889481 10.1122
152 -76.06815438554139 -2.504838735178541 13.107147072176407 -76.25804 0.9812746 10.75522
153 -76.2324279126683 -2.525276028672432 13.75718668284482 -76.37903 0.9768095 11.41499
154 -76.34910530754438 -2.580273583109702 14.430992452849132 -76.49294 0.973449 12.0915
155 -76.42343656141242 -2.6326229010310613 15.126337098544585 -76.60203 0.9705966 12.78422
156 -76.5269481102643 -2.69170874486641 15.833336450626893 -76.70271 0.9650851 13.49407
157 -76.6666314663941 -2.721007312211483 16.54375345379574 -76.79658 0.9546485 14.2125
158 -76.7316169029455 -2.7836691804347446 17.276512848229544 -76.88462 0.9437305 14.94545
159 -76.81286978722014 -2.839759141518969 18.01670440983521 -76.96463 0.9352274 15.68785
160 -76.89861302725149 -2.9031958724420157 18.77207194596022 -77.04091 0.9267552 16.44684
161 -77.00391086782001 -2.95690585522932 19.538763580532482 -77.11873 0.9133109 17.21856
162 -77.08256321064441 -3.0196540247680907 20.31155698344031 -77.19881 0.8975356 17.99359
163 -77.13380882362787 -3.0723825810898178 21.085562664419935 -77.27201 0.885944 18.76754
164 -77.19180900892495 -3.124553343882799 21.85089406895728 -77.33723 0.87656 19.53401
165 -77.30360296356285 -3.1615321586069536 22.612161243337617 -77.40244 0.867371 20.30151
166 -77.31986038634554 -3.2144160695100634 23.383602873691377 -77.46374 0.8595219 21.07246
167 -77.36326355926163 -3.2478481279148896 24.15433496622022 -77.52113 0.8514204 21.84296
168 -77.41142278554646 -3.3000933297493487 24.92428485828295 -77.5734 0.8408161 22.61434
169 -77.4891929041933 -3.32344769028964 25.68494381393894 -77.6221 0.8279106 23.37766
170 -77.55744297764977 -3.357136211435967 26.443757599237152 -77.67675 0.8191268 24.13827
171 -77.61429784771224 -3.42272529559038 27.20094441298589 -77.7342 0.8046718 24.89811
172 -77.64072976300328 -3.480670357716584 27.957098885861768 -77.78961 0.7903154 25.65478
173 -77.66433357412686 -3.5445595773051055 28.7234625265514 -77.84614 0.7739409 26.42191
174 -77.69618461487028 -3.5846963579362368 29.4834284898549 -77.90878 0.7508496 27.18067
175 -77.76392009243315 -3.6269100697961245 30.24048017439652 -77.96897 0.7293732 27.93923
176 -77.77799982135132 -3.6845579300860036 30.992808446823812 -78.02007 0.713706 28.692
177 -77.81450012724848 -3.738857748692028 31.740135074073006 -78.06469 0.6969693 29.44067
178 -77.8435020331552 -3.8125272949784343 32.48960431803268 -78.1097 0.6798769 30.19277
179 -77.84366689679746 -3.8666336877106504 33.24212398145782 -78.15548 0.6647429 30.94569
180 -77.88241017315035 -3.9251255309974216 33.99586920227322 -78.1981 0.6476766 31.7013
181 -77.88153872106855 -3.9777358254529545 34.758367738972225 -78.24233 0.6301632 32.46413
182 -77.92576460081587 -4.026854804908452 35.524137717512666 -78.29498 0.6149092 33.23079
183 -77.96647178523111 -4.086170819663434 36.29278534038776 -78.34624 0.5990528 34.00093
184 -77.98012909050983 -4.145131337211544 37.06841696324431 -78.39928 0.5789981 34.77685
185 -78.02374721259375 -4.197162101496046 37.85191157838522 -78.44974 0.5641545 35.56152
186 -78.05699609319699 -4.245664337570894 38.638010017873896 -78.50718 0.5473641 36.34754
187 -78.13557840190254 -4.3106332763153405 39.43022388766028 -78.57152 0.5285291 37.14347
188 -78.18886761629057 -4.351996704053592 40.224233353678756 -78.63617 0.5110168 37.93752
189 -78.24875482831966 -4.435039448653234 41.01812938265673 -78.7004 0.4940833 38.73523
190 -78.32391105888986 -4.472657893566548 41.82703646817179 -78.7627 0.4825696 39.54602
191 -78.36056319344817 -4.536571338523424 42.64509171211808 -78.82862 0.4646182 40.36454
192 -78.3836407604456 -4.610106842128911 43.47458803652884 -78.89593 0.4461482 41.19468
193 -78.42680234528231 -4.675181087215239 44.30943675371616 -78.95989 0.4339025 42.03064
194 -78.49075304996927 -4.751783977705107 45.15011018672026 -79.02897 0.420782 42.87429
195 -78.55736571999704 -4.8260690358926235 45.99786325759636 -79.10034 0.4039919 43.72474
196 -78.58184079275621 -4.882363335536119 46.8529379579975 -79.1713 0.3888969 44.57894
197 -78.62335820388492 -4.929622119366192 47.71373248223312 -79.24668 0.3756583 45.43863
198 -78.66234705538282 -5.013998788189515 48.57236835411318 -79.31863 0.3639286 46.2992
199 -78.70034800926396 -5.082165667373919 49.43525990307065 -79.38492 0.3498958 47.16296
200 -78.75691844442869 -5.13935654913604 50.3024679255567 -79.44527 0.3344377 48.03166
201 -78.8090968504919 -5.207788437698997 51.171030361033175 -79.50861 0.3209956 48.90207
202 -78.82887508732652 -5.260111419411475 52.04873507135785 -79.57376 0.3027919 49.77895
203 -78.87499475678618 -5.315863396586499 52.92531037773145 -79.63392 0.2867505 50.6563
204 -78.96808449283226 -5.3725396433769514 53.794080540647656 -79.69742 0.2720427 51.52945
205 -79.0113946949226 -5.418585870349509 54.661697735268014 -79.76468 0.2574406 52.39664
206 -79.03676876995806 -5.477887838625142 55.520359565174815 -79.83358 0.2408602 53.2548
207 -79.04806072513057 -5.5453417361674635 56.379185919657914 -79.90039 0.2201002 54.1135
208 -79.07732674824634 -5.62483965834581 57.230361877096016 -79.96964 0.1922996 54.96562
209 -79.08814652371491 -5.679257250966956 58.08475818667151 -80.03259 0.1649343 55.81906
210 -79.11012431587761 -5.749791408727684 58.93558855207642 -80.09273 0.1408072 56.67063
211 -79.14504838155618 -5.831691107672406 59.7898800314373 -80.15558 0.1161116 57.52689
212 -79.16863023987895 -5.903863205014466 60.64031135181474 -80.22244 0.09233457 58.37775
213 -79.19420129203435 -5.970768155676413 61.47481083977992 -80.28086 0.07510008 59.2131
214 -79.17524153275474 -6.0158821025819185 62.305077732921106 -80.33871 0.05914325 60.04264
215 -79.21080529484742 -6.085491704238587 63.1337001677807 -80.40305 0.04000654 60.87223
216 -79.27183003705584 -6.14255883634915 63.956245408498106 -80.47401 0.0182673 61.69567
217 -79.31969645045038 -6.19433802360396 64.77498556584429 -80.54972 -0.003742664 62.51365
218 -79.37767741994675 -6.2720104282367615 65.58685652289292 -80.62089 -0.02632294 63.32787
219 -79.41926652323815 -6.3502049721887985 66.3944095619327 -80.69604 -0.05452812 64.13629
220 -79.49700072289527 -6.425938597686048 67.20060666045178 -80.7781 -0.08379998 64.94508
221 -79.55677371684955 -6.5048185365889895 68.00676619574166 -80.85967 -0.1090773 65.75279
222 -79.63212551458605 -6.58470901615575 68.81076942500792 -80.94518 -0.136047 66.55929
223 -79.71706035017176 -6.659569494082122 69.61220199148724 -81.03408 -0.1573834 67.3635
224 -79.8066740428714 -6.726794493796266 70.40602661940981 -81.12341 -0.1755819 68.15999
225 -79.90686638595375 -6.795568994826077 71.19143713563744 -81.21916 -0.1913565 68.9488
226 -79.98593714212925 -6.858145190099673 71.98189670056854 -81.31685 -0.2042169 69.73955
227 -80.08991384661253 -6.924469764493467 72.76004665524917 -81.42164 -0.2174815 70.5203
228 -80.1752852193032 -6.986604191537548 73.5339673044186 -81.54226 -0.2305564 71.29191
229 -80.29301816997403 -7.058782156664655 74.29875802848095 -81.66368 -0.2426308 72.05943
230 -80.39068573671447 -7.125241046875707 75.06161303491477 -81.78344 -0.2550723 72.82193
231 -80.49199328489266 -7.205128706378891 75.82429008194154 -81.91089 -0.2691768 73.58474
232 -80.58406895164732 -7.27322065801979 76.58697364453053 -82.0491 -0.2836517 74.34335
233 -80.71584125843263 -7.331545723184131 77.34375879133202 -82.18657 -0.2975894 75.10124
234 -80.80270034968578 -7.394994172328547 78.1001308948367 -82.32699 -0.3160459 75.85198
235 -80.90992621713883 -7.463285418768216 78.8452673745263 -82.46709 -0.3273793 76.5947
236 -80.97659885480417 -7.5087401790627375 79.59244164456597 -82.61416 -0.3380953 77.33161
237 -81.09239164267305 -7.5786438628460955 80.33338412979766 -82.76564 -0.3542448 78.06923
238 -81.2066339294146 -7.66942954628721 81.07616374163717 -82.93034 -0.3753983 78.80777
239 -81.38212478790955 -7.715565294068968 81.81004858647117 -83.10119 -0.386632 79.54411
240 -81.55790641697483 -7.785588719260959 82.54542469705505 -83.28409 -0.3994934 80.28097
241 -81.74839456402721 -7.840966700681959 83.27112291002828 -83.46726 -0.4083909 81.0106
242 -81.89447557391985 -7.907280650213483 83.99364264920328 -83.6579 -0.4178227 81.72568
243 -82.05225878912081 -7.950250794031073 84.70763883174413 -83.85643 -0.4258951 82.4307
244 -82.2215942730658 -8.004984488375698 85.42344254520286 -84.05742 -0.4274942 83.14038
245 -82.42620219748042 -8.06867274983215 86.14372742434404 -84.26582 -0.4288742 83.86239
246 -82.62230130222 -8.136143966394101 86.87140919726482 -84.49278 -0.4369496 84.58416
247 -82.86603653320935 -8.186987629822339 87.58544907538936 -84.72751 -0.4424402 85.30299
248 -83.1019661794984 -8.250549207335075 88.29189336665438 -84.96507 -0.4446969 86.01174
249 -83.33824397300333 -8.319619584472301 88.99609267384717 -85.2123 -0.4477484 86.71556
250 -83.58892622414807 -8.38819671585018 89.69632772508855 -85.46879 -0.4551185 87.41701
251 -83.84909928900815 -8.46042431824705 90.39282647437308 -85.72668 -0.4633066 88.11804
252 -84.0812141157639 -8.527094802973012 91.10579729477698 -85.99632 -0.4725988 88.82079
253 -84.42262912263504 -8.601361611920197 91.77603798487475 -86.28029 -0.4872714 89.52111
254 -84.66974069198946 -8.686024226571018 92.48128628554522 -86.56905 -0.4896331 90.21553
255 -84.95484265443493 -8.75139862959305 93.18339132423837 -86.86039 -0.4833979 90.91809
256 -85.23600003427546 -8.813815266839743 93.89156150859522 -87.15878 -0.4804139 91.62194
257 -85.54703306250457 -8.871544546535949 94.58866812387467 -87.47632 -0.4825025 92.3185
258 -85.84688012629353 -8.939171976203143 95.28235226407267 -87.8025 -0.4756232 93.00351
259 -86.08746587722358 -9.01016160575684 95.99212418582994 -88.11795 -0.4680556 93.68698
260 -86.41813127487758 -9.068552829670088 96.66869739849275 -88.42784 -0.4619748 94.37577
261 -86.74767120564108 -9.142773621452905 97.3531417633191 -88.74901 -0.4631796 95.06817
262 -87.09800801367159 -9.186001345557143 98.04236215414161 -89.08452 -0.466622 95.76606
263 -87.40485946423878 -9.248486147619111 98.75061480947609 -89.41637 -0.4736535 96.46571
264 -87.65177212203773 -9.316490111544322 99.47952755486382 -89.74796 -0.4788901 97.16351
265 -87.98142266165021 -9.38282255237922 100.16616111258955 -90.08495 -0.4847031 97.84976
266 -88.30849650568837 -9.447093078680206 100.85525967284164 -90.42665 -0.4875902 98.53474
267 -88.64391379195374 -9.52462753475966 101.54214756346994 -90.77493 -0.4958138 99.21955
268 -88.95317326578781 -9.610426432074265 102.24922342825089 -91.13104 -0.5064823 99.9095
269 -89.34047200980271 -9.667926000779046 102.91493654419625 -91.48703 -0.5172294 100.5948
270 -89.68280743161363 -9.755073688619852 103.59744863651659 -91.84 -0.526198 101.2774
271 -90.01771413179554 -9.845199057201901 104.27904328886301 -92.19617 -0.5349382 101.9541
272 -90.37773405319676 -9.932541155634354 104.94486059424929 -92.55294 -0.5434586 102.6273
273 -90.74369568296243 -9.998406016321745 105.60819687636982 -92.91478 -0.5511717 103.2961
274 -91.09094755552312 -10.07280159587963 106.2794485912938 -93.28321 -0.5589669 103.9601
275 -91.43756199284735 -10.153845005939958 106.9442540770522 -93.65046 -0.5659964 104.6187
276 -91.7883372529799 -10.218218436789977 107.59746209537114 -94.01507 -0.5767572 105.2674
277 -92.09336257013788 -10.283873437137538 108.26889572350805 -94.38211 -0.588392 105.9103
278 -92.45504549947088 -10.343823628506449 108.90558876797172 -94.74824 -0.5980777 106.5472
279 -92.79900159086058 -10.412215575811704 109.55991332742914 -95.12335 -0.6050065 107.1878
280 -93.1620234317227 -10.478811911691306 110.19767197333154 -95.49621 -0.6134439 107.8233
281 -93.49526347056137 -10.545472498733625 110.84312192390108 -95.86451 -0.6210034 108.4529
282 -93.79438285868946 -10.615904454982743 111.48516672131797 -96.2232 -0.6251307 109.0677
283 -94.12397001063384 -10.677464078600321 112.09457466096553 -96.57402 -0.6245992 109.6683
284 -94.43985412766736 -10.7351585892043 112.6889606885504 -96.92077 -0.6262052 110.2481
285 -94.77122613502112 -10.803285131772395 113.25694959506536 -97.26338 -0.6273272 110.8135
286 -95.1060656810676 -10.864837844252058 113.80700405886928 -97.60083 -0.627085 111.3654
287 -95.41875029679898 -10.92603801069672 114.347016164539 -97.92433 -0.6283274 111.9025
288 -95.72338390053788 -10.983363773392595 114.87229448275438 -98.24175 -0.6324615 112.4233
289 -96.00633278238573 -11.033398068404285 115.38662675325207 -98.55027 -0.6360649 112.9252
290 -96.26181749181484 -11.085983743262588 115.88534421407978 -98.84348 -0.636794 113.4056
291 -96.54006242606626 -11.14021263426502 116.34414993027093 -99.12485 -0.6384109 113.8657
292 -96.80244751046541 -11.222156376853174 116.77892495178618 -99.39682 -0.6400806 114.3023
293 -97.0848260704222 -11.285025095385759 117.17906088856968 -99.66423 -0.6481915 114.7173
294 -97.32842148000891 -11.342786667358109 117.57824216299713 -99.91884 -0.6560401 115.1137
295 -97.53293757011427 -11.378063431674201 117.97938098220172 -100.1623 -0.6586289 115.4941
296 -97.72877927550284 -11.440989327655073 118.36450985632796 -100.3993 -0.6585884 115.8608
297 -97.96494840214919 -11.464323740812212 118.7059658041973 -100.6332 -0.6607942 116.2046
298 -98.17994123148245 -11.494545465884766 119.04015164406627 -100.8652 -0.6647242 116.5286
299 -98.41131774168278 -11.53276717570587 119.33931712758046 -101.0904 -0.6694671 116.8348
300 -98.63987693521469 -11.58029180279703 119.61674115549968 -101.3056 -0.6713923 117.1266
301 -98.78755411434148 -11.645100535977111 119.91591079640925 -101.506 -0.6722784 117.4011
302 -98.90735203065096 -11.683368532728322 120.20712435589576 -101.6929 -0.6721459 117.6574
303 -99.04157206921793 -11.71112871322099 120.47627731667477 -101.8739 -0.672996 117.8992
304 -99.21964676464367 -11.743268895975882 120.69620326913333 -102.0513 -0.6736387 118.122
305 -99.36114807507046 -11.784725486952546 120.92283719808562 -102.2292 -0.6753232 118.3256
306 -99.52369065700985 -11.815446445708266 121.1155496377817 -102.4053 -0.6766433 118.5086
307 -99.69476907244156 -11.832215923831628 121.2873390240641 -102.576 -0.6819095 118.6815
308 -99.83385683895868 -11.844648298895608 121.46779349766558 -102.742 -0.6858513 118.838
309 -99.96367088781078 -11.829603628503525 121.63832296259382 -102.9018 -0.6870036 118.9816
310 -100.14757709959125 -11.868363226017106 121.74077830737404 -103.0684 -0.6855969 119.116
311 -100.31752485271399 -11.906517505878384 121.87033175550663 -103.245 -0.6827537 119.2422
312 -100.4864940438225 -11.942526387316853 121.99567691153064 -103.4183 -0.6819887 119.3668
313 -100.62414450172842 -11.954679959960858 122.16642765788953 -103.5947 -0.6769315 119.4976
314 -100.79722588762283 -11.998149226012755 122.29262015060614 -103.7731 -0.672655 119.6238
315 -100.98245146598677 -11.99853894302673 122.397732651871 -103.9548 -0.6680274 119.7348
316 -101.17832798016573 -11.988779836878836 122.49605079013926 -104.1481 -0.6624189 119.8384
317 -101.36714858686234 -12.00971092178948 122.59278578227591 -104.3385 -0.6580382 119.9342
318 -101.56689075471901 -12.026622866010658 122.67580248649978 -104.5336 -0.6558701 120.0291
319 -101.75579501497775 -12.046347102434957 122.77995795947967 -104.733 -0.6537004 120.1137
320 -101.94996201541235 -12.07955594016177 122.85495980247808 -104.9312 -0.6515101 120.1854
321 -102.14760782918567 -12.091360516967283 122.94380145342409 -105.1362 -0.6502394 120.2566
322 -102.35059806246079 -12.119578407028417 123.0225215504554 -105.3437 -0.6512383 120.3283
323 -102.56351092531385 -12.146294168882061 123.08252758313866 -105.5582 -0.6512936 120.3886
324 -102.81127435577352 -12.156664118878965 123.12483321149324 -105.8016 -0.646722 120.452
325 -103.06528556088465 -12.178752605883425 123.17316822962304 -106.0565 -0.6404796 120.5003
326 -103.34955424963121 -12.185784459591574 123.22683162756827 -106.3408 -0.6320823 120.5536
327 -103.64405917673028 -12.22310258514841 123.29023274251217 -106.6408 -0.6251645 120.5994
328 -103.94630218081745 -12.247963288310295 123.3318039433202 -106.946 -0.6151359 120.6206
329 -104.27603418078282 -12.281505515146879 123.37501309300784 -107.2795 -0.6047007 120.6402
330 -104.62382334046042 -12.306496133162213 123.41333135207857 -107.6301 -0.5937682 120.6434
331 -104.96649901004656 -12.333817193372088 123.39280327029023 -107.9733 -0.5851771 120.6163
332 -105.33973682511191 -12.356303275193275 123.4125793660137 -108.3468 -0.5780578 120.5908
333 -105.70803545325614 -12.378820865304894 123.3941163569975 -108.7113 -0.5724405 120.5308
334 -106.09667028888563 -12.395973624409812 123.3115275933322 -109.1034 -0.5651093 120.4648
335 -106.49640561022382 -12.434305609548565 123.22774140675929 -109.5039 -0.5571731 120.3764
336 -106.88231573734325 -12.49028773553944 123.1045097743774 -109.8936 -0.5498158 120.2526
337 -107.30105336807924 -12.536244492376252 122.98726493668526 -110.3105 -0.5385017 120.1212
338 -107.71253457877023 -12.547155634941914 122.80071849796573 -110.7358 -0.5271191 119.9688
339 -108.1387167816326 -12.565963390441743 122.61341541717835 -111.1598 -0.5145431 119.7761
340 -108.56799866963246 -12.587175665855368 122.37785144857727 -111.6037 -0.5003029 119.5688
341 -109.0086067230564 -12.628341727923173 122.14136070145587 -112.0419 -0.4860644 119.3248
342 -109.44545554284286 -12.669392031972613 121.85233954172419 -112.4967 -0.4701443 119.0622
343 -109.91691072233046 -12.70887601689796 121.57437848409616 -112.9599 -0.4518107 118.7686
344 -110.38435826304801 -12.738202633702578 121.26216483247346 -113.4215 -0.433277 118.447
345 -110.86157118399693 -12.787077412185578 120.92486510642533 -113.8987 -0.4140913 118.1067
346 -111.32418674367445 -12.845982197854013 120.54910627266108 -114.379 -0.4005528 117.7492
347 -111.82515090260102 -12.904405331861163 120.18559882956532 -114.8756 -0.3846543 117.3755
348 -112.32031475918897 -12.966496904585052 119.78602956501334 -115.3845 -0.3685473 116.9889
349 -112.82918031860238 -13.019919703101847 119.37028837864278 -115.9072 -0.3511796 116.5875
350 -113.35807257744739 -13.07564449651451 118.95242599779819 -116.4394 -0.33342 116.1705
351 -113.90255144969278 -13.13194373547639 118.52995330967516 -116.978 -0.3145039 115.7373
352 -114.4523087938166 -13.183337311957303 118.0882414805499 -117.5268 -0.2939813 115.2919
353 -115.00633872478396 -13.257363546272687 117.63028300360392 -118.0864 -0.273294 114.8352
354 -115.58461012925052 -13.314569355627885 117.1702011995939 -118.6599 -0.2513318 114.3662
355 -116.12893509592824 -13.376437911518027 116.65472846944905 -119.2396 -0.2283537 113.8874
356 -116.72724133347012 -13.43871020273183 116.16882701810556 -119.8351 -0.2043772 113.3947
357 -117.32157901867946 -13.530216509081743 115.66396669290931 -120.4389 -0.1816124 112.8933
358 -117.90515730033712 -13.611011916102342 115.11838453176739 -121.0569 -0.1575086 112.3812
359 -118.53116871619116 -13.680680707670174 114.59400474105182 -121.687 -0.1322116 111.8577
360 -119.18643296090283 -13.751432245967047 114.07994510121218 -122.3282 -0.1050706 111.3222
361 -119.82783676910226 -13.824278523003082 113.53364965461937 -122.9704 -0.07535629 110.7728
362 -120.49304805711704 -13.880815803108838 112.98826303795336 -123.6258 -0.04736641 110.2135
363 -121.13826121573511 -13.952414419657806 112.41283586607342 -124.2849 -0.01867648 109.6502
364 -121.78527937930106 -14.057390793741154 111.8235697651339 -124.9562 0.01110994 109.0798
365 -122.46530778903492 -14.133394972929295 111.24774201758186 -125.6369 0.04221843 108.5006
366 -123.16134969904591 -14.22335929997734 110.6680758882402 -126.332 0.07133427 107.9136
367 -123.86540684512164 -14.318889707062523 110.07805504569355 -127.0372 0.09929117 107.3179
368 -124.54718470936614 -14.413020474976747 109.45032168812473 -127.7453 0.1250424 106.7132
369 -125.2648413939752 -14.505376984485475 108.8463339747674 -128.4619 0.1484347 106.1014
370 -125.98899517288122 -14.603305336746438 108.23491297785998 -129.186 0.166941 105.4824
371 -126.71677573305719 -14.689061880781228 107.60323086071185 -129.9193 0.1835941 104.8515
372 -127.44495592655521 -14.777729348550006 106.95561607516888 -130.6623 0.1979002 104.2149
373 -128.1942872232186 -14.883464923335913 106.32182730562832 -131.4132 0.2144697 103.5744
374 -128.95417192848615 -14.980632679131348 105.70329579089045 -132.1648 0.2318873 102.9386
375 -129.72012267033105 -15.077563927841712 105.0843214973589 -132.9234 0.2513658 102.3035
376 -130.45782764341413 -15.16882918648254 104.43328702348707 -133.6799 0.2702986 101.6681
377 -131.1797360255054 -15.259214549682557 103.76295505986849 -134.4357 0.2900097 101.0301
378 -131.9050881477104 -15.361557589380496 103.0990314537464 -135.1892 0.3106498 100.3904
379 -132.63882919348362 -15.449040485381738 102.43828542137987 -135.9465 0.3298425 99.75107
380 -133.3681200649308 -15.543538440825351 101.76292692923859 -136.7105 0.3478641 99.10851
381 -134.08671698838558 -15.649738425512117 101.08785612939825 -137.4685 0.3680159 98.46944
382 -134.83543319869483 -15.731930020211468 100.4392283237783 -138.2274 0.3899821 97.82785
383 -135.55647405120234 -15.841166698412952 99.75605453663051 -138.9901 0.4148069 97.18269
384 -136.29457148941225 -15.932878269892292 99.10271184387946 -139.748 0.4343912 96.54609
385 -137.04112929489474 -16.030600525555307 98.44867426177319 -140.5111 0.4529559 95.90422
386 -137.7856293873076 -16.134505119938872 97.80348510955436 -141.2656 0.4726101 95.26259
387 -138.49844003901364 -16.249963409232123 97.12407185030608 -142.0208 0.4912744 94.62044
388 -139.21861456966903 -16.331263009256222 96.45427943801583 -142.7704 0.5111815 93.97889
389 -139.94912800080814 -16.446781187564028 95.7899204030582 -143.5294 0.5274135 93.337
390 -140.67812425725413 -16.54095874280773 95.1187439230724 -144.2862 0.5445632 92.69067
391 -141.42124305526323 -16.641883236188498 94.47122262787235 -145.0409 0.5612957 92.04892
392 -142.1332550535188 -16.746870441088777 93.79519850105382 -145.794 0.5779645 91.41052
393 -142.8589882379475 -16.84882048848126 93.13486824595131 -146.5475 0.5937592 90.77404
394 -143.5975256151072 -16.922307770300172 92.4795452624424 -147.3072 0.6086489 90.13928
395 -144.31688611760822 -17.013868461019026 91.80023313101006 -148.0704 0.6250373 89.50321
396 -145.01935140072385 -17.086198856112414 91.10531633126085 -148.8333 0.6468099 88.87146
397 -145.7671220003273 -17.178588556628547 90.45408053710932 -149.6005 0.6716835 88.23696
398 -146.4840519039508 -17.303360390883068 89.78804005044087 -150.3591 0.6967564 87.60683
399 -147.1981591223277 -17.413408433309648 89.12241535973561 -151.1134 0.7256258 86.97809
400 -147.91013585686625 -17.502636594913724 88.45261776823388 -151.8671 0.7539528 86.34989
401 -148.6385713533626 -17.60420929488617 87.79882123210103 -152.6218 0.7806961 85.71894
402 -149.38945091532182 -17.71794107110264 87.16753428570775 -153.379 0.8039512 85.08539
403 -150.14632385268953 -17.840228334150105 86.55492203478522 -154.1322 0.8288243 84.45676
404 -150.9007375305825 -17.94539299657937 85.94401679803376 -154.8823 0.8536668 83.83215
405 -151.59293912386667 -18.041488721854627 85.26428459186617 -155.6292 0.8796994 83.20615
406 -152.30323314027999 -18.165503591166008 84.60915691900146 -156.3743 0.9056545 82.57906
407 -152.97592113717553 -18.29938022700434 83.91724229240614 -157.119 0.9324518 81.95146
408 -153.6863091517127 -18.415398869628397 83.26591877787378 -157.8614 0.9618364 81.32671
409 -154.41738020102414 -18.51943445121812 82.63798889034948 -158.6032 0.9920658 80.70349
410 -155.13624201739268 -18.627762861920523 82.0110246872148 -159.3358 1.022069 80.08383
411 -155.83141492794732 -18.739291730935065 81.37003031352396 -160.0585 1.049905 79.46455
412 -156.53326703697462 -18.861589449796625 80.7383000483671 -160.7804 1.077505 78.84428
413 -157.19102090640337 -18.97911217519289 80.06326215760245 -161.5 1.102704 78.22487
414 -157.94657233185777 -19.097883237826967 79.50131375531038 -162.2213 1.128462 77.60858
415 -158.66096588072733 -19.195168792929188 78.88874896451435 -162.9402 1.154301 76.99411
416 -159.3733509758848 -19.2938107934356 78.27737203309675 -163.6585 1.179845 76.38223
417 -160.07025080226367 -19.395888223205652 77.65286675027393 -164.3767 1.205952 75.77428
418 -160.79380238543845 -19.50834235366953 77.06763216731521 -165.093 1.231444 75.17018
419 -161.4963553498644 -19.61467862570089 76.4579432406462 -165.8081 1.25702 74.56637
420 -162.19109800703777 -19.71514562995758 75.84100435329722 -166.5248 1.282062 73.96713
421 -162.87516808140046 -19.813959580537922 75.21567678023801 -167.2418 1.306576 73.3721
422 -163.57968937141644 -19.92322878748466 74.62094428091464 -167.9552 1.330108 72.77838
423 -164.2603828722381 -20.02509192623553 74.00426407049113 -168.6684 1.351053 72.19108
424 -164.92666832636291 -20.119934167464915 73.37959504942133 -169.3812 1.373431 71.61267
425 -165.6072194574945 -20.215494470844668 72.78311856367402 -170.0844 1.396727 71.03558
426 -166.27165029580473 -20.310493414121098 72.1831880007797 -170.7831 1.405731 70.468
427 -166.94203038418527 -20.419116664385193 71.60878351278369 -171.4722 1.416166 69.9057
428 -167.5908501304138 -20.511491363560225 71.01893914656046 -172.1588 1.425569 69.35261
429 -168.24776614435726 -20.601850864584986 70.4640016431214 -172.8299 1.436887 68.80749
430 -168.88032526205842 -20.71081670400267 69.90014951769035 -173.4939 1.448357 68.26999
431 -169.50771249995077 -20.80309245931357 69.34891414465298 -174.1451 1.460081 67.73915
432 -170.1250272984071 -20.889563179957708 68.80538314556088 -174.7856 1.470417 67.21605
433 -170.7489146734351 -20.9878568152432 68.28475762292582 -175.4193 1.482743 66.69815
434 -171.3361330160549 -21.089919487202113 67.74073433933634 -176.0447 1.496245 66.18835
435 -171.93453421706818 -21.16200741535933 67.21692834295995 -176.6638 1.510435 65.6842
436 -172.49033144393547 -21.26609682133752 66.66716790388696 -177.2745 1.525125 65.18539
437 -173.06642888005746 -21.371313215296055 66.16133050420497 -177.8683 1.538016 64.68934
438 -173.66850603546035 -21.465214801557924 65.71054859751901 -178.4448 1.550332 64.19739
439 -174.22182747803566 -21.55195783394675 65.22188240187273 -179.0078 1.561925 63.71223
440 -174.77947175566615 -21.63548079675593 64.76272998764237 -179.5612 1.575397 63.24071
441 -175.328970507405 -21.738672030776108 64.31076361240208 -180.1003 1.58648 62.76519
442 -175.83909137734358 -21.80037090300738 63.844633178249296 -180.6249 1.600125 62.31141
443 -176.3347977571403 -21.89418933465464 63.38002831092536 -181.1416 1.611948 61.86056
444 -176.8432943314699 -21.969747573461106 62.947168519232356 -181.6486 1.623859 61.41959
445 -177.27213588624394 -22.037933306284412 62.44875943367778 -182.1422 1.635244 60.98005
446 -177.74601084251017 -22.114208467438306 62.01366751036659 -182.6223 1.64854 60.5453
447 -178.23664627511863 -22.187848898165594 61.61292854666026 -183.0885 1.662241 60.11032
448 -178.67990241673903 -22.2549246261283 61.17488115592031 -183.5369 1.673611 59.67252
449 -179.10913237662186 -22.330575983409314 60.73595178652072 -183.9747 1.68544 59.2357
450 -179.48715982103533 -22.423220667154137 60.26457198550243 -184.4045 1.698748 58.80121
451 -179.8931394295894 -22.486435088016382 59.82672299445836 -184.8122 1.713703 58.36066
452 -180.27941652655963 -22.56193637269613 59.38433084245746 -185.1982 1.732581 57.91203
453 -180.61526923777768 -22.630694872042366 58.92388744498484 -185.5495 1.74951 57.45834
454 -180.9421125759188 -22.719432483623628 58.4716614354502 -185.8798 1.767896 57.00033
455 -181.21416318436468 -22.81377670674181 57.99630906291752 -186.1871 1.784988 56.53757
456 -181.47278505019372 -22.90528056193075 57.52798976313939 -186.455 1.807526 56.06608
457 -181.7538201300575 -22.99260244698255 57.0789244503385 -186.7152 1.826654 55.59683
458 -181.95545717801582 -23.089599663729018 56.6047980642239 -186.9445 1.84288 55.12564
459 -182.15964221761678 -23.12790451363054 56.13943013608728 -187.1206 1.856411 54.64759
460 -182.2635090197082 -23.216678420581964 55.654312674314475 -187.2835 1.870218 54.17085
461 -182.2788156519499 -23.284531811596803 55.16243619441509 -187.4227 1.883289 53.69416
462 -182.45011998296255 -23.329352637182502 54.703437594140404 -187.5256 1.887417 53.21309
463 -182.54887773685434 -23.375289922270312 54.22826976131813 -187.6307 1.893359 52.7371
464 -182.61480138192474 -23.441007871729155 53.74903547666338 -187.6915 1.900316 52.25276
465 -182.67006573039134 -23.510703722871494 53.27347162374128 -187.7485 1.901338 51.77232
466 -182.61802543307178 -23.56536928631451 52.797490077010366 -187.7723 1.900778 51.29098
467 -182.58403153554042 -23.645308872667066 52.316726020587254 -187.7414 1.901606 50.80341
468 -182.5708200172896 -23.725419068467414 51.85008624511763 -187.7165 1.903912 50.33042
469 -182.47245711943074 -23.786365634536146 51.40021084285026 -187.6828 1.909578 49.86716
470 -182.39475435085336 -23.848859254629378 50.940912417091965 -187.6045 1.913879 49.40375
471 -182.3044584906941 -23.939017433879147 50.5021357129286 -187.5198 1.916071 48.95472
472 -182.16123152646205 -23.997868339845574 50.06287696396075 -187.3856 1.91604 48.50872
473 -182.03392536784264 -24.045924799834644 49.63602570875011 -187.2454 1.919502 48.08322
474 -181.86089179689333 -24.105141389633133 49.2324448562544 -187.0919 1.921924 47.66758
475 -181.67400068914426 -24.164053929712544 48.8188229804672 -186.905 1.925132 47.2498
476 -181.48362081333335 -24.21200719762619 48.41253019440816 -186.7142 1.922721 46.84089
477 -181.21918309311852 -24.26607488464945 48.02363071535406 -186.4782 1.917552 46.43056
478 -180.98908916136023 -24.3389516190445 47.62180147101274 -186.2433 1.910636 46.02498
479 -180.73809535118593 -24.397284224599503 47.226321135512535 -185.9999 1.906858 45.62057
480 -180.4519418545964 -24.465467970005218 46.85007819654749 -185.7437 1.904895 45.21752
481 -180.15861993352448 -24.53150355044408 46.4822754563405 -185.4762 1.903482 44.82494
482 -179.86093615082322 -24.596506589268284 46.10535882874192 -185.1904 1.903992 44.4335
483 -179.54134579307885 -24.66698235665448 45.74489711449594 -184.8981 1.906175 44.04415
484 -179.23165109012209 -24.733890136841968 45.36488666325163 -184.5971 1.908337 43.65148
485 -178.91053134360664 -24.80527770683299 44.98647368251544 -184.2874 1.908808 43.25715
486 -178.56824664711448 -24.876604304343292 44.61535717824907 -183.9689 1.909156 42.85899
487 -178.24229387624592 -24.938405163307404 44.2178544822137 -183.6434 1.911087 42.45635
488 -177.9008419985935 -25.007737675628118 43.82298476085747 -183.3133 1.914906 42.04606
489 -177.55134464530565 -25.087774693296442 43.420845177537785 -182.9728 1.921291 41.62858
490 -177.20806403033777 -25.173172553385996 43.00123606076431 -182.6247 1.928571 41.20434
491 -176.84241543136758 -25.24097783714269 42.5812019001835 -182.2608 1.933488 40.7774
492 -176.48723581749306 -25.327342788127577 42.14163273204462 -181.8872 1.936481 40.34468
493 -176.10551425559055 -25.40525305577561 41.69487299971111 -181.5012 1.944762 39.89489
494 -175.72754309341292 -25.47715498180072 41.23248693653342 -181.1166 1.952827 39.43245
495 -175.32707753213293 -25.56972647594252 40.76976021877652 -180.7267 1.954282 38.95179
496 -174.93230069476448 -25.639638229539635 40.280017397811946 -180.3265 1.951012 38.46147
497 -174.51893048582536 -25.729798989976636 39.79101530265892 -179.9121 1.948467 37.96509
498 -174.0862058099459 -25.808518750649792 39.30268082707832 -179.4927 1.950893 37.45911
499 -173.6397059322545 -25.897255083159706 38.80351322516163 -179.0635 1.950476 36.93739
500 -173.1994014429667 -25.977403683970287 38.26681381830046 -178.6239 1.946894 36.39418
501 -172.737302441137 -26.056497731624386 37.727819022713646 -178.1621 1.94215 35.84918
502 -172.27236264000234 -26.15988662376869 37.17339886139367 -177.6842 1.937626 35.29616
503 -171.7836156635984 -26.2560100965331 36.61594167016218 -177.1997 1.929672 34.72689
504 -171.26369473537787 -26.355592906459616 36.0679413721135 -176.7106 1.923186 34.1427
505 -170.75857692272203 -26.44329503458259 35.47257717785801 -176.2079 1.922565 33.53889
506 -170.21879222435183 -26.55195014852589 34.889611824386336 -175.6955 1.923742 32.92207
507 -169.72496704107334 -26.654072228734517 34.24843355731636 -175.1718 1.922179 32.29666
508 -169.182696173621 -26.79101550563929 33.639902004803226 -174.6388 1.921438 31.66497
509 -168.6163675757283 -26.91232812091427 33.03767683063242 -174.1052 1.927099 31.02204
510 -168.06666026333843 -27.034573505099477 32.393297096784025 -173.559 1.933011 30.36327
511 -167.48658039598038 -27.146887966043376 31.75586334317136 -173.0021 1.938375 29.69599
512 -166.91103967878507 -27.281458841901976 31.10715870580086 -172.4382 1.94584 29.02358
513 -166.33286416597457 -27.425167807734347 30.451826677245315 -171.867 1.951405 28.34675
514 -165.77540526108731 -27.567491644455583 29.76267193138132 -171.2881 1.956277 27.6606
515 -165.18979102200493 -27.696969615312224 29.08332955485328 -170.7093 1.958687 26.96332
516 -164.56556475294983 -27.802904141375706 28.421405952501555 -170.1234 1.951058 26.25927
517 -163.98823167928325 -27.907182871714003 27.70392613829718 -169.5314 1.943279 25.54622
518 -163.36102300459797 -28.03643264420175 27.01923360643167 -168.9342 1.93667 24.82358
519 -162.725576385846 -28.170023554309253 26.33979421038713 -168.3371 1.929608 24.09784
520 -162.1171545772389 -28.304493552339927 25.635574721380433 -167.7434 1.921892 23.3687
521 -161.5253892274813 -28.438747592343212 24.924643405518562 -167.1591 1.914344 22.6392
522 -160.95536061057555 -28.566596322745145 24.19934107856302 -166.5815 1.908782 21.90866
523 -160.3733575883009 -28.709630913162332 23.48493004652098 -166.0001 1.908068 21.17959
524 -159.7413432539759 -28.822676522824953 22.8013881976721 -165.4129 1.91419 20.44842
525 -159.14930372486901 -28.96407324666192 22.092987945371863 -164.8351 1.923826 19.71467
526 -158.57324872885505 -29.11397452700548 21.38457950864929 -164.2567 1.934077 18.99252
527 -157.9623286536775 -29.239953353619743 20.711219775051443 -163.6778 1.940348 18.28024
528 -157.3705493120444 -29.373616711458904 20.03330794173428 -163.1045 1.94164 17.57387
529 -156.7767844865194 -29.504826013334334 19.34039927269151 -162.5251 1.942748 16.8568
530 -156.1827184606497 -29.6281561967215 18.65462010199434 -161.9505 1.939281 16.14389
531 -155.60454855952767 -29.746730680020036 17.95384995880113 -161.3773 1.936519 15.42915
532 -155.00214976573173 -29.854476174943617 17.268280550106535 -160.8026 1.93571 14.71206
533 -154.4206154090943 -29.954792334359627 16.59440106014835 -160.2415 1.936584 14.01383
534 -153.86415937044913 -30.077806043613204 15.892509036091214 -159.6822 1.936046 13.30347
535 -153.34063756998296 -30.212996489191724 15.174134093470064 -159.1338 1.935031 12.59096
536 -152.75345014038584 -30.322570654151633 14.513334627525596 -158.6027 1.939067 11.87586
537 -152.24933884598659 -30.434748844972816 13.792299936829506 -158.088 1.945549 11.15361
538 -151.7376017823845 -30.538216265224516 13.081088531457388 -157.5933 1.952156 10.42311
539 -151.26587349425424 -30.662084773798416 12.345476658930599 -157.1079 1.958096 9.685989
540 -150.74276232202314 -30.77990803661005 11.656203190095887 -156.6525 1.968002 8.940913
541 -150.2787665370777 -30.902822784918857 10.928200370715308 -156.2137 1.981362 8.187478
542 -149.82288718342136 -31.010181032651822 10.198498257245989 -155.8113 2.002674 7.41973
543 -149.40876404096645 -31.12527109377703 9.446615585176428 -155.4337 2.020771 6.640524
544 -149.00218354121722 -31.21553030655041 8.688463982262352 -155.0736 2.039549 5.854252
545 -148.64798839692148 -31.319698354231768 7.9232155706804805 -154.7551 2.055959 5.066725
546 -148.2298492808241 -31.410823994741804 7.191763499234263 -154.4511 2.070725 4.275819
547 -147.95313844228056 -31.474466399544834 6.39560526890978 -154.1799 2.076776 3.475256
548 -147.65641069531165 -31.54885824205682 5.596289566876824 -153.9186 2.081455 2.660279
549 -147.3488380696361 -31.610615494683135 4.8008463273247575 -153.6909 2.081084 1.836084
550 -147.06755436120625 -31.671003199395177 3.9940216219881055 -153.4863 2.082675 1.004297
551 -146.86180608390325 -31.715075344237917 3.158612808887324 -153.2952 2.088962 0.1642828
552 -146.62847077684896 -31.777733595787307 2.3251452716449332 -153.1167 2.094656 -0.6849197
553 -146.3882628810316 -31.827040796451744 1.4771749358223096 -152.9463 2.099191 -1.551019
554 -146.1604011857282 -31.912146738198654 0.6266206087050851 -152.7936 2.108057 -2.422346
555 -145.9180722701204 -31.979858740968343 -0.22686677480932216 -152.6592 2.120983 -3.301845
556 -145.76212182408196 -32.06590737243012 -1.100238044452404 -152.5347 2.129986 -4.18441
557 -145.55890376563516 -32.13581876536616 -1.9788282548798033 -152.4224 2.145234 -5.081774
558 -145.4052679896191 -32.184889081989 -2.891820379921131 -152.3238 2.164537 -6.003442
559 -145.29082280068246 -32.25307071349067 -3.8164238813226983 -152.2301 2.184519 -6.932667
560 -145.16765877468754 -32.31703140873507 -4.754337946847667 -152.1344 2.208027 -7.875658
561 -145.017068742885 -32.41099108239174 -5.686023295847555 -152.0349 2.236569 -8.818435
562 -144.92023184260432 -32.50646461912038 -6.631216620249266 -151.9309 2.26438 -9.767273
563 -144.69668363698423 -32.57290102636681 -7.56521164878755 -151.8222 2.290503 -10.72343
564 -144.55097608739325 -32.66088000766729 -8.530668871170047 -151.7054 2.314806 -11.69649
565 -144.42049716398498 -32.766818215444815 -9.512874942668338 -151.5906 2.340253 -12.68601
566 -144.303297066569 -32.85100524298948 -10.507297094684212 -151.4796 2.366234 -13.68436
567 -144.16408836144012 -32.95653878484756 -11.503611229625715 -151.3681 2.390739 -14.68941
568 -144.00483441258538 -33.05277239362749 -12.513714283992133 -151.2539 2.419304 -15.70974
569 -143.87174059553627 -33.132126733665956 -13.529037448154341 -151.1385 2.446252 -16.72996
570 -143.71381617668544 -33.24312983412315 -14.54887846426201 -151.0183 2.471748 -17.76061
571 -143.55373796899966 -33.35966586186657 -15.570888640580183 -150.8986 2.495354 -18.79445
572 -143.41425998066538 -33.4559210183969 -16.606032283866732 -150.7787 2.516209 -19.83629
573 -143.2745301423933 -33.544935210299904 -17.648210915611457 -150.6584 2.531082 -20.88457
574 -143.15143947426157 -33.64317964117621 -18.69365370874778 -150.5418 2.546922 -21.93524
575 -143.0399761990329 -33.75520940721298 -19.740502294168355 -150.4287 2.562912 -22.98777
576 -142.95093495784607 -33.85712635277619 -20.78969920633307 -150.3173 2.580523 -24.03963
577 -142.85334918809616 -33.95978778516417 -21.840171714096776 -150.21 2.602248 -25.09394
578 -142.68269865080717 -34.06965829155431 -22.880551398098998 -150.1008 2.624842 -26.14805
579 -142.5311105640649 -34.182384722563036 -23.919806226178167 -149.9955 2.652068 -27.19872
580 -142.4419487115619 -34.286377216403636 -24.960761192787214 -149.8915 2.677343 -28.24318
581 -142.31167352519392 -34.38688482786498 -25.994695705502657 -149.7898 2.703716 -29.28484
582 -142.19840137700592 -34.485240526758346 -27.030473079926853 -149.6882 2.727489 -30.32621
583 -142.09223907146304 -34.59580562747339 -28.06318987334589 -149.5881 2.749371 -31.3652
584 -141.98740773096793 -34.69132410141734 -29.099333078671012 -149.4892 2.772055 -32.40607
585 -141.8962803895246 -34.80133323670383 -30.137080068991867 -149.3925 2.79829 -33.4488
586 -141.78310962622885 -34.909403094459265 -31.153100507373292 -149.3004 2.822913 -34.47237
587 -141.63910571894692 -35.01804203856689 -32.16922168768188 -149.2116 2.847794 -35.50025
588 -141.5639271935543 -35.1242661982828 -33.19037640153108 -149.1247 2.872146 -36.5257
589 -141.463889170988 -35.22237001124313 -34.20877824939845 -149.0389 2.8933 -37.54989
590 -141.37189337099363 -35.32450560568573 -35.223772724425416 -148.9571 2.914898 -38.57065
591 -141.289197384639 -35.42625312559306 -36.23660726477914 -148.8814 2.936848 -39.58889
592 -141.20370915706692 -35.53566132685048 -37.243683762115964 -148.8101 2.958886 -40.60275
593 -141.14303913026586 -35.676705542956675 -38.24404370341257 -148.7352 2.980846 -41.61181
594 -141.06828225865615 -35.79154491541146 -39.24713341046291 -148.6636 3.002899 -42.62144
595 -140.96626630610248 -35.88554563215921 -40.240500260526105 -148.5927 3.027276 -43.62164
596 -140.87089182612593 -35.98823835110118 -41.23769630532448 -148.5176 3.05498 -44.62545
597 -140.81756964011916 -36.069800958601114 -42.232653146890115 -148.4441 3.079101 -45.62217
598 -140.71587720020787 -36.171918151698165 -43.21703154249766 -148.3689 3.102061 -46.61393
599 -140.6509472734803 -36.276393914322455 -44.20092069638809 -148.296 3.122209 -47.60259
600 -140.54916049576445 -36.3755736433254 -45.181540717018976 -148.2258 3.142814 -48.59075
601 -140.46385852866837 -36.459720600185584 -46.16225019505501 -148.1556 3.159721 -49.57611
602 -140.4115523679961 -36.57155585364407 -47.13945149766139 -148.0851 3.175297 -50.55843
603 -140.33953681693325 -36.65440193171036 -48.11602480627173 -148.0135 3.189403 -51.53844
604 -140.26886954055274 -36.757747953921466 -49.084033158284825 -147.9424 3.205788 -52.51178
605 -140.2042586785217 -36.862178192227006 -50.04698819733081 -147.87 3.219705 -53.47973
606 -140.08900088819442 -36.95690727640012 -51.00703580929836 -147.7977 3.231897 -54.44853
607 -139.99304348063373 -37.06362935645227 -51.96418318069086 -147.7243 3.243527 -55.41352
608 -139.88409622651784 -37.155279457009094 -52.91563972721967 -147.6532 3.257265 -56.37284
609 -139.7964550375259 -37.2616429509788 -53.86596411755101 -147.5797 3.270311 -57.3302
610 -139.7162726385577 -37.35967654882527 -54.811825265135575 -147.5001 3.2824 -58.2811
611 -139.58867846758625 -37.4709700956762 -55.748252900654435 -147.4207 3.29139 -59.22935
612 -139.48906909334505 -37.56122970415887 -56.684312006845836 -147.3415 3.301002 -60.17164
613 -139.41776734911352 -37.6414084958069 -57.61815925381314 -147.2599 3.310925 -61.10803
614 -139.3657288657694 -37.71108218626867 -58.54712336710529 -147.1781 3.317449 -62.03744
615 -139.3025916778283 -37.798861268511374 -59.463211326716454 -147.0991 3.324624 -62.95647
616 -139.25005292392947 -37.89318851563738 -60.37274680013867 -147.0218 3.332509 -63.86909
617 -139.16890222550103 -37.98786538350111 -61.259795836542565 -146.9462 3.341452 -64.76162
618 -139.06654976382154 -38.08171497818765 -62.132121723510465 -146.8736 3.350949 -65.64189
619 -138.9878720992217 -38.16880801765718 -62.99240939306646 -146.8046 3.362788 -66.50732
620 -138.90353806625916 -38.261783706134615 -63.83612936737393 -146.7409 3.376135 -67.35784
621 -138.82013111256185 -38.36288871613749 -64.65888931046563 -146.6842 3.387862 -68.18896
622 -138.69526948431965 -38.42720198631977 -65.45838395881242 -146.637 3.40087 -68.99922
623 -138.5761643345258 -38.52123990535722 -66.2321109660441 -146.6018 3.409958 -69.78685
624 -138.4892168234176 -38.62718049006597 -66.9843213166992 -146.575 3.416011 -70.55095
625 -138.48028191893985 -38.70820021930227 -67.71869473183447 -146.5515 3.42136 -71.28944
626 -138.48383655712925 -38.785105169807416 -68.42886056476307 -146.5298 3.426278 -72.00342
627 -138.45240613873102 -38.86021096943409 -69.11013407155072 -146.5152 3.430945 -72.68937
628 -138.4190110561766 -38.942518030673085 -69.76333607965188 -146.5063 3.436511 -73.3485
629 -138.4278521032733 -39.019037886535685 -70.39212258916126 -146.499 3.443175 -73.98191
630 -138.39250374216576 -39.091006929495876 -70.99355166271724 -146.496 3.451189 -74.5886
631 -138.43339382487477 -39.142250054538955 -71.56896139814745 -146.4997 3.454673 -75.16771
632 -138.46489585606997 -39.202523247487235 -72.12142547375997 -146.5087 3.458263 -75.72426
633 -138.49239356085178 -39.24344970183768 -72.64418469745195 -146.5201 3.46068 -76.24921
634 -138.01831826472397 -39.252484963134584 -72.78953132960633 -146.531 3.464948 -76.74501
635 -137.58744022186568 -39.28454186496675 -72.95759657686627 -146.5458 3.469095 -77.20836
636 -137.1619648644607 -39.31278199192371 -73.05073777060223 -146.5624 3.474975 -77.64447
637 -136.7825732696402 -39.3235222110082 -73.18216656957176 -146.5828 3.4811 -78.04556
638 -136.42218405564643 -39.338112675487004 -73.26529522653335 -146.5982 3.487735 -78.41532
639 -136.08718001589884 -39.341475491284015 -73.30999325592744 -146.6147 3.489838 -78.7529
640 -135.78178757410856 -39.354641100132575 -73.34729792408064 -146.6267 3.492333 -79.0606
641 -135.51671518041746 -39.35744649199083 -73.37467818573731 -146.6358 3.49339 -79.32694
642 -135.2751510395322 -39.35556642182375 -73.41649567201438 -146.6444 3.496768 -79.57193
643 -135.05388081357836 -39.36064195839163 -73.45898677324611 -146.6502 3.501775 -79.79717
644 -134.85317478679377 -39.36583305910345 -73.47938680792124 -146.6574 3.507398 -79.99877
645 -134.6566013236803 -39.37608195988857 -73.48988384470675 -146.6613 3.513405 -80.19576
646 -134.47592005060383 -39.39115501508919 -73.54398655320071 -146.6636 3.523785 -80.38467
647 -134.59192407367343 -39.42763461782879 -73.68392232705654 -146.6635 3.531968 -80.56988
648 -134.63297530333523 -39.430672522257524 -73.51188076724921 -146.6558 3.544429 -80.74617
649 -134.6188409339518 -39.43267398613086 -73.34660911898341 -146.6452 3.553303 -80.91148
650 -134.59879422458758 -39.40637138568777 -73.19928644495596 -146.6315 3.562076 -81.06159
651 -134.56750572040232 -39.39274723887097 -73.0626717152583 -146.6264 3.568355 -81.20217
652 -134.65737261160066 -39.39554538346721 -72.9647904397396 -146.6236 3.574643 -81.3349
653 -134.68798581512104 -39.40178414972713 -72.84239834818636 -146.6172 3.580246 -81.46093
654 -134.68868248248242 -39.41462461603565 -72.96147445022017 -146.6064 3.586432 -81.58005
655 -134.77512311786512 -39.411852546644674 -72.8888479273313 -146.591 3.591611 -81.69181
656 -134.75984747859516 -39.42678615604409 -72.9923844219175 -146.5743 3.595945 -81.79611
657 -134.75984747859516 -39.42678615604409 -72.9923844219175 -146.5544 3.599009 -81.88799
658 -134.75984747859516 -39.42678615604409 -72.9923844219175 -146.5371 3.601598 -81.96407
659 -134.75984747859516 -39.42678615604409 -72.9923844219175 -146.5218 3.605125 -82.02535
660 -134.75984747859516 -39.42678615604409 -72.9923844219175 -146.5098 3.607875 -82.07268
661 -134.75984747859516 -39.42678615604409 -72.9923844219175 -146.4988 3.610893 -82.10813
662 -134.75984747859516 -39.42678615604409 -72.9923844219175 -146.4897 3.612361 -82.13307
663 -134.75984747859516 -39.42678615604409 -72.9923844219175 -146.4813 3.614901 -82.1479
664 -134.75984747859516 -39.42678615604409 -72.9923844219175 -146.4749 3.616561 -82.15466
665 -134.75984747859516 -39.42678615604409 -72.9923844219175 -146.47 3.618715 -82.15162
666 -134.75984747859516 -39.42678615604409 -72.9923844219175 -146.4675 3.618427 -82.14449
667 -134.75984747859516 -39.42678615604409 -72.9923844219175 -146.4666 3.617487 -82.14289
668 -134.75984747859516 -39.42678615604409 -72.9923844219175 -146.4691 3.619237 -82.14598
669 -134.75984747859516 -39.42678615604409 -72.9923844219175 -146.4743 3.621418 -82.14846
670 -134.75984747859516 -39.42678615604409 -72.9923844219175 -146.4784 3.622343 -82.14814
671 -134.75984747859516 -39.42678615604409 -72.9923844219175 -146.4809 3.626275 -82.14689
672 -134.75984747859516 -39.42678615604409 -72.9923844219175 -146.4837 3.630956 -82.14592
673 -134.75984747859516 -39.42678615604409 -72.9923844219175 -146.4853 3.635666 -82.1443
674 -134.75984747859516 -39.42678615604409 -72.9923844219175 -146.486 3.642197 -82.14339
675 -134.75984747859516 -39.42678615604409 -72.9923844219175 -146.4874 3.646408 -82.14478
676 -134.75984747859516 -39.42678615604409 -72.9923844219175 -146.4896 3.650913 -82.14651
677 -134.75984747859516 -39.42678615604409 -72.9923844219175 -146.4903 3.653096 -82.14732
678 -134.75984747859516 -39.42678615604409 -72.9923844219175 -146.4929 3.66085 -82.15098
679 -134.75984747859516 -39.42678615604409 -72.9923844219175 -146.4935 3.666124 -82.15255
680 -134.75984747859516 -39.42678615604409 -72.9923844219175 -146.495 3.67267 -82.1546
681 -134.75984747859516 -39.42678615604409 -72.9923844219175 -146.4952 3.677041 -82.15536
682 -134.75984747859516 -39.42678615604409 -72.9923844219175 -146.4961 3.682929 -82.15662
683 -134.75984747859516 -39.42678615604409 -72.9923844219175 -146.4944 3.686575 -82.15612
684 -134.75984747859516 -39.42678615604409 -72.9923844219175 -146.4943 3.692587 -82.15657
685 -134.75984747859516 -39.42678615604409 -72.9923844219175 -146.4929 3.697692 -82.15523
686 -134.75984747859516 -39.42678615604409 -72.9923844219175 -146.4903 3.703976 -82.15185
687 -134.75984747859516 -39.42678615604409 -72.9923844219175 -146.4878 3.711265 -82.14843
688 -134.75984747859516 -39.42678615604409 -72.9923844219175 -146.4858 3.71733 -82.14544
689 -134.75984747859516 -39.42678615604409 -72.9923844219175 -146.4866 3.721405 -82.14302
690 -134.75984747859516 -39.42678615604409 -72.9923844219175 -146.4873 3.72538 -82.14091
691 -134.75984747859516 -39.42678615604409 -72.9923844219175 -146.4876 3.730224 -82.13842
692 -134.75984747859516 -39.42678615604409 -72.9923844219175 -146.4871 3.733757 -82.13635
693 -134.75984747859516 -39.42678615604409 -72.9923844219175 -146.4865 3.736302 -82.13505
694 -134.75984747859516 -39.42678615604409 -72.9923844219175 -146.486 3.737147 -82.13362
695 -134.75984747859516 -39.42678615604409 -72.9923844219175 -146.4879 3.738183 -82.13326
696 -134.75984747859516 -39.42678615604409 -72.9923844219175 -146.4881 3.739743 -82.13252
697 -134.75984747859516 -39.42678615604409 -72.9923844219175 -146.4887 3.743962 -82.13297
698 -134.75984747859516 -39.42678615604409 -72.9923844219175 -146.4887 3.746808 -82.13315
699 -134.75984747859516 -39.42678615604409 -72.9923844219175 -146.489 3.749734 -82.13346
700 -134.75984747859516 -39.42678615604409 -72.9923844219175 -146.4885 3.751969 -82.13324
701 -134.75984747859516 -39.42678615604409 -72.9923844219175 -146.4862 3.756727 -82.13358
702 -134.75984747859516 -39.42678615604409 -72.9923844219175 -146.4847 3.76039 -82.13348
703 -134.75984747859516 -39.42678615604409 -72.9923844219175 -146.485 3.762686 -82.13363
704 -134.75984747859516 -39.42678615604409 -72.9923844219175 -146.4854 3.763251 -82.13382
705 -134.75984747859516 -39.42678615604409 -72.9923844219175 -146.4849 3.763444 -82.13351
706 -134.75984747859516 -39.42678615604409 -72.9923844219175 -146.4851 3.764354 -82.13339
707 -134.75984747859516 -39.42678615604409 -72.9923844219175 -146.4851 3.765829 -82.13304
708 -134.75984747859516 -39.42678615604409 -72.9923844219175 -146.4801 3.76976 -82.13367
709 -134.75984747859516 -39.42678615604409 -72.9923844219175 -146.4764 3.772636 -82.13276
710 -134.75984747859516 -39.42678615604409 -72.9923844219175 -146.4733 3.773749 -82.13226
711 -134.75984747859516 -39.42678615604409 -72.9923844219175 -146.4721 3.77466 -82.13189
712 -134.75984747859516 -39.42678615604409 -72.9923844219175 -146.4755 3.775066 -82.13281
713 -134.75984747859516 -39.42678615604409 -72.9923844219175 -146.4771 3.775151 -82.13308
714 -134.75984747859516 -39.42678615604409 -72.9923844219175 -146.4775 3.77602 -82.13322
715 -134.75984747859516 -39.42678615604409 -72.9923844219175 -146.4765 3.778253 -82.13318
716 -134.75984747859516 -39.42678615604409 -72.9923844219175 -146.506 3.817593 -82.14996
717 -134.75984747859516 -39.42678615604409 -72.9923844219175 -146.525 3.844867 -82.16201
718 -134.75984747859516 -39.42678615604409 -72.9923844219175 -146.5414 3.867997 -82.17605
719 -134.75984747859516 -39.42678615604409 -72.9923844219175 -146.5569 3.891863 -82.19557
720 -134.75984747859516 -39.42678615604409 -72.9923844219175 -146.5659 3.908776 -82.2173
721 -134.75984747859516 -39.42678615604409 -72.9923844219175 -146.5794 3.927281 -82.24565
722 -134.75984747859516 -39.42678615604409 -72.9923844219175 -146.5858 3.940279 -82.27544
723 -134.75984747859516 -39.42678615604409 -72.9923844219175 -146.5906 3.955031 -82.31013
724 -134.75984747859516 -39.42678615604409 -72.9923844219175 -146.5878 3.963825 -82.34431
725 -134.75984747859516 -39.42678615604409 -72.9923844219175 -146.5882 3.974088 -82.38439
726 -134.75984747859516 -39.42678615604409 -72.9923844219175 -146.5818 3.98079 -82.42617
727 -134.75984747859516 -39.42678615604409 -72.9923844219175 -146.578 3.988369 -82.47354
728 -134.75984747859516 -39.42678615604409 -72.9923844219175 -146.5675 3.993899 -82.52259
729 -134.75984747859516 -39.42678615604409 -72.9923844219175 -146.5518 4.000773 -82.57422
730 -134.75984747859516 -39.42678615604409 -72.9923844219175 -146.5331 4.006616 -82.63234
731 -134.75984747859516 -39.42678615604409 -72.9923844219175 -146.5075 4.013233 -82.69805
732 -134.75984747859516 -39.42678615604409 -72.9923844219175 -146.4759 4.019203 -82.77848
733 -134.7237919058966 -39.42687913770215 -73.09257991586702 -146.4452 4.024429 -82.88031
734 -134.83545571988674 -39.42360433226899 -73.05416559001647 -146.3964 4.029323 -82.98778
735 -134.81638079102615 -39.43313061072252 -73.18914825975146 -146.3513 4.033562 -83.11671
736 -134.78955435216938 -39.44556892601626 -73.33847115569151 -146.2958 4.037831 -83.25839
737 -134.73606163690366 -39.4415938185116 -73.49450149408064 -146.2309 4.040989 -83.41005
738 -134.65307401042898 -39.446317167466106 -73.65482083821213 -146.1563 4.045713 -83.57444
739 -134.57320333549728 -39.47325676047761 -73.82448760573993 -146.0701 4.051946 -83.74303
740 -134.52361422028454 -39.49510269477673 -74.01635967881992 -145.9804 4.058185 -83.92098
741 -134.45323132912017 -39.48680473974281 -74.21505205696916 -145.8795 4.063554 -84.10616
742 -134.34150856553993 -39.51954561653859 -74.40232990292174 -145.7599 4.070054 -84.29131
743 -134.28460248255612 -39.55766357070916 -74.62309013238867 -145.6332 4.076339 -84.48453
744 -134.1870293133787 -39.57489175771778 -74.84580747363103 -145.4913 4.08362 -84.6826
745 -134.02664399058756 -39.59036064981384 -75.0563913185159 -145.3153 4.089716 -84.88083
746 -133.89407410838947 -39.626042875644636 -75.30969741085234 -145.1255 4.095105 -85.09753
747 -133.7601185958102 -39.67979196209718 -75.5940067285402 -144.8957 4.100068 -85.31851
748 -133.5936590114504 -39.72155630970678 -75.88874253726472 -144.6601 4.109917 -85.56492
749 -133.40462153046192 -39.75652770108074 -76.200951704023 -144.3964 4.121088 -85.81942
750 -133.1431053995544 -39.81464030132284 -76.50174449893049 -144.0775 4.128858 -86.06536
751 -132.80858842443433 -39.86959840226277 -76.75886611772907 -143.7422 4.134474 -86.32723
752 -132.49645480294862 -39.9181457923695 -77.08754440771494 -143.3707 4.13769 -86.59141
753 -132.1095763551746 -39.965933044337206 -77.38645078345549 -142.9474 4.141571 -86.84062
754 -131.72578407070094 -40.01014683276253 -77.7168884596254 -142.5033 4.14355 -87.08803
755 -131.2735933414303 -40.06387154072909 -78.01321539784671 -142.01 4.14816 -87.31564
756 -130.81234623190753 -40.11552124856098 -78.3086185796809 -141.5092 4.15337 -87.54335
757 -130.33035122591488 -40.16838764958255 -78.6123752081471 -140.9762 4.156256 -87.7514
758 -129.77905010523304 -40.23292792675253 -78.8633295264179 -140.3921 4.158657 -87.92431
759 -129.21888875767377 -40.30772733623932 -79.1075511844706 -139.7985 4.160018 -88.08758
760 -128.62313691269364 -40.38310150901464 -79.36519126033262 -139.1586 4.162171 -88.21988
761 -128.01344276009547 -40.46005332180538 -79.60810287959326 -138.5086 4.166045 -88.33879
762 -127.36395989038606 -40.54911636778185 -79.81368941531828 -137.8281 4.168871 -88.43333
763 -126.66561861871216 -40.63183408194655 -79.961270208907 -137.1128 4.171257 -88.50147
764 -125.96024218618774 -40.74033271957561 -80.14100179008504 -136.3792 4.171706 -88.56031
765 -125.2264598106077 -40.85452723629926 -80.32825400312227 -135.6148 4.169899 -88.60753
766 -124.46576657506544 -40.95130333040977 -80.51969693247193 -134.8254 4.168382 -88.64646
767 -123.68190647518065 -41.04124475432091 -80.71596505360586 -134.0129 4.164762 -88.67609
768 -122.874751302643 -41.186999770497 -80.86188991819454 -133.1801 4.156812 -88.69656
769 -122.04851275304998 -41.29045648766511 -81.04458503981589 -132.3277 4.147637 -88.70556
770 -121.20044588101885 -41.408866391120725 -81.22493953585905 -131.4527 4.136633 -88.70109
771 -120.31790201214201 -41.49609978224268 -81.3842749841475 -130.552 4.122623 -88.68049
772 -119.41458208109344 -41.615845347319286 -81.52158016618687 -129.6312 4.103983 -88.64953
773 -118.4885903923994 -41.74101481183019 -81.651031309819 -128.6888 4.084791 -88.61212
774 -117.54616942958037 -41.900384694499785 -81.78945394455087 -127.7239 4.065878 -88.57569
775 -116.56963556703668 -42.024211748410636 -81.89008123036469 -126.7352 4.048213 -88.54051
776 -115.58246390487002 -42.15659928494321 -82.08535042737735 -125.721 4.031067 -88.50489
777 -114.57094579840088 -42.30076995596723 -82.27079644304389 -124.6835 4.013952 -88.46433
778 -113.53562797707747 -42.43165865451095 -82.43098444567728 -123.6288 3.99689 -88.4197
779 -112.48099094386137 -42.59725531237101 -82.57395346988788 -122.5531 3.978093 -88.36834
780 -111.41192094612457 -42.75364954323033 -82.75522784372201 -121.4602 3.960347 -88.29428
781 -110.32353850560796 -42.88395409180778 -82.94991850103293 -120.3502 3.940654 -88.21078
782 -109.22562199391845 -43.03220463250247 -83.1519187900013 -119.2271 3.920264 -88.13057
783 -108.10350124108956 -43.18741322150941 -83.31297242266504 -118.0866 3.901849 -88.04055
784 -106.9680980567038 -43.35774646505354 -83.48067005546415 -116.9301 3.883303 -87.94868
785 -105.81904951786818 -43.53475494780277 -83.6370986849364 -115.7614 3.867981 -87.84858
786 -104.65920443199434 -43.70772211525618 -83.81879521642071 -114.5794 3.849717 -87.74507
787 -103.47681800513293 -43.87015409997239 -83.94851945984139 -113.3837 3.830963 -87.63924
788 -102.29313749753321 -44.04255505150611 -84.1045167961255 -112.1817 3.81218 -87.53924
789 -101.10807350194528 -44.21201439311207 -84.28704417415055 -110.9751 3.791845 -87.43868
790 -99.9267506359479 -44.38807326852656 -84.44357438069386 -109.7745 3.771694 -87.34289
791 -98.74762402025961 -44.55825533220597 -84.57991259939023 -108.5794 3.750574 -87.24708
792 -97.57246907684382 -44.73634048695153 -84.73106974914073 -107.3857 3.726738 -87.14676
793 -96.40528696734108 -44.95518367227489 -84.83777273859417 -106.1976 3.701746 -87.04988
794 -95.23239713128977 -45.131185906616125 -84.9560153022944 -105.0099 3.677172 -86.95296
795 -94.05977165476338 -45.29299441360229 -85.10193081062779 -103.8211 3.653224 -86.85966
796 -92.88432085642992 -45.4748757261977 -85.19394467049055 -102.6322 3.628733 -86.76401
797 -91.70859126849554 -45.6469939663241 -85.27948064892924 -101.4446 3.607239 -86.67222
798 -90.54275976899952 -45.822461271246624 -85.41979588960913 -100.2617 3.588698 -86.572
799 -89.38682360583701 -45.96835564937949 -85.61310455568069 -99.08436 3.569432 -86.48067
800 -88.24048976109393 -46.126437178416225 -85.83488472898289 -97.91011 3.547496 -86.38626
801 -87.09484765480681 -46.27660988680075 -86.06318524703421 -96.73614 3.526824 -86.29387
802 -85.9341484955625 -46.44262160493055 -86.16770950987372 -95.56279 3.506517 -86.20143
803 -84.78005983543207 -46.62326732791722 -86.28637057977028 -94.3923 3.490095 -86.11023
804 -83.64074679592304 -46.83214877410921 -86.43035867963425 -93.22888 3.474064 -86.01752
805 -82.50993752740034 -47.0276729679017 -86.6097658207658 -92.07077 3.457332 -85.93007
806 -81.37629231895681 -47.196984891660385 -86.78309938718081 -90.91482 3.439932 -85.8444
807 -80.24301383649161 -47.383055056146524 -86.9269046258145 -89.76083 3.420499 -85.7575
808 -79.11053804816453 -47.54421876220041 -87.0967576552397 -88.60756 3.402298 -85.67406
809 -77.98493033643497 -47.732998557037355 -87.2566396432349 -87.45822 3.383825 -85.59118
810 -76.86672913603279 -47.9269555005601 -87.42191603206119 -86.31428 3.36566 -85.5113
811 -75.75129364063245 -48.099759275280945 -87.5875269023543 -85.17639 3.347256 -85.4316
812 -74.64280125123659 -48.29340144181136 -87.7517426300325 -84.04212 3.327124 -85.35257
813 -73.52354944863548 -48.46510309586306 -87.88991181260982 -82.90481 3.306136 -85.26665
814 -72.41320648009697 -48.6422921664801 -88.03743331948925 -81.77442 3.285675 -85.17822
815 -71.3047773840955 -48.8345175856054 -88.16387824774056 -80.64658 3.266626 -85.08247
816 -70.19979142892022 -49.01468147577355 -88.27782598386925 -79.52584 3.245394 -84.98283
817 -69.1042919708326 -49.19960782521295 -88.42652146157037 -78.40969 3.221768 -84.88244
818 -67.99181169456415 -49.353218365998 -88.4992487549984 -77.28896 3.191912 -84.78461
819 -66.89034090291098 -49.53306245077196 -88.57956958972234 -76.17485 3.162484 -84.68498
820 -65.79441343036441 -49.72356198482275 -88.67125878976876 -75.06363 3.133853 -84.58436
821 -64.70390009820555 -49.90284335696347 -88.80055592889846 -73.95599 3.108503 -84.48155
822 -63.61654048515696 -50.071717926814856 -88.95884784433431 -72.84964 3.082721 -84.37548
823 -62.5313069660786 -50.24042264289702 -89.09445470972632 -71.74856 3.05932 -84.26751
824 -61.44638756170427 -50.41759850465519 -89.19187193091075 -70.65049 3.035851 -84.1597
825 -60.36774976144577 -50.58993698697617 -89.31836573558449 -69.5564 3.014567 -84.05165
826 -59.29099102736493 -50.759811902481594 -89.45447000854705 -68.4631 2.993483 -83.94657
827 -58.21350036548477 -50.930327252866974 -89.59031323585347 -67.36871 2.973202 -83.84452
828 -57.129786432935006 -51.10778906681734 -89.69973237910993 -66.26978 2.959134 -83.74424
829 -56.048077391040884 -51.2706804795433 -89.81936319798889 -65.17361 2.945193 -83.64855
830 -54.9670707752268 -51.45066153986905 -89.96504292499033 -64.07225 2.930056 -83.55385
831 -53.898371359239206 -51.620091705073655 -90.07510361422818 -62.98846 2.914583 -83.46386
832 -52.82050089503691 -51.79003892302864 -90.20293722574996 -61.89385 2.894478 -83.37192
833 -51.74788154721213 -51.959212590839385 -90.35358681369303 -60.80165 2.873362 -83.27983
834 -50.69042672105849 -52.11593375060544 -90.5080334090261 -59.72532 2.851534 -83.19229
835 -49.638527967290216 -52.290257253872824 -90.65163794636858 -58.65323 2.82608 -83.10582
836 -48.58679003498909 -52.4405379670859 -90.75895334714657 -57.58891 2.801637 -83.02288
837 -47.5358269587634 -52.621800454439885 -90.93743565238853 -56.51193 2.779651 -82.92872
838 -46.47817895894276 -52.76342403969003 -91.07686214059044 -55.43924 2.756445 -82.84557
839 -45.41623879988756 -52.915241576300886 -91.20218974883467 -54.36293 2.73159 -82.75948
840 -44.359194132939855 -53.08266627267477 -91.3343732185672 -53.28795 2.707333 -82.67777
841 -43.30203416698034 -53.2532427139481 -91.4448067375006 -52.21491 2.68434 -82.59449
842 -42.25442675687837 -53.40943638284612 -91.57723048129539 -51.15105 2.663165 -82.50983
843 -41.22014361099738 -53.56996252710449 -91.68650005860346 -50.10238 2.644628 -82.42382
844 -40.19188207343081 -53.75304241167027 -91.81885122674947 -49.05334 2.626537 -82.33696
845 -39.16186034539029 -53.930952630443066 -91.94062989009262 -48.00472 2.609242 -82.25022
846 -38.139791129980075 -54.107215787195365 -92.08591255040172 -46.96133 2.59164 -82.16174
847 -37.10976337879664 -54.2895648182374 -92.18839406199791 -45.91385 2.573083 -82.07717
848 -36.06947455484517 -54.463418426006434 -92.32272903595242 -44.85398 2.560563 -81.99356
849 -35.03023061457877 -54.65869504613309 -92.42241415408182 -43.795 2.547118 -81.91307
850 -33.99380611621126 -54.850902716254005 -92.59456672900112 -42.72975 2.539457 -81.836
851 -32.95171419003965 -55.02853512250399 -92.71665372309474 -41.66873 2.528194 -81.75523
852 -31.904258312783426 -55.19333154706473 -92.83014607917829 -40.60585 2.51585 -81.66958
853 -30.867662595671767 -55.36216417041048 -92.94957284736682 -39.55165 2.50395 -81.5933
854 -29.830286248329628 -55.52869018688631 -93.07718246979314 -38.49644 2.488082 -81.51302
855 -28.80244649143044 -55.700082056524856 -93.22867105115897 -37.44699 2.467897 -81.4292
856 -27.774958711918238 -55.879741534737605 -93.36024075664778 -36.39931 2.449328 -81.34352
857 -26.7554739403825 -56.06505578045454 -93.48672993405872 -35.35893 2.430647 -81.26015
858 -25.738805498726812 -56.23752052162075 -93.60739995734903 -34.32413 2.409772 -81.17846
859 -24.722820924172005 -56.40618269588785 -93.72662508361942 -33.29069 2.388158 -81.09833
860 -23.71203493030818 -56.546368629050086 -93.85402728480982 -32.26565 2.364654 -81.01888
861 -22.6988694014101 -56.71395005184965 -93.9811858657635 -31.23423 2.341459 -80.93893
862 -21.68580068863749 -56.85844298539211 -94.11324723673 -30.20542 2.319947 -80.86334
863 -20.677232420386275 -57.00504823123157 -94.23341608554328 -29.18198 2.301513 -80.79003
864 -19.683785948035343 -57.17798289526696 -94.38477597810885 -28.16485 2.28654 -80.7195
865 -18.69587449669937 -57.30912920562639 -94.56265508524166 -27.15493 2.273856 -80.65087
866 -17.698986649846645 -57.429758379266545 -94.7111086031799 -26.14248 2.258338 -80.5796
867 -16.710656272536184 -57.57877527011368 -94.88148775980304 -25.13087 2.24336 -80.51287
868 -15.726796432068008 -57.743049929760495 -95.02085554467772 -24.12616 2.224417 -80.44513
869 -14.745831428836544 -57.90921145966033 -95.16552413859307 -23.12314 2.200874 -80.38011
870 -13.768782298431743 -58.05471878859314 -95.30369919946176 -22.12814 2.179186 -80.31382
871 -12.78951554394004 -58.19456156028697 -95.40476850131093 -21.13624 2.158118 -80.2473
872 -11.825481714132312 -58.35265395130995 -95.47707806172923 -20.15914 2.136539 -80.18102
873 -10.890160511064497 -58.49925482256209 -95.62352802849227 -19.20344 2.115684 -80.11803
874 -9.963869416112242 -58.643001504476494 -95.69718161938066 -18.26545 2.094794 -80.05605
875 -9.057969214415568 -58.78545857706502 -95.81689225324179 -17.34296 2.076612 -79.99311
876 -8.169327734009409 -58.93857183571396 -95.8986673424283 -16.43997 2.056734 -79.92964
877 -7.297636409863778 -59.084052487628284 -95.932269072024 -15.55805 2.038136 -79.86631
878 -6.455659634519165 -59.21931387435 -96.03633292712465 -14.70187 2.021472 -79.79755
879 -5.632233081307538 -59.36238273634358 -96.14037270879437 -13.86242 2.006898 -79.73095
880 -4.830850101292601 -59.487693009555294 -96.24680238951825 -13.04799 1.982635 -79.65774
881 -4.044603705230053 -59.61783365564471 -96.31722235380458 -12.25209 1.955701 -79.58095
882 -3.2755998751793785 -59.751759672335545 -96.40160783692652 -11.471 1.931372 -79.50525
883 -2.521378307964927 -59.85049237017546 -96.43056229050161 -10.71407 1.907256 -79.42836
884 -1.79580229774164 -59.96616739074603 -96.5219664698068 -9.978597 1.882125 -79.34685
885 -1.0867324183103775 -60.068311664888725 -96.48698981341713 -9.267307 1.855018 -79.25871
886 -0.40317640592630444 -60.198592060559506 -96.54278549667713 -8.577034 1.82462 -79.15904
887 0.24610811080464823 -60.3157053263868 -96.66506521985607 -7.915426 1.793514 -79.05159
888 0.8912333136823468 -60.40793227924692 -96.71046653577476 -7.272311 1.764992 -78.94049
889 1.5027811412106726 -60.52786135139665 -96.72107152717928 -6.660991 1.73223 -78.82344
890 2.1031490051429595 -60.61294731860225 -96.72387942658537 -6.068827 1.702411 -78.69639
891 2.7104264121348205 -60.70376539760452 -96.69708028039412 -5.472914 1.669583 -78.54955
892 3.2483338729683213 -60.76267724969481 -96.5885355384305 -4.940333 1.642761 -78.4073
893 3.8185157971767945 -60.83608637874615 -96.50837512863333 -4.382647 1.616116 -78.24856
894 4.350328560201329 -60.926251596582865 -96.53794717500604 -3.86783 1.594797 -78.08627
895 4.886215648654649 -60.989747412974154 -96.49624785151238 -3.358995 1.576012 -77.90275
896 5.410554532523949 -61.06056441235352 -96.46113220087626 -2.864838 1.557809 -77.71129
897 5.909161268328581 -61.13024215968324 -96.32131920503072 -2.385605 1.5388 -77.50396
898 6.3745852857415555 -61.20976391587051 -96.12225108037973 -1.921735 1.519288 -77.28713
899 6.856634463774851 -61.32301004894971 -96.00575503417627 -1.46975 1.500554 -77.05448
900 7.331632763535601 -61.39807111097123 -95.83579875745312 -1.027851 1.487556 -76.80012
901 7.7870335024464765 -61.42973854834609 -95.6283814687013 -0.6036779 1.472946 -76.53314
902 8.205811020549664 -61.50164677201205 -95.37302313134253 -0.2051226 1.455786 -76.23884
903 8.610161926350619 -61.57975841284456 -95.09725794668834 0.166806 1.434811 -75.91192
904 8.992668355084753 -61.641880022515245 -94.80682270518032 0.5205388 1.418536 -75.58157
905 9.393214815169442 -61.71272898113657 -94.55180407428301 0.8592366 1.400138 -75.24181
906 9.801098253967785 -61.78492569568806 -94.30300646528009 1.18203 1.376718 -74.88301
907 10.164711434524607 -61.87346116099755 -94.01149860678605 1.473046 1.350348 -74.50932
908 10.493774536451925 -61.95322851927912 -93.67558685791775 1.733786 1.324453 -74.11079
909 10.802845750304481 -62.03527535144817 -93.3319057747189 1.977241 1.308518 -73.70973
910 11.108122455866077 -62.09460924819519 -92.9757261148515 2.211269 1.295259 -73.29908
911 11.40499215612331 -62.175910648496334 -92.60270081122819 2.4317 1.282661 -72.8688
912 11.693088590973485 -62.2466672855648 -92.22839602151481 2.625592 1.26876 -72.43254
913 11.947799495480227 -62.3387312543087 -91.82139739599197 2.77869 1.258343 -71.96837
914 12.138664007834418 -62.40061402925173 -91.38899459720692 2.915642 1.253995 -71.5118
915 12.324795370269488 -62.47813518795904 -90.95708921671748 3.046312 1.25835 -71.05343
916 12.539895142551034 -62.5438524501454 -90.52457289108901 3.160868 1.257972 -70.57958
917 12.739500438179817 -62.62279300772604 -90.08764974961008 3.257933 1.264619 -70.1026
918 12.896330552612636 -62.68705263811641 -89.61917281692493 3.33279 1.267119 -69.61007
919 13.078964246253314 -62.78157537684889 -89.16614019732378 3.394982 1.272526 -69.11648
920 13.22328595795202 -62.86873739215436 -88.68653731585908 3.452999 1.270676 -68.61143
921 13.38400497806267 -62.95156679203027 -88.20185456901547 3.505748 1.267062 -68.09683
922 13.50430857947686 -63.03375995253612 -87.69946037443033 3.551082 1.26175 -67.57573
923 13.597472521599574 -63.109247039668865 -87.18214531877337 3.59156 1.259481 -67.04625
924 13.711665801550382 -63.2085066312932 -86.66210024924126 3.623078 1.252875 -66.5056
925 13.799761885833952 -63.29312775370517 -86.11979273901053 3.647772 1.243096 -65.95034
926 13.932186816015454 -63.38387258659047 -85.56914342072525 3.663801 1.234892 -65.37705
927 14.019287522931858 -63.47624963460377 -84.99586770378617 3.673887 1.227201 -64.79002
928 14.132765826727372 -63.58728556411274 -84.41201977874424 3.677308 1.218704 -64.18504
929 14.276459113213381 -63.68877780767524 -83.81568741190465 3.675967 1.209466 -63.56337
930 14.37660469001084 -63.78848168994299 -83.19340734791928 3.664022 1.199856 -62.92543
931 14.485616278013433 -63.89677385332023 -82.55718569789295 3.643049 1.189755 -62.27133
932 14.61090196864063 -64.00697241278021 -81.90875396026591 3.617203 1.179028 -61.60236
933 14.708707805637918 -64.12200294564714 -81.23830768236022 3.591227 1.168096 -60.9157
934 14.845454627756796 -64.24226488839624 -80.55502670451318 3.556391 1.152451 -60.2096
935 14.97715553710928 -64.36010302932958 -79.85999923498258 3.520319 1.139602 -59.49348
936 15.045423471815964 -64.48703084575715 -79.14028591858651 3.485568 1.128869 -58.76038
937 15.14470544041175 -64.60898019886524 -78.40839834394048 3.451301 1.117531 -58.01266
938 15.228794609797237 -64.739191087928 -77.66601272061084 3.415287 1.106594 -57.2552
939 15.3540291301297 -64.88425812489234 -76.92792117147043 3.375737 1.094891 -56.49375
940 15.441035197815212 -64.99836795809985 -76.17608208509606 3.332427 1.084248 -55.72964
941 15.532869448563506 -65.13671001938098 -75.42848074246618 3.288581 1.074394 -54.96514
942 15.708032330891964 -65.28761736616771 -74.7013155644659 3.243097 1.064884 -54.20352
943 15.808494203635966 -65.42781582987617 -73.95369681131791 3.192353 1.056466 -53.43799
944 15.947888289486391 -65.53565277767916 -73.20715608754026 3.132861 1.04964 -52.67327
945 16.079915929001192 -65.65068143577338 -72.4586852139632 3.069795 1.042836 -51.90721
946 16.144097492717453 -65.78126440573394 -71.70507784910453 3.005492 1.035311 -51.14242
947 16.265857885060754 -65.9150062567907 -70.95764726380024 2.937896 1.027891 -50.37643
948 16.369183249485086 -66.0474132334844 -70.20919679197233 2.871709 1.018952 -49.61228
949 16.464157350729497 -66.16644467381066 -69.45519312561277 2.80322 1.010036 -48.84616
950 16.524725800958493 -66.29027568058085 -68.70118731430605 2.741985 0.9980856 -48.0822
951 16.605246585355854 -66.43130780365026 -67.95320101337269 2.690256 0.9818285 -47.31871
952 16.72054855406528 -66.55612377856824 -67.20718870006465 2.632847 0.9665624 -46.5559
953 16.81869268154442 -66.68652806543143 -66.46387819854247 2.573747 0.9515027 -45.79733
954 16.904518636365108 -66.7966884007837 -65.7167606656735 2.514617 0.9390078 -45.03968
955 16.956925179997857 -66.9252578295157 -64.97382744795789 2.455917 0.9260055 -44.28628
956 17.04973405039002 -67.04968620593047 -64.23675412508831 2.395278 0.9139468 -43.53558
957 17.149685277256218 -67.17792522790441 -63.503635149145026 2.336487 0.9025269 -42.78704
958 17.22147664979489 -67.30532054737695 -62.77255077818401 2.281395 0.8911355 -42.0436
959 17.314353075623174 -67.44155347261629 -62.0494862735075 2.229024 0.8765595 -41.30397
960 17.42017573511003 -67.56796897186248 -61.33635696576014 2.176053 0.8564019 -40.57423
961 17.55405652137407 -67.69329143382689 -60.63731027528413 2.128161 0.8397655 -39.85331
962 17.670700813757495 -67.80661769015829 -59.94284467612077 2.080478 0.8233957 -39.14184
963 17.757850423354597 -67.92560167613598 -59.25551080309371 2.023801 0.8103769 -38.44127
964 17.851981312554692 -68.04792495745785 -58.583610218109555 1.97541 0.7933529 -37.75378
965 17.94159446724385 -68.1644017054049 -57.92334270152921 1.93323 0.7801851 -37.0788
966 18.050906169010293 -68.27555768046433 -57.27638725812597 1.89552 0.7597285 -36.41471
967 18.149876695770693 -68.37871770170628 -56.63323640684796 1.851613 0.7422292 -35.75756
968 18.283080250301012 -68.49710391500756 -56.004547184706986 1.807991 0.7220826 -35.10587
969 18.38081211629991 -68.61557171821967 -55.373637995704826 1.766675 0.7015109 -34.45818
970 18.514762193364888 -68.71782295557986 -54.75011038955017 1.727417 0.6817103 -33.81378
971 18.587341449386216 -68.81209352445103 -54.122955167829026 1.687773 0.6642943 -33.17691
972 18.67733712858195 -68.92591876571251 -53.505747797103695 1.645582 0.6488052 -32.54447
973 18.76665760757828 -69.02014175738488 -52.890410718317455 1.602843 0.6337501 -31.91722
974 18.90877764221534 -69.12651263724015 -52.29072031854409 1.561553 0.6192475 -31.29334
975 18.93606824796216 -69.22927654067921 -51.67974030378683 1.524724 0.6035847 -30.67447
976 19.019263575180155 -69.34709348071304 -51.08022831123518 1.488055 0.5854894 -30.05921
977 19.15095900175735 -69.45640751261011 -50.49308340003108 1.45003 0.5615753 -29.44928
978 19.204092270114305 -69.54795737877187 -49.89186655568166 1.412389 0.5423823 -28.84028
979 19.26485625046215 -69.64801179677887 -49.29619799939522 1.378315 0.5196914 -28.2346
980 19.342036678396784 -69.75727913802777 -48.70559857578962 1.340783 0.4975266 -27.63061
981 19.418675363685317 -69.86460177820827 -48.11694772007681 1.305986 0.4776523 -27.0287
982 19.51167426732288 -69.95990632405476 -47.532453028257585 1.267692 0.4591265 -26.43074
983 19.616353560853923 -70.06477194393051 -46.95291007100816 1.229249 0.4405908 -25.83408
984 19.699448944248346 -70.1685075668512 -46.37196074020675 1.191105 0.4256449 -25.23953
985 19.759111679398888 -70.27949061827216 -45.791417689277765 1.152074 0.4124776 -24.6469
986 19.831499113170114 -70.39365099445013 -45.21920011818987 1.111448 0.4026685 -24.06042
987 19.880618575842142 -70.48817825181172 -44.643716800411916 1.067365 0.3920096 -23.47692
988 19.93213137820153 -70.56602384634418 -44.07099936629494 1.022814 0.381693 -22.89845
989 19.988983768775604 -70.64352648829525 -43.50538052091652 0.9777518 0.3707154 -22.3266
990 20.108127947959424 -70.7500079151439 -42.96565930585686 0.9345741 0.3612177 -21.76546
991 20.176884744901415 -70.84586514333905 -42.423389593629565 0.8867823 0.3506486 -21.21267
992 20.23645353139602 -70.92686643527786 -41.88886272288142 0.8446471 0.3428022 -20.67046
993 20.335971467702382 -71.03368121605345 -41.377327287182155 0.8029049 0.3330321 -20.14023
994 20.426564097769806 -71.12490635577484 -40.871861590159696 0.7667103 0.3282057 -19.61995
995 20.47739478737091 -71.21035833431718 -40.372094549681385 0.7322119 0.3216458 -19.1116
996 20.551805728668597 -71.29873046676184 -39.88892514695896 0.6995025 0.3170837 -18.61591
997 20.640992699497605 -71.37689835415931 -39.418631405280195 0.6673674 0.3108239 -18.132
998 20.72527952104502 -71.45124146033746 -38.95626458236218 0.6355362 0.3060331 -17.65726
999 20.80647117383036 -71.5339411780493 -38.508753746878234 0.6017668 0.2964822 -17.19632
1000 20.874810456394506 -71.61182846283963 -38.06737439847119 0.5679449 0.2867121 -16.74431
1001 20.89991131761456 -71.69809085752205 -37.63813880866638 0.5366303 0.2753636 -16.30704
1002 20.95616241592794 -71.76987510870092 -37.22571434812419 0.5073413 0.2644759 -15.88581
1003 21.03884956681681 -71.83364931357941 -36.81662073105342 0.4756959 0.2538892 -15.46492
1004 21.088154226651636 -71.88642618443282 -36.452569586719335 0.4466098 0.2450817 -15.09502
1005 21.156426789165373 -71.95222025601338 -36.09528799871453 0.4170347 0.2363433 -14.72666
1006 21.23499526641654 -72.02064862564126 -35.76894908734515 0.3916312 0.2279003 -14.38514
1007 21.292981628922842 -72.07794639331848 -35.45791537331708 0.3699658 0.2140665 -14.06463
1008 21.354540351679596 -72.12967762080068 -35.163934932029576 0.3512582 0.2032018 -13.76062
1009 21.399945014141498 -72.18580963160073 -34.88603558635659 0.3319222 0.1919107 -13.47437
1010 21.451457401142836 -72.24062572123734 -34.620496929614234 0.3139292 0.1822253 -13.19914
1011 21.501497227021364 -72.29464928261817 -34.36145036153626 0.299516 0.1737489 -12.93035
1012 21.536455312362424 -72.34911126271295 -34.108787405266284 0.2860852 0.1660659 -12.66999
1013 21.59259439506619 -72.40360156058338 -33.86146666265713 0.2755991 0.1593153 -12.41089
1014 21.65322996932687 -72.44833935731381 -33.61446968801467 0.2638684 0.1529288 -12.153
1015 21.699313745056255 -72.497946867984 -33.36708890743348 0.2561202 0.1472591 -11.8967
1016 21.72796316620537 -72.54783877143014 -33.120367192830564 0.2503151 0.1411226 -11.6435
1017 21.767876732898145 -72.60265548981513 -32.8768467118041 0.2385751 0.1355226 -11.39105
1018 21.804153449923223 -72.6489775465487 -32.63254346926169 0.2255563 0.1287714 -11.14019
1019 21.880698500965515 -72.68183973496546 -32.39967603698355 0.2115382 0.1228655 -10.89334
1020 21.92624931218577 -72.72273270267237 -32.15850167682087 0.1981649 0.1204292 -10.64489
1021 22.00850664745232 -72.75970663752699 -31.92829931293185 0.1839541 0.1141874 -10.39814
1022 22.06563323942466 -72.81099086518118 -31.694151797360085 0.1693736 0.1079282 -10.15224
1023 22.087748463180922 -72.84774003906787 -31.452791472602623 0.151201 0.1010753 -9.907869
1024 22.109454023701005 -72.89449819717493 -31.214757542968147 0.132765 0.09648987 -9.665059
1025 22.106464868459906 -72.92687107555989 -30.975567455602835 0.1131098 0.09200309 -9.424513
1026 22.14267106852696 -72.98370203923787 -30.743082289235755 0.09101141 0.08827309 -9.183499
1027 22.22031685749679 -73.02153129822624 -30.522097118398136 0.06543519 0.08241309 -8.94769
1028 22.2421756614478 -73.05452694283282 -30.28988382378671 0.04083069 0.07406821 -8.713565
1029 22.326773936880954 -73.07929797710483 -30.06867800561033 0.01685971 0.06895291 -8.476707
1030 22.331601312691127 -73.11847500116299 -29.836532032433166 -0.008130694 0.0653196 -8.242587
1031 22.333061032420474 -73.15352509357874 -29.6036368990426 -0.0370814 0.06224212 -8.008871
1032 22.34397157847562 -73.19665239087404 -29.374939266661038 -0.07086213 0.05793854 -7.778389
1033 22.383142312155265 -73.23218194945896 -29.14985868456631 -0.1055715 0.0505747 -7.549918
1034 22.3935496800938 -73.27958279517736 -28.92476374765292 -0.1332081 0.04493818 -7.321385
1035 22.423798538321435 -73.31408138838556 -28.700623606194732 -0.1584155 0.04066731 -7.09403
1036 22.445362409430754 -73.3529771987737 -28.47731380447219 -0.1817262 0.03554511 -6.867589
1037 22.52619941470449 -73.4020502059085 -28.266501457573586 -0.2082007 0.02607704 -6.638255
1038 22.543041516052362 -73.44056800073265 -28.04316815894185 -0.2343012 0.01689914 -6.41269
1039 22.55519463559571 -73.48514104139697 -27.82233013716563 -0.2605138 0.006487083 -6.188841
1040 22.567616956304885 -73.5292520962134 -27.602557506788248 -0.2848702 -0.002995286 -5.965868
1041 22.607279194053838 -73.57685337764872 -27.386298308174137 -0.3079171 -0.01257988 -5.742297
1042 22.667518675904837 -73.6147138499948 -27.173892050437093 -0.3276403 -0.02120828 -5.519328
1043 22.72473551119994 -73.66297578233466 -26.96277209771128 -0.3442492 -0.02776683 -5.296044
1044 22.705207833575887 -73.71172173468518 -26.74119807348059 -0.3603525 -0.03365884 -5.068979
1045 22.774454283296325 -73.76544483146995 -26.52234166351662 -0.3761889 -0.0401751 -4.833849
1046 22.811765454266446 -73.82242374339161 -26.284599359086158 -0.3883831 -0.04408253 -4.586875
1047 22.861737679888723 -73.8787852599221 -26.03657549546914 -0.4015895 -0.04852264 -4.32804
1048 22.936169811052228 -73.91207251790902 -25.77842298605827 -0.4129028 -0.05184738 -4.057574
1049 22.95675898824943 -73.97529744600936 -25.504628874649125 -0.4240876 -0.05696394 -3.77609
1050 22.979497003627213 -74.04426894003738 -25.220696856586954 -0.4312891 -0.06308662 -3.48317
1051 23.02102722194785 -74.10031821044862 -24.927115294886324 -0.4408512 -0.06990187 -3.181643
1052 23.062263815408294 -74.15182758524581 -24.624995899540504 -0.454006 -0.07544684 -2.872732
1053 23.14328335860406 -74.218720971696 -24.32586088933897 -0.4645429 -0.08065293 -2.5559
1054 23.167415007518603 -74.27279499608272 -24.006568995613925 -0.4725894 -0.08314586 -2.231273
1055 23.210015395976306 -74.31715600567932 -23.67787842604798 -0.4804756 -0.08733471 -1.896997
1056 23.287017988627458 -74.36188546801014 -23.348861876973192 -0.4879376 -0.0933525 -1.556277
1057 23.32350392033428 -74.42473871010668 -23.007004929021875 -0.4929063 -0.09990064 -1.206877
1058 23.479809672056664 -74.48307212348783 -22.6922235400112 -0.4949177 -0.1050763 -0.8506597
1059 23.60342427385293 -74.53431774222344 -22.352034526663964 -0.4997101 -0.1105933 -0.4851712
1060 23.394465791018558 -74.58663219614458 -22.043292303861545 -0.5088378 -0.1157865 -0.1088576
1061 23.446068627549494 -74.6574166012055 -21.665733245762983 -0.5209827 -0.1196282 0.2785206
1062 23.525292400238918 -74.74592469511421 -21.282270458135095 -0.5115556 -0.1105472 0.6797468
1063 23.673437908358192 -74.81648060989393 -20.90511481640107 -0.4737364 -0.09224491 1.0889
1064 23.778504777708143 -74.89811056740466 -20.522386126996185 -0.4339981 -0.08769902 1.492117
1065 23.877246604036777 -74.98347537791132 -20.14338148224211 -0.3883676 -0.0866064 1.890361
1066 23.977370136313564 -75.05450943223342 -19.771451836303246 -0.3696291 -0.09413486 2.281506
1067 24.004149673413778 -75.09790380460453 -19.38710683363294 -0.3685772 -0.09619576 2.669212
1068 24.054507795996134 -75.16631242128233 -19.014739060419885 -0.3877857 -0.09757224 3.05066
1069 24.084291872929086 -75.2250465587751 -18.641622829034503 -0.4147316 -0.0994854 3.428579
1070 24.139068187699596 -75.29202735320918 -18.2761580903849 -0.4428038 -0.1044886 3.803063
1071 24.17310021472121 -75.35877850848372 -17.910126884001187 -0.473375 -0.113 4.175334
1072 24.202199215164338 -75.43998053503086 -17.54649352462082 -0.5212578 -0.1244534 4.545801
1073 24.193224715781245 -75.5193476057418 -17.184958345579986 -0.5907949 -0.1371187 4.909245
1074 24.167998874382715 -75.575202921324 -16.82780785024435 -0.6694622 -0.1454802 5.262875
1075 24.136496779257836 -75.65296361367344 -16.481773505172765 -0.754007 -0.1526452 5.608678
1076 24.117233385465443 -75.70727689428819 -16.133193049502466 -0.8389403 -0.1577788 5.951591
1077 24.078155889908505 -75.75794400472013 -15.786774901753946 -0.9296743 -0.162834 6.291946
1078 24.06704406767523 -75.81112980205121 -15.441196779548134 -1.032008 -0.1682553 6.626423
1079 24.054501128498572 -75.8697374150815 -15.098365220091901 -1.13596 -0.1742996 6.958512
1080 24.03617267326843 -75.91750653355531 -14.75837016504093 -1.22934 -0.1749966 7.289411
1081 24.04736154228103 -75.98964666863556 -14.427646131717099 -1.312862 -0.176227 7.617634
1082 24.059872269455145 -76.03742332944331 -14.097179500450588 -1.383808 -0.178361 7.944145
1083 24.07529570976564 -76.10724620525549 -13.79541224125525 -1.438607 -0.1800396 8.249384
1084 24.08115885484047 -76.14558481439217 -13.522466308210793 -1.485319 -0.1784785 8.521081
1085 24.088327438615625 -76.19393624293842 -13.292835867059788 -1.531094 -0.1800686 8.751345
1086 24.082535984260247 -76.21896141950867 -13.095867002412383 -1.56547 -0.1843807 8.946937
1087 24.089464801491168 -76.25213881236601 -12.938008239081805 -1.589383 -0.1876084 9.10658
1088 24.100838464480056 -76.26723442069088 -12.812999655373455 -1.603789 -0.1880929 9.232185
1089 24.100838464480056 -76.26723442069088 -12.812999655373455 -1.615795 -0.188175 9.324632
1090 24.100838464480056 -76.26723442069088 -12.812999655373455 -1.626597 -0.1885721 9.380866
1091 24.100838464480056 -76.26723442069088 -12.812999655373455 -1.634967 -0.1888051 9.405472
1092 24.100838464480056 -76.26723442069088 -12.812999655373455 -1.635852 -0.1890361 9.404838
1093 24.100838464480056 -76.26723442069088 -12.812999655373455 -1.636807 -0.1924645 9.386956
1094 24.100838464480056 -76.26723442069088 -12.812999655373455 -1.637558 -0.1977199 9.378778
1095 24.100838464480056 -76.26723442069088 -12.812999655373455 -1.640332 -0.1993791 9.376167
1096 24.100838464480056 -76.26723442069088 -12.812999655373455 -1.641127 -0.1963128 9.372464
1097 24.100838464480056 -76.26723442069088 -12.812999655373455 -1.643107 -0.1932542 9.369584
1098 24.100838464480056 -76.26723442069088 -12.812999655373455 -1.64354 -0.1932834 9.37105
1099 24.100838464480056 -76.26723442069088 -12.812999655373455 -1.643726 -0.1924916 9.370281
1100 24.100838464480056 -76.26723442069088 -12.812999655373455 -1.643555 -0.191078 9.367453
