0 0.0 0.0 0.0 5.551115e-17 0.0 2.220446e-16
1 0.0 0.0 0.0 -0.004596714 -0.002001524 0.09154274
2 0.0 0.0 0.0 -0.01001116 -0.004359704 0.1857373
3 0.0 0.0 0.0 -0.01753371 -0.006859665 0.2834672
4 -0.008493960541703038 0.007000422544164719 0.10385259643308524 -0.02863192 -0.00672666 0.38731
5 0.0009095868941743045 -0.005066079439174372 0.2175294862667529 -0.04273697 -0.007303015 0.5011396
6 -0.015222835256292415 0.0018011082409711684 0.34429101447583177 -0.06000009 -0.008065471 0.6279359
7 -0.021113313548979284 -0.0006442214595141342 0.48500380363437545 -0.08275693 -0.008995 0.7669396
8 -0.03342745605427696 -0.0016546811125136781 0.6390094879241579 -0.1090497 -0.01033982 0.9191805
9 -0.08102049685421304 -0.0007575945045331964 0.7979867096763542 -0.1415335 -0.01195088 1.081913
10 -0.09931896748269121 -0.004821749099742591 0.9711617052870309 -0.1816057 -0.01604515 1.251378
11 -0.19875056925850082 -0.01106148734405953 1.1230931487540738 -0.2325643 -0.02265364 1.425643
12 -0.2488749821731699 0.003298920696671731 1.304540376816053 -0.293459 -0.03116429 1.60414
13 -0.2805885161756837 -0.004092426831520666 1.4986969708821505 -0.3616512 -0.03933357 1.78864
14 -0.34530989541644447 -0.009414429414698233 1.6929729749705047 -0.4366243 -0.04313507 1.979231
15 -0.4416185193367562 -0.0018635177572686344 1.8816574225442086 -0.5224919 -0.04573638 2.17302
16 -0.5433704204392646 0.006572369283198996 2.0750975000849277 -0.620094 -0.04902232 2.368741
17 -0.6548149141028081 0.028085246621300377 2.2671504570938326 -0.7248452 -0.05140743 2.565689
18 -0.7336363716768276 0.018429474994721494 2.476764340565453 -0.8394934 -0.05397789 2.758285
19 -0.8066847870450056 0.01080109661088477 2.696396960011235 -0.9687591 -0.05101001 2.950416
20 -0.9235623209894801 0.01284649650114892 2.899575392407687 -1.103633 -0.04676236 3.142085
21 -1.0519990913736113 0.014516833837457648 3.097973964415746 -1.242764 -0.04292676 3.333105
22 -1.190246165061189 0.02103569847599259 3.2962910563343595 -1.392475 -0.04238966 3.523028
23 -1.3137391368874423 0.0099605832745891 3.5148860827101487 -1.564446 -0.04491985 3.706267
24 -1.5190067496650395 0.0021241084566585647 3.6795232523469545 -1.761568 -0.04899414 3.880703
25 -1.7058529188700817 0.01791953191202401 3.8706110328682537 -1.969361 -0.05141144 4.049498
26 -1.8880097637896283 0.009869776283221209 4.075974150553379 -2.187835 -0.05358748 4.215884
27 -2.08764718039899 0.0026710568279163967 4.275126019446528 -2.415527 -0.05318918 4.382391
28 -2.359657084015142 -0.004816242845199784 4.386279058790492 -2.663146 -0.05287039 4.540774
29 -2.626854751052546 -0.025354949892311133 4.5294728124805586 -2.929115 -0.05283789 4.68768
30 -2.9122422459844617 -0.020324895032841798 4.66823762366331 -3.215512 -0.0513893 4.824434
31 -3.213809479508315 -0.002767219349237064 4.792615901720707 -3.517839 -0.04877551 4.948178
32 -3.5025686013289556 -0.002072001120439707 4.966879554793663 -3.836955 -0.04505658 5.057271
33 -3.733330875299163 -0.06657029716040591 5.2268813355256905 -4.17713 -0.03878842 5.153468
34 -4.091450337112961 -0.07263268238249963 5.302986811883682 -4.534335 -0.03325067 5.233794
35 -4.468487186828249 -0.09035308826696173 5.367720299867904 -4.911075 -0.02945435 5.302451
36 -4.855027288606546 -0.1143297185366616 5.432376996219717 -5.299329 -0.02697748 5.360943
37 -5.252685684929855 -0.1227454861311163 5.50378923271034 -5.701357 -0.02303083 5.401694
38 -5.6730584103977755 -0.13152473838859333 5.529472552285909 -6.122091 -0.01604266 5.42129
39 -6.109087343370188 -0.13000738638734374 5.499351994950421 -6.558994 -0.005757046 5.427674
40 -6.558643393774293 -0.1386551406892744 5.4755186840710826 -7.009091 0.006191584 5.424017
41 -7.023190009221227 -0.14719066795086772 5.472486202926702 -7.473426 0.01625113 5.410697
42 -7.499529122186972 -0.1522699969560291 5.439396011121032 -7.950411 0.02306424 5.389282
43 -7.987052035422508 -0.15799933232061053 5.350789922573936 -8.444612 0.03066422 5.353644
44 -8.495502854713521 -0.14908253171464525 5.308320553841259 -8.953007 0.04057477 5.310729
45 -9.019808863673735 -0.15345620178652367 5.233882477040215 -9.480377 0.05248992 5.263869
46 -9.561377133231382 -0.15515945744732818 5.17053255806867 -10.02302 0.06141731 5.211227
47 -10.116915503860657 -0.15589092416520692 5.106296983537799 -10.57921 0.06596199 5.153075
48 -10.689626879515876 -0.17136789285340434 5.036308343226854 -11.15274 0.06936405 5.08836
49 -11.276253367177626 -0.17833283032903194 4.973135868853438 -11.73941 0.07855473 5.02588
50 -11.879605695580155 -0.1733704575310977 4.898960666305622 -12.34412 0.09123047 4.964841
51 -12.501731162255293 -0.17212592133167853 4.858365970194537 -12.96427 0.1026715 4.901812
52 -13.137149764086708 -0.1814978266506643 4.788231080978552 -13.60015 0.1095163 4.835681
53 -13.786640788667782 -0.1831920779083579 4.702481423604824 -14.25164 0.1178242 4.767225
54 -14.448992760586552 -0.19438635851321426 4.638264557225771 -14.91341 0.1296149 4.697363
55 -15.131360601299727 -0.1953755523676889 4.593858260555532 -15.59372 0.1450798 4.629999
56 -15.829965902915605 -0.1968630046592479 4.540356961055153 -16.29098 0.1622254 4.563302
57 -16.540201883684393 -0.20411721481812897 4.440570407231885 -17.00478 0.1770188 4.49463
58 -17.267007177914117 -0.21097348470147106 4.355997510300963 -17.73322 0.1905594 4.426532
59 -18.00773021658032 -0.22233589015468658 4.315719788999605 -18.47183 0.2092753 4.359249
60 -18.757448243448234 -0.20410302346127596 4.221542543879242 -19.22427 0.2305555 4.290984
61 -19.520217147502876 -0.2070346572065512 4.138124733104684 -19.98833 0.2503189 4.223122
62 -20.307199695851214 -0.19442553785341601 4.115556527093203 -20.7731 0.2703516 4.161929
63 -21.100968847260656 -0.2121232827597256 4.111045986898002 -21.56448 0.2880249 4.100217
64 -21.896085213369606 -0.23009156613556017 4.003979580140754 -22.36419 0.3062236 4.035961
65 -22.694629430897777 -0.243914810978657 3.9231933383115885 -23.16415 0.3216152 3.971019
66 -23.490140204343614 -0.2638112576515 3.784038874312914 -23.9695 0.3342058 3.90897
67 -24.30895919178419 -0.2792228357581955 3.7101108486670933 -24.78947 0.3492536 3.849052
68 -25.13921892222952 -0.28896253388338133 3.6593417769179224 -25.61886 0.3615096 3.786079
69 -25.978136031153774 -0.30213278392372056 3.5553261135972134 -26.46136 0.3717697 3.716343
70 -26.819006067219668 -0.31371657281228077 3.4363526624121494 -27.30755 0.3854991 3.644752
71 -27.663194064640358 -0.33432499160472845 3.350058613738597 -28.15287 0.4028815 3.569541
72 -28.510077343484422 -0.334362788106615 3.2996715925006352 -28.99762 0.4194172 3.492898
73 -29.35100919420313 -0.35361643948211263 3.242885297885225 -29.83721 0.4370064 3.41846
74 -30.18233280187047 -0.37504166151660673 3.1216776113429203 -30.67424 0.4566603 3.346046
75 -31.02323615788901 -0.38379972836279697 3.0379970212822145 -31.51586 0.4763855 3.27199
76 -31.860068099041023 -0.40171499786715975 2.9476463698438247 -32.35442 0.4917256 3.198821
77 -32.6981076559263 -0.4129435586259382 2.8460003611871034 -33.19517 0.5076454 3.123626
78 -33.528577455889184 -0.42507732536142073 2.766039840555608 -34.02626 0.5241899 3.051261
79 -34.36235109797077 -0.4479092875737431 2.697292344829494 -34.86004 0.5386702 2.980358
80 -35.197524308235074 -0.4567639836826782 2.614340760264284 -35.69639 0.550032 2.910621
81 -36.03122066835575 -0.46577075182588523 2.5135659525741567 -36.53345 0.5579548 2.843137
82 -36.87000893909007 -0.4744626053813116 2.4283584305252908 -37.37375 0.5707777 2.77507
83 -37.713632086001084 -0.4963254878282091 2.421485009652088 -38.21476 0.5878615 2.706985
84 -38.54845245641979 -0.4739185134616796 2.3599650154768184 -39.04918 0.6055646 2.638855
85 -39.381821435235445 -0.50124281538511 2.309086153450084 -39.88167 0.6246496 2.572257
86 -40.20855948121754 -0.5447919134596795 2.2163470677632997 -40.71171 0.6464858 2.504806
87 -41.03211179041907 -0.5611109438556415 2.1166872668053833 -41.5384 0.6640169 2.436154
88 -41.85123591024381 -0.5887242104697723 1.9844318839059265 -42.3652 0.6807227 2.363072
89 -42.678127367257495 -0.6116597705275505 1.9213449435222838 -43.19143 0.6977483 2.290205
90 -43.5011519250148 -0.6141216313887209 1.8454293121692031 -44.01519 0.7092788 2.223683
91 -44.321293748068356 -0.6270191113863963 1.7471694046325432 -44.83883 0.7206987 2.160908
92 -45.13941342875966 -0.6372666180283902 1.6414655655304127 -45.66121 0.7331961 2.096619
93 -45.94858410012879 -0.6334687039929767 1.480463913358718 -46.48335 0.7434451 2.028253
94 -46.77423662673653 -0.6554520284911249 1.4378323411661325 -47.30744 0.7534145 1.959122
95 -47.586809113425 -0.6675656437631321 1.3373692623524778 -48.12333 0.7646921 1.890493
96 -48.393597132109214 -0.6969827991894265 1.2420151265866428 -48.93314 0.7767209 1.820295
97 -49.19428995583074 -0.7191447569657083 1.1488476562393097 -49.73553 0.7874193 1.740695
98 -49.988012468491256 -0.7392362915041971 1.0414124448886124 -50.53252 0.7989932 1.659366
99 -50.780605119076995 -0.7422480216178344 0.927574485959249 -51.32871 0.8126433 1.575304
100 -51.57072867668904 -0.7616514544145473 0.8154093892229378 -52.12276 0.8219496 1.493752
101 -52.361045515398395 -0.7607701195354274 0.7130055769780146 -52.9159 0.8317695 1.416807
102 -53.14349868107448 -0.7701138405297241 0.6036131021365733 -53.70196 0.8419538 1.337479
103 -53.92340188635449 -0.7813084281985379 0.506510252337465 -54.484 0.8494927 1.258994
104 -54.69812842988976 -0.7963993602108245 0.3965495224113459 -55.26303 0.8601357 1.184702
105 -55.46968372285516 -0.8006397061369362 0.2919267122390603 -56.03808 0.8696735 1.110756
106 -56.23980696761311 -0.811259507113072 0.1916471953788893 -56.81074 0.8820234 1.032637
107 -57.00422255200837 -0.8131417679560059 0.12005575576932087 -57.5746 0.8957003 0.956539
108 -57.749777249732624 -0.8211487841181421 -0.024598819667089683 -58.33039 0.9106542 0.883063
109 -58.49526632387452 -0.8218742791916457 -0.11434478182765673 -59.07759 0.9234551 0.8100074
110 -59.22733034006217 -0.844354028947656 -0.19293118636409023 -59.8104 0.9337799 0.7359683
111 -59.94836414112541 -0.8452982023229111 -0.3067426782838515 -60.53658 0.9432177 0.6623665
112 -60.65825920455928 -0.837618406348796 -0.36628706462431715 -61.24548 0.9508013 0.5919478
113 -61.351591376231234 -0.841901992814325 -0.4485724182034898 -61.94033 0.9565112 0.5237598
114 -62.01965414149689 -0.8061558970151841 -0.5847038164669656 -62.62022 0.960729 0.4617179
115 -62.684413971887864 -0.8058134537286631 -0.6440633618546638 -63.28551 0.9654748 0.4088407
116 -63.328637174176066 -0.7887772149214193 -0.7405275949438062 -63.93546 0.9696725 0.3622951
117 -63.962551813397845 -0.7975718021500797 -0.7962612005225352 -64.57047 0.974213 0.3201877
118 -64.5824259180743 -0.8099132819439221 -0.8189988051082088 -65.18991 0.9801827 0.2859581
119 -65.18145760936194 -0.8144127551478718 -0.8780388248072116 -65.79136 0.9882448 0.2627668
120 -65.76536466596251 -0.8210086955837792 -0.8556111611618106 -66.37563 0.9966522 0.2555668
121 -66.32644282481115 -0.8213409849790362 -0.833408836719573 -66.93703 1.003712 0.2646196
122 -66.86448386425849 -0.8263317582925775 -0.7817706407473761 -67.47673 1.009213 0.2941699
123 -67.3797008970812 -0.8218823356936868 -0.7475090346859611 -67.99052 1.013813 0.3455598
124 -67.86065616974128 -0.811274323189288 -0.6238295889071062 -68.48214 1.016477 0.4164808
125 -68.33630280501829 -0.8126098580750093 -0.5578791082002379 -68.95412 1.019824 0.5048813
126 -68.78538561704323 -0.8532716997482526 -0.45722899563734976 -69.40376 1.021543 0.6110892
127 -69.21598160195977 -0.8398806785274765 -0.2860551759227873 -69.84846 1.023928 0.7419667
128 -69.66006217290492 -0.8532564506834515 -0.22046748955392154 -70.27047 1.024337 0.8955753
129 -70.07933811072293 -0.8928312723538152 -0.05907508540406525 -70.68171 1.023888 1.080744
130 -70.46605712097458 -0.8720569409026209 0.14522436213985157 -71.06861 1.025888 1.285746
131 -70.84853731853237 -0.8653702654865721 0.37361903593947043 -71.45144 1.032362 1.51356
132 -71.21557751180497 -0.8730355393752771 0.6072905232900078 -71.81419 1.040291 1.753829
133 -71.5837335775184 -0.9131401737771285 0.8471254725069503 -72.17075 1.045549 2.013647
134 -71.89840872190959 -0.9736451519758113 1.1486810949873782 -72.50742 1.049184 2.296944
135 -72.22396183939941 -0.9962695724267056 1.4287119057652673 -72.81071 1.052187 2.601772
136 -72.50867547340654 -1.0026740007979642 1.747755961791524 -73.10855 1.052214 2.908665
137 -72.8307692909683 -1.0229260404836058 2.0120388601600308 -73.38524 1.051991 3.220823
138 -73.10513442846519 -1.0463166628796403 2.3445698097786214 -73.65932 1.056081 3.554385
139 -73.41096209988405 -1.0558148295463974 2.6580571988925916 -73.91333 1.058753 3.91127
140 -73.6905505523441 -1.076626894017083 3.0278127412289484 -74.16588 1.057855 4.300551
141 -73.95899377651563 -1.1023262090519617 3.4247811304303233 -74.40171 1.057076 4.71851
142 -74.14124573930067 -1.143214593745166 3.8741454050541293 -74.61515 1.053457 5.155827
143 -74.41413744137172 -1.1740078678257975 4.3069741691920465 -74.8256 1.044844 5.623155
144 -74.61600125418795 -1.205255533334186 4.7893202899026495 -75.01816 1.038119 6.110247
145 -74.84105135208236 -1.247891798332953 5.279802633453024 -75.20557 1.035836 6.618096
146 -75.01556949689079 -1.2806626256253222 5.812639994875061 -75.37989 1.030282 7.151976
147 -75.18057816862473 -1.3335775125630325 6.362671402303732 -75.5393 1.020134 7.706095
148 -75.35270832619489 -1.3696116575157784 6.931083194926294 -75.69196 1.010452 8.281091
149 -75.46808717511546 -1.4091277587489657 7.529590119723401 -75.83698 1.004688 8.874404
150 -75.67755250040061 -1.4590216089398849 8.120279088719325 -75.98069 0.9966334 9.486418
151 -75.90169909035002 -1.4693676334349361 8.7214052609588 -76.12225 0.9889481 10.1122
152 -76.02926534544414 -1.5091124897372024 9.364926607971485 -76.25804 0.9812746 10.75522
153 -76.20677147488547 -1.543002659735551 10.010912676324551 -76.37903 0.9768095 11.41499
154 -76.34804217215634 -1.574782743642101 10.68149837369644 -76.49294 0.973449 12.0915
155 -76.49860442451082 -1.6089920301623857 11.365552827353072 -76.60203 0.9705966 12.78422
156 -76.63491551398245 -1.646799883273636 12.06843526038325 -76.70271 0.9650851 13.49407
157 -76.74909515419043 -1.7202606850397262 12.780213796717002 -76.79658 0.9546485 14.2125
158 -76.89562019678003 -1.772078199156002 13.501969506045938 -76.88462 0.9437305 14.94545
159 -77.02191693670612 -1.8146298372933618 14.236728074819025 -76.96463 0.9352274 15.68785
160 -77.15103867981333 -1.8303769448125125 14.9884167342616 -77.04091 0.9267552 16.44684
161 -77.26497105375641 -1.9096415430880322 15.751649986701768 -77.11873 0.9133109 17.21856
162 -77.4141985560027 -1.966774685532497 16.514408221005297 -77.19881 0.8975356 17.99359
163 -77.55782736782822 -2.032995011610767 17.275641983077257 -77.27201 0.885944 18.76754
164 -77.64326514232263 -2.0712300348195956 18.039223307132303 -77.33723 0.87656 19.53401
165 -77.7349616831651 -2.1339332861735967 18.801491684075856 -77.40244 0.867371 20.30151
166 -77.81554628633053 -2.1782777677987166 19.5694258541405 -77.46374 0.8595219 21.07246
167 -77.87254783390632 -2.2182153258513355 20.338961630718178 -77.52113 0.8514204 21.84296
168 -77.98762032045664 -2.229075118748665 21.10349553854427 -77.5734 0.8408161 22.61434
169 -78.04366752801914 -2.2783325192635444 21.86482863473096 -77.6221 0.8279106 23.37766
170 -78.14875639783195 -2.3054666618032504 22.619687176109764 -77.67675 0.8191268 24.13827
171 -78.20414020873602 -2.3659210889738618 23.377410193346414 -77.7342 0.8046718 24.89811
172 -78.3096958772426 -2.413238491233632 24.12737347745469 -77.78961 0.7903154 25.65478
173 -78.38797072051726 -2.456959657965384 24.891515944891353 -77.84614 0.7739409 26.42191
174 -78.46814188053645 -2.489003628366693 25.6482982678864 -77.90878 0.7508496 27.18067
175 -78.5467748798569 -2.5491235845491222 26.403082864803594 -77.96897 0.7293732 27.93923
176 -78.628456473846 -2.5896880964717375 27.1522170194326 -78.02007 0.713706 28.692
177 -78.68029422413409 -2.649730095753448 27.89819666821279 -78.06469 0.6969693 29.44067
178 -78.76439193557428 -2.7015179759362247 28.64533658190664 -78.1097 0.6798769 30.19277
179 -78.82158265849998 -2.760447587024715 29.395316511574222 -78.15548 0.6647429 30.94569
180 -78.87766924164316 -2.805621423041337 30.148886557971075 -78.1981 0.6476766 31.7013
181 -78.90903040341544 -2.8499130476826533 30.911269237796947 -78.24233 0.6301632 32.46413
182 -78.95373164825843 -2.9010557675196065 31.676879114648838 -78.29498 0.6149092 33.23079
183 -79.00505200614788 -2.941526817933805 32.4461144151684 -78.34624 0.5990528 34.00093
184 -79.10237029520415 -2.976660514584898 33.21719291504172 -78.39928 0.5789981 34.77685
185 -79.16695520650825 -3.019081733063712 33.99981848478473 -78.44974 0.5641545 35.56152
186 -79.21904593453772 -3.0712919179539884 34.784655642531 -78.50718 0.5473641 36.34754
187 -79.21096561188907 -3.1397234884153975 35.58042620385824 -78.57152 0.5285291 37.14347
188 -79.30988216202753 -3.201372203502823 36.368726056508265 -78.63617 0.5110168 37.93752
189 -79.41032753930686 -3.2602571335680275 37.160683613209805 -78.7004 0.4940833 38.73523
190 -79.50256802799417 -3.3102964322917954 37.96714628452054 -78.7627 0.4825696 39.54602
191 -79.60308658274836 -3.370183851377133 38.7801359565013 -78.82862 0.4646182 40.36454
192 -79.71773631116713 -3.4246386799825252 39.603479328379066 -78.89593 0.4461482 41.19468
193 -79.8049901007162 -3.484415137405628 40.43527468284779 -78.95989 0.4339025 42.03064
194 -79.86257654505069 -3.5291052020801215 41.27870583947443 -79.02897 0.420782 42.87429
195 -79.94442543672241 -3.5633084791688248 42.127688572883365 -79.10034 0.4039919 43.72474
196 -79.9816279255067 -3.59691904424399 42.983496451655576 -79.1713 0.3888969 44.57894
197 -80.06862704641155 -3.649013580461874 43.84060882076944 -79.24668 0.3756583 45.43863
198 -80.17440229195398 -3.701776707443486 44.69613366735406 -79.31863 0.3639286 46.2992
199 -80.28754219331941 -3.7559597414331765 45.553417857528196 -79.38492 0.3498958 47.16296
200 -80.3460672780891 -3.801200943829069 46.42120170931047 -79.44527 0.3344377 48.03166
201 -80.41472623313545 -3.8569310972270863 47.28952556113454 -79.50861 0.3209956 48.90207
202 -80.44062389948371 -3.9386234881759794 48.1648255644091 -79.57376 0.3027919 49.77895
203 -80.51304602709128 -3.993941143880974 49.03964815614645 -79.63392 0.2867505 50.6563
204 -80.57667709436512 -4.050481350360723 49.911080186892185 -79.69742 0.2720427 51.52945
205 -80.67200019276413 -4.110845002128882 50.77364923426244 -79.76468 0.2574406 52.39664
206 -80.69358032886564 -4.1440830208241595 51.633817960212895 -79.83358 0.2408602 53.2548
207 -80.74502979756015 -4.206311566462265 52.49157130703167 -79.90039 0.2201002 54.1135
208 -80.82954183530379 -4.260211206356341 53.34105907890132 -79.96964 0.1922996 54.96562
209 -80.86916500594428 -4.313225496782703 54.19469300811399 -80.03259 0.1649343 55.81906
210 -80.95460378354058 -4.374875413377926 55.04220106384034 -80.09273 0.1408072 56.67063
211 -81.00568230158514 -4.434264780965344 55.897540219246714 -80.15558 0.1161116 57.52689
212 -81.1203839040567 -4.496170415972275 56.74134682096328 -80.22244 0.09233457 58.37775
213 -81.24475651367733 -4.529119970018263 57.568973142082825 -80.28086 0.07510008 59.2131
214 -81.31616213562741 -4.589525894581968 58.395405363111976 -80.33871 0.05914325 60.04264
215 -81.38962032623999 -4.642850141044504 59.22274195503859 -80.40305 0.04000654 60.87223
216 -81.4615995155179 -4.698816075226098 60.04447680295357 -80.47401 0.0182673 61.69567
217 -81.55407636756877 -4.732316344134434 60.86034044770869 -80.54972 -0.003742664 62.51365
218 -81.6414668505258 -4.788366861874875 61.67135862821625 -80.62089 -0.02632294 63.32787
219 -81.73640860411079 -4.846979809261383 62.47605517779485 -80.69604 -0.05452812 64.13629
220 -81.86583931010519 -4.91636490724793 63.27615851487766 -80.7781 -0.08379998 64.94508
221 -81.97247091636926 -4.985500399072614 64.07836673985548 -80.85967 -0.1090773 65.75279
222 -82.12140995673117 -5.041705786588383 64.87406749484342 -80.94518 -0.136047 66.55929
223 -82.20970178068067 -5.102334851372988 65.67633979674095 -81.03408 -0.1573834 67.3635
224 -82.29451517254947 -5.168235808320212 66.47080257550115 -81.12341 -0.1755819 68.15999
225 -82.42476971287986 -5.217838294333042 67.25324200747646 -81.21916 -0.1913565 68.9488
226 -82.53478578696527 -5.266722959133905 68.04096089228136 -81.31685 -0.2042169 69.73955
227 -82.6587158820419 -5.328273379911893 68.8165769915531 -81.42164 -0.2174815 70.5203
228 -82.78249827998802 -5.381293845380355 69.58597212911911 -81.54226 -0.2305564 71.29191
229 -82.89202536075064 -5.432400833372318 70.35367483999968 -81.66368 -0.2426308 72.05943
230 -83.05677158294388 -5.490330367480289 71.10560991025064 -81.78344 -0.2550723 72.82193
231 -83.1709938702536 -5.55001012924777 71.8683111169085 -81.91089 -0.2691768 73.58474
232 -83.22623121340723 -5.589708611804907 72.63653863876254 -82.0491 -0.2836517 74.34335
233 -83.37591273483959 -5.645301248227017 73.39019267968492 -82.18657 -0.2975894 75.10124
234 -83.55165740498875 -5.696336406343117 74.13193265430031 -82.32699 -0.3160459 75.85198
235 -83.70163833377157 -5.729132899981945 74.87208099440655 -82.46709 -0.3273793 76.5947
236 -83.90115406446178 -5.770377888560434 75.59545716886925 -82.61416 -0.3380953 77.33161
237 -84.05039183361458 -5.822032853741916 76.33190140571318 -82.76564 -0.3542448 78.06923
238 -84.25600967491032 -5.863138906925013 77.05925722503055 -82.93034 -0.3753983 78.80777
239 -84.44689433576272 -5.9053998298872 77.78952400830727 -83.10119 -0.386632 79.54411
240 -84.6516783630211 -5.954513699995988 78.51906620390169 -83.28409 -0.3994934 80.28097
241 -84.8374369971695 -6.013261599381649 79.24572483452773 -83.46726 -0.4083909 81.0106
242 -85.06502943445689 -6.0493484080405855 79.94905363358379 -83.6579 -0.4178227 81.72568
243 -85.29011198029386 -6.106455807466834 80.64375437306236 -83.85643 -0.4258951 82.4307
244 -85.42563647836693 -6.1479255267087725 81.36760422795551 -84.05742 -0.4274942 83.14038
245 -85.68076838012057 -6.189275438156046 82.07324493116847 -84.26582 -0.4288742 83.86239
246 -85.98107064459464 -6.231498219323985 82.76647200312061 -84.49278 -0.4369496 84.58416
247 -86.24397461166804 -6.272175144890304 83.47433624173695 -84.72751 -0.4424402 85.30299
248 -86.49752721360777 -6.29524071348437 84.17714878174313 -84.96507 -0.4446969 86.01174
249 -86.77252901963791 -6.324884739306197 84.86996175460483 -85.2123 -0.4477484 86.71556
250 -87.03495382615915 -6.381048235213581 85.5669929042845 -85.46879 -0.4551185 87.41701
251 -87.30913731195828 -6.432020073420953 86.25998831971407 -85.72668 -0.4633066 88.11804
252 -87.56512684264557 -6.481764323541373 86.96613597200735 -85.99632 -0.4725988 88.82079
253 -87.85270773207498 -6.546016382183051 87.66217566447183 -86.28029 -0.4872714 89.52111
254 -88.1339320861144 -6.614790365332981 88.35628664519732 -86.56905 -0.4896331 90.21553
255 -88.44508737041402 -6.656451619126068 89.04907460403021 -86.86039 -0.4833979 90.91809
256 -88.71955900772694 -6.696676501003191 89.76146326062485 -87.15878 -0.4804139 91.62194
257 -89.05050719253765 -6.745405366042789 90.45003471235111 -87.47632 -0.4825025 92.3185
258 -89.41890368320637 -6.79904486289233 91.11115969849911 -87.8025 -0.4756232 93.00351
259 -89.65174364590203 -6.842365158431661 91.82572678123944 -88.11795 -0.4680556 93.68698
260 -90.0347201666531 -6.847578948992139 92.47672774381172 -88.42784 -0.4619748 94.37577
261 -90.37874269773302 -6.891640953163561 93.15663686887241 -88.74901 -0.4631796 95.06817
262 -90.73491238653804 -6.920721206757544 93.84360612141957 -89.08452 -0.466622 95.76606
263 -91.1070951499902 -6.9713506975505535 94.52080670635982 -89.41637 -0.4736535 96.46571
264 -91.43142028041532 -7.008451610190323 95.22105017982858 -89.74796 -0.4788901 97.16351
265 -91.79655226236946 -7.054792335993301 95.89117426270823 -90.08495 -0.4847031 97.84976
266 -92.17881923144661 -7.101597021228065 96.5527225311959 -90.42665 -0.4875902 98.53474
267 -92.45762278060981 -7.1694373082867955 97.2654620337652 -90.77493 -0.4958138 99.21955
268 -92.83735230775684 -7.215138061074842 97.94124016222123 -91.13104 -0.5064823 99.9095
269 -93.22479456426272 -7.268609977285217 98.6072054183036 -91.48703 -0.5172294 100.5948
270 -93.5312237147685 -7.344699768939289 99.30786406273202 -91.84 -0.526198 101.2774
271 -93.88764324869797 -7.3937435408652465 99.98270935927398 -92.19617 -0.5349382 101.9541
272 -94.2350724211721 -7.433771851996683 100.65964833328721 -92.55294 -0.5434586 102.6273
273 -94.60774796698185 -7.502476287103646 101.31894625961766 -92.91478 -0.5511717 103.2961
274 -94.98344051295088 -7.5707869814249875 101.9753654777913 -93.28321 -0.5589669 103.9601
275 -95.36121972276338 -7.63256795019949 102.62508997086584 -93.65046 -0.5659964 104.6187
276 -95.7678527126967 -7.683730573761199 103.2462984176571 -94.01507 -0.5767572 105.2674
277 -96.13645278541037 -7.746235052126374 103.8853612602249 -94.38211 -0.588392 105.9103
278 -96.53444137586798 -7.820258244991147 104.49847809123523 -94.74824 -0.5980777 106.5472
279 -96.89257915105651 -7.858733255682047 105.14761666496567 -95.12335 -0.6050065 107.1878
280 -97.27503890252537 -7.942251118981255 105.7718804908719 -95.49621 -0.6134439 107.8233
281 -97.64719442563292 -7.99420821091214 106.39709959107508 -95.86451 -0.6210034 108.4529
282 -98.00037462637803 -8.030855818458399 107.01400743619303 -96.2232 -0.6251307 109.0677
283 -98.36045184193361 -8.060577360567418 107.60836115550893 -96.57402 -0.6245992 109.6683
284 -98.68975710382625 -8.093984427651419 108.19729934759249 -96.92077 -0.6262052 110.2481
285 -99.08703394585815 -8.15904484084645 108.72170213591846 -97.26338 -0.6273272 110.8135
286 -99.45604266008444 -8.211749478927654 109.25039955515808 -97.60083 -0.627085 111.3654
287 -99.74949640448236 -8.282081363655143 109.80000716923132 -97.92433 -0.6283274 111.9025
288 -100.01545440344569 -8.332792732231606 110.34654160279185 -98.24175 -0.6324615 112.4233
289 -100.26646876493803 -8.38557155636394 110.87692577576401 -98.55027 -0.6360649 112.9252
290 -100.53612254400558 -8.435679693355869 111.36838565177486 -98.84348 -0.636794 113.4056
291 -100.83622590199148 -8.48947674835853 111.8132536689038 -99.12485 -0.6384109 113.8657
292 -101.08032659857824 -8.545946075776703 112.2624931304217 -99.39682 -0.6400806 114.3023
293 -101.35671069993553 -8.574045061150263 112.67068569568558 -99.66423 -0.6481915 114.7173
294 -101.61039055922953 -8.623251284079185 113.06469849907603 -99.91884 -0.6560401 115.1137
295 -101.81721269916939 -8.67281779693543 113.46313468809431 -100.1623 -0.6586289 115.4941
296 -102.08528105967144 -8.725070362725821 113.80379128219798 -100.3993 -0.6585884 115.8608
297 -102.24494024339548 -8.75622136023308 114.18648055035234 -100.6332 -0.6607942 116.2046
298 -102.51864966015096 -8.784124393457283 114.47478598009009 -100.8652 -0.6647242 116.5286
299 -102.70340298780974 -8.813036731896558 114.80573349814301 -101.0904 -0.6694671 116.8348
300 -102.88483192000292 -8.811381580502998 115.11964875650446 -101.3056 -0.6713923 117.1266
301 -103.01570555432416 -8.872551234479621 115.42728744140145 -101.506 -0.6722784 117.4011
302 -103.18732551948821 -8.8968275009445 115.69295371325367 -101.6929 -0.6721459 117.6574
303 -103.40172101929139 -8.899663267781083 115.90568709277039 -101.8739 -0.672996 117.8992
304 -103.58420006628316 -8.927056065738363 116.12262497579762 -102.0513 -0.6736387 118.122
305 -103.71620837192324 -8.905192387878774 116.35757176631142 -102.2292 -0.6753232 118.3256
306 -103.89060647200468 -8.940817322373094 116.53872948597656 -102.4053 -0.6766433 118.5086
307 -104.02706005487904 -8.974598746692335 116.73697142895067 -102.576 -0.6819095 118.6815
308 -104.21526584410792 -9.000136037824278 116.86342385261119 -102.742 -0.6858513 118.838
309 -104.3945216911954 -9.001284445431207 116.9818483021147 -102.9018 -0.6870036 118.9816
310 -104.54361059409905 -9.049913102244776 117.12754885658305 -103.0684 -0.6855969 119.116
311 -104.67466324574787 -9.023922082187616 117.29863875446847 -103.245 -0.6827537 119.2422
312 -104.86352420187396 -9.017158655251961 117.39785785813416 -103.4183 -0.6819887 119.3668
313 -105.02666326496517 -9.063417790662188 117.53748920761079 -103.5947 -0.6769315 119.4976
314 -105.16519271349368 -9.091550054319526 117.704190905515 -103.7731 -0.672655 119.6238
315 -105.34341030354253 -9.114155038805281 117.81857975967196 -103.9548 -0.6680274 119.7348
316 -105.50912099926138 -9.104182470369825 117.9620015797532 -104.1481 -0.6624189 119.8384
317 -105.69849862294102 -9.106627860404503 118.05987459058625 -104.3385 -0.6580382 119.9342
318 -105.87652711368035 -9.122211710537925 118.18291003571369 -104.5336 -0.6558701 120.0291
319 -106.05654002479375 -9.120894013074059 118.30339174845037 -104.733 -0.6537004 120.1137
320 -106.25025312980532 -9.100498168029954 118.38394092514267 -104.9312 -0.6515101 120.1854
321 -106.45926786766665 -9.095180841627295 118.4420840251217 -105.1362 -0.6502394 120.2566
322 -106.67393532362942 -9.113515215034235 118.48427255322417 -105.3437 -0.6512383 120.3283
323 -106.88403282527908 -9.129638085184874 118.55669793494057 -105.5582 -0.6512936 120.3886
324 -107.13330011545597 -9.15580028731969 118.57827052759626 -105.8016 -0.646722 120.452
325 -107.3872270497935 -9.167933731413852 118.63042183736043 -106.0565 -0.6404796 120.5003
326 -107.67655584434503 -9.172303752446297 118.63318701490014 -106.3408 -0.6320823 120.5536
327 -107.97616020757013 -9.219406266887288 118.64599617672515 -106.6408 -0.6251645 120.5994
328 -108.28155658756896 -9.227597630228669 118.66504887911037 -106.946 -0.6151359 120.6206
329 -108.61444101696101 -9.257310408078466 118.6605310367257 -107.2795 -0.6047007 120.6402
330 -108.96085931247259 -9.267674535052473 118.60633630484917 -107.6301 -0.5937682 120.6434
331 -109.29566538065434 -9.299891197196057 118.53243474608205 -107.9733 -0.5851771 120.6163
332 -109.66868296857973 -9.278466925155637 118.55697174056716 -108.3468 -0.5780578 120.5908
333 -110.02968662009211 -9.308346314172283 118.48433986212524 -108.7113 -0.5724405 120.5308
334 -110.41175061819695 -9.31205082406609 118.37404238050382 -109.1034 -0.5651093 120.4648
335 -110.79022082114781 -9.316215499732754 118.21586288048763 -109.5039 -0.5571731 120.3764
336 -111.16859797175202 -9.352279444811579 118.06494308844799 -109.8936 -0.5498158 120.2526
337 -111.57684546329226 -9.405941036102105 117.91779011318047 -110.3105 -0.5385017 120.1212
338 -111.98388009238374 -9.42335164782478 117.72220101608518 -110.7358 -0.5271191 119.9688
339 -112.39885963718639 -9.470216518538647 117.51565052089244 -111.1598 -0.5145431 119.7761
340 -112.81216544046804 -9.495864169773135 117.2534601430066 -111.6037 -0.5003029 119.5688
341 -113.22805088371364 -9.537763234239833 116.97589620194891 -112.0419 -0.4860644 119.3248
342 -113.65862008067555 -9.569995312594576 116.67651933354301 -112.4967 -0.4701443 119.0622
343 -114.09201688383534 -9.588418572100695 116.3404849373735 -112.9599 -0.4518107 118.7686
344 -114.50071732794638 -9.632860516307497 115.95599374291744 -113.4215 -0.433277 118.447
345 -114.90863021658494 -9.704477696128786 115.54081898944429 -113.8987 -0.4140913 118.1067
346 -115.3182822693829 -9.759653281158581 115.10743869289485 -114.379 -0.4005528 117.7492
347 -115.80562428982957 -9.782591260370502 114.72209778341482 -114.8756 -0.3846543 117.3755
348 -116.32102462214561 -9.817110317254064 114.34544258617287 -115.3845 -0.3685473 116.9889
349 -116.8108546951876 -9.855530956983339 113.90586410513704 -115.9072 -0.3511796 116.5875
350 -117.292691982224 -9.9056326641764 113.43388540736572 -116.4394 -0.33342 116.1705
351 -117.76864138445194 -9.962275997270952 112.9355143426218 -116.978 -0.3145039 115.7373
352 -118.27467043320408 -10.017459415751139 112.44472602852436 -117.5268 -0.2939813 115.2919
353 -118.79732482870037 -10.06291950220025 111.94781479118942 -118.0864 -0.273294 114.8352
354 -119.33341683760639 -10.11744437157174 111.43891599492835 -118.6599 -0.2513318 114.3662
355 -119.89140172425175 -10.195999217249687 110.94060732996705 -119.2396 -0.2283537 113.8874
356 -120.43467722951758 -10.257983678910911 110.39383675244575 -119.8351 -0.2043772 113.3947
357 -120.95511321801976 -10.34606328720454 109.81255970955343 -120.4389 -0.1816124 112.8933
358 -121.46518825830896 -10.440151396041177 109.19959781495969 -121.0569 -0.1575086 112.3812
359 -122.03191138767727 -10.521128655946049 108.61309480880686 -121.687 -0.1322116 111.8577
360 -122.6089828161168 -10.578454313494596 108.01115074218075 -122.3282 -0.1050706 111.3222
361 -123.1986184704329 -10.647838763224748 107.40893837638806 -122.9704 -0.07535629 110.7728
362 -123.78716617498746 -10.722453940396008 106.78348393505625 -123.6258 -0.04736641 110.2135
363 -124.38610563800461 -10.844652524283918 106.16795015221415 -124.2849 -0.01867648 109.6502
364 -125.0175068298455 -10.94042562845677 105.5604576598528 -124.9562 0.01110994 109.0798
365 -125.62015017023958 -11.039357249269202 104.90713813096042 -125.6369 0.04221843 108.5006
366 -126.242539728468 -11.10775628653235 104.24643127338392 -126.332 0.07133427 107.9136
367 -126.84050342555733 -11.192913019407827 103.54776478208291 -127.0372 0.09929117 107.3179
368 -127.47373460296177 -11.28749328580723 102.87115287336617 -127.7453 0.1250424 106.7132
369 -128.09879668553202 -11.398464680850314 102.17448599306078 -128.4619 0.1484347 106.1014
370 -128.7197088947483 -11.488777657091537 101.45745329652017 -129.186 0.166941 105.4824
371 -129.39424622508358 -11.580183403761335 100.7699320930657 -129.9193 0.1835941 104.8515
372 -130.05381157561283 -11.647286202316849 100.05022104875385 -130.6623 0.1979002 104.2149
373 -130.67317833934172 -11.733611180760773 99.28648129044942 -131.4132 0.2144697 103.5744
374 -131.34658004773732 -11.825103708219535 98.5740159724592 -132.1648 0.2318873 102.9386
375 -132.02412830917407 -11.93525325120479 97.86127421448063 -132.9234 0.2513658 102.3035
376 -132.6869902543834 -12.041900055384582 97.13627465471015 -133.6799 0.2702986 101.6681
377 -133.33109542925487 -12.155904081620978 96.39411714233903 -134.4357 0.2900097 101.0301
378 -134.0065490852648 -12.268089848231448 95.68096844390308 -135.1892 0.3106498 100.3904
379 -134.72869839447011 -12.36317072760728 95.00860358742659 -135.9465 0.3298425 99.75107
380 -135.40747359207637 -12.444428884095089 94.28089109283455 -136.7105 0.3478641 99.10851
381 -136.08484604289026 -12.5351170400763 93.56233505383247 -137.4685 0.3680159 98.46944
382 -136.7181929627776 -12.623203620753157 92.80130819135238 -138.2274 0.3899821 97.82785
383 -137.35637856236505 -12.737750440742637 92.04094173180502 -138.9901 0.4148069 97.18269
384 -138.02806193989554 -12.840597545927315 91.32099768668013 -139.748 0.4343912 96.54609
385 -138.68728484877872 -12.9504509773697 90.58071346086544 -140.5111 0.4529559 95.90422
386 -139.33849060840092 -13.111982599671617 89.85188962199283 -141.2656 0.4726101 95.26259
387 -140.00600857664836 -13.220363869548715 89.12683425789908 -142.0208 0.4912744 94.62044
388 -140.71726897478354 -13.341166006474484 88.45348565213149 -142.7704 0.5111815 93.97889
389 -141.34015423174216 -13.470365921782076 87.68949050262324 -143.5294 0.5274135 93.337
390 -141.98422378788146 -13.571566512463416 86.93734977881527 -144.2862 0.5445632 92.69067
391 -142.6402281135771 -13.691758024856057 86.20461008828829 -145.0409 0.5612957 92.04892
392 -143.2718103770595 -13.775134485621564 85.45019360574159 -145.794 0.5779645 91.41052
393 -143.97930326099697 -13.868711944290546 84.76915352516262 -146.5475 0.5937592 90.77404
394 -144.65945254563357 -13.940999891351074 84.05329218797213 -147.3072 0.6086489 90.13928
395 -145.34589149614754 -14.028052211443336 83.34016434155298 -148.0704 0.6250373 89.50321
396 -146.0492170867443 -14.089991250318748 82.64511384864929 -148.8333 0.6468099 88.87146
397 -146.72194511753963 -14.197325938461969 81.91866973704785 -149.6005 0.6716835 88.23696
398 -147.38410283538025 -14.31824133054163 81.19749496497333 -150.3591 0.6967564 87.60683
399 -148.0224307883391 -14.417909891387476 80.45741421106425 -151.1134 0.7256258 86.97809
400 -148.67946997087574 -14.505610815062276 79.73346020042051 -151.8671 0.7539528 86.34989
401 -149.3184425819132 -14.596953718444068 78.9906576203626 -152.6218 0.7806961 85.71894
402 -149.96781044973227 -14.693381261124191 78.25288980903387 -153.379 0.8039512 85.08539
403 -150.63224805946479 -14.797762606875883 77.53823479755236 -154.1322 0.8288243 84.45676
404 -151.30552864635914 -14.9062960704401 76.83943686502526 -154.8823 0.8536668 83.83215
405 -151.95192370661476 -15.000833488226904 76.11580062423981 -155.6292 0.8796994 83.20615
406 -152.56396415055568 -15.129292545105676 75.36881045629754 -156.3743 0.9056545 82.57906
407 -153.2102490412134 -15.219745809779498 74.6454073927813 -157.119 0.9324518 81.95146
408 -153.85401901736665 -15.343327733270188 73.92943148312571 -157.8614 0.9618364 81.32671
409 -154.51232335421955 -15.438478747799213 73.22433155436448 -158.6032 0.9920658 80.70349
410 -155.13852742724305 -15.577482512981291 72.51009918335052 -159.3358 1.022069 80.08383
411 -155.7504088379573 -15.714373944903928 71.79355209739977 -160.0585 1.049905 79.46455
412 -156.39000313038002 -15.854502540131861 71.10223497711436 -160.7804 1.077505 78.84428
413 -157.03208402253932 -15.951401442866826 70.40907509059922 -161.5 1.102704 78.22487
414 -157.67800716902104 -16.064247342771097 69.72292669529544 -162.2213 1.128462 77.60858
415 -158.3128640383041 -16.161072022336494 69.02820374204563 -162.9402 1.154301 76.99411
416 -158.92449945149136 -16.28585192220687 68.32015245982126 -163.6585 1.179845 76.38223
417 -159.5643357424326 -16.359518443186964 67.63365498536834 -164.3767 1.205952 75.77428
418 -160.2021880903776 -16.462045109116385 66.9544606044593 -165.093 1.231444 75.17018
419 -160.81131217344029 -16.565771087148605 66.25102799873909 -165.8081 1.25702 74.56637
420 -161.44483852462864 -16.651180090207227 65.56932114538456 -166.5248 1.282062 73.96713
421 -162.0678948634211 -16.748132387043825 64.88291624452454 -167.2418 1.306576 73.3721
422 -162.67165382660556 -16.85529797245527 64.18578827556777 -167.9552 1.330108 72.77838
423 -163.3303108079296 -16.993562322845875 63.552488841343205 -168.6684 1.351053 72.19108
424 -163.9606428538358 -17.093835894473216 62.89236047070547 -169.3812 1.373431 71.61267
425 -164.57351015905908 -17.207885599233126 62.22944860420399 -170.0844 1.396727 71.03558
426 -165.18136257794617 -17.302514543954292 61.57220388715405 -170.7831 1.405731 70.468
427 -165.8074679247102 -17.3647115017419 60.94349678331281 -171.4722 1.416166 69.9057
428 -166.37277695485156 -17.45161894199311 60.27246077699225 -172.1588 1.425569 69.35261
429 -166.99852571570176 -17.54140666801361 59.6825152082535 -172.8299 1.436887 68.80749
430 -167.5818039172008 -17.6231557175196 59.06361501964398 -173.4939 1.448357 68.26999
431 -168.18169012391246 -17.733862521366117 58.48579970282103 -174.1451 1.460081 67.73915
432 -168.72284108693742 -17.820955637476185 57.86648466405696 -174.7856 1.470417 67.21605
433 -169.2686721611004 -17.91993517552583 57.264637906317446 -175.4193 1.482743 66.69815
434 -169.8534002134743 -17.991861535831674 56.713164237440864 -176.0447 1.496245 66.18835
435 -170.3980096665479 -18.07433039378972 56.13501821809111 -176.6638 1.510435 65.6842
436 -170.94359487008353 -18.144632080068867 55.56988446331331 -177.2745 1.525125 65.18539
437 -171.46704123390916 -18.242280608715422 55.00836964656142 -177.8683 1.538016 64.68934
438 -172.02464550670547 -18.367654625184528 54.51049660319627 -178.4448 1.550332 64.19739
439 -172.53567179672788 -18.4855128082817 53.983765929291685 -179.0078 1.561925 63.71223
440 -172.97594707334343 -18.54333125271425 53.40793707149755 -179.5612 1.575397 63.24071
441 -173.42816276094607 -18.606522935164087 52.85261851747272 -180.1003 1.58648 62.76519
442 -173.8769106880293 -18.695134038905035 52.331004671167534 -180.6249 1.600125 62.31141
443 -174.33326395589177 -18.781481478370182 51.82635607022022 -181.1416 1.611948 61.86056
444 -174.79905707475197 -18.860205092494326 51.348355258690894 -181.6486 1.623859 61.41959
445 -175.21282414910738 -18.945517469000382 50.83994145437469 -182.1422 1.635244 60.98005
446 -175.67061976413117 -18.97835165808187 50.38274844588886 -182.6223 1.64854 60.5453
447 -176.0948051627944 -19.038678660213886 49.91034484918823 -183.0885 1.662241 60.11032
448 -176.44217684788575 -19.120781179116836 49.395123764908305 -183.5369 1.673611 59.67252
449 -176.88644428964818 -19.185811926315832 48.969661757498 -183.9747 1.68544 59.2357
450 -177.2658763866877 -19.245188303269718 48.494064835136186 -184.4045 1.698748 58.80121
451 -177.6490737724422 -19.33623428226475 48.040856673487774 -184.8122 1.713703 58.36066
452 -177.97021564604552 -19.414256746587604 47.549530256669435 -185.1982 1.732581 57.91203
453 -178.1992514636738 -19.503132307354356 47.03070791127293 -185.5495 1.74951 57.45834
454 -178.42512239647525 -19.540307047591437 46.514171701990655 -185.8798 1.767896 57.00033
455 -178.6535866772085 -19.606048723932698 46.01182287051508 -186.1871 1.784988 56.53757
456 -178.91524899883242 -19.678161572556064 45.54180823451977 -186.455 1.807526 56.06608
457 -179.17070004618415 -19.751598372795076 45.07531355967174 -186.7152 1.826654 55.59683
458 -179.37588776591636 -19.85901939310262 44.60497271172934 -186.9445 1.84288 55.12564
459 -179.58446439456367 -19.92942763110891 44.14533745365619 -187.1206 1.856411 54.64759
460 -179.68710427493104 -20.00147729882667 43.65719611020234 -187.2835 1.870218 54.17085
461 -179.7911412613883 -20.08210695327664 43.178180440925054 -187.4227 1.883289 53.69416
462 -179.89905638761743 -20.124950774980633 42.7001087645451 -187.5256 1.887417 53.21309
463 -179.93082623771713 -20.178291887622873 42.21658710030374 -187.6307 1.893359 52.7371
464 -180.00316434972927 -20.23753320099852 41.73743374302756 -187.6915 1.900316 52.25276
465 -179.94777421294643 -20.276100395654122 41.258354269111614 -187.7485 1.901338 51.77232
466 -179.92351143942372 -20.33128469363117 40.78021102668549 -187.7723 1.900778 51.29098
467 -179.78537288623411 -20.38819508622456 40.315067019068984 -187.7414 1.901606 50.80341
468 -179.62593396116628 -20.44591615065529 39.872808751051075 -187.7165 1.903912 50.33042
469 -179.52864471667817 -20.471420758821534 39.41930909391205 -187.6828 1.909578 49.86716
470 -179.38087972819372 -20.5073961220292 38.974596267336 -187.6045 1.913879 49.40375
471 -179.29649083090334 -20.542723501470547 38.52689399345309 -187.5198 1.916071 48.95472
472 -179.1489617687203 -20.5978322228901 38.08857465142504 -187.3856 1.91604 48.50872
473 -178.9763948579159 -20.674682643010566 37.68233217498181 -187.2454 1.919502 48.08322
474 -178.79335841753596 -20.718370675969517 37.28119162236564 -187.0919 1.921924 47.66758
475 -178.5763625574084 -20.762999032030958 36.88068801915244 -186.905 1.925132 47.2498
476 -178.30913674540028 -20.820137660506077 36.521601144491754 -186.7142 1.922721 46.84089
477 -177.9931203468561 -20.86444206730513 36.17193818841783 -186.4782 1.917552 46.43056
478 -177.72686115755235 -20.926747450816936 35.79122167872494 -186.2433 1.910636 46.02498
479 -177.43383757602308 -20.9663361369211 35.42328799178623 -185.9999 1.906858 45.62057
480 -177.13529450876615 -21.022166748330633 35.05471428722842 -185.7437 1.904895 45.21752
481 -176.80607670650838 -21.071045867516496 34.71573969621434 -185.4762 1.903482 44.82494
482 -176.48430291444274 -21.1253771898294 34.35738664703599 -185.1904 1.903992 44.4335
483 -176.14156578770832 -21.190757936321702 34.017836801011946 -184.8981 1.906175 44.04415
484 -175.78390689376258 -21.250445099639162 33.681216894796314 -184.5971 1.908337 43.65148
485 -175.42650767039035 -21.313307077376727 33.33520442734917 -184.2874 1.908808 43.25715
486 -175.06631929184184 -21.385610541282787 32.98163647381013 -183.9689 1.909156 42.85899
487 -174.69498710351638 -21.444950603883324 32.625737455484746 -183.6434 1.911087 42.45635
488 -174.31870035284308 -21.525164657226792 32.26616484004392 -183.3133 1.914906 42.04606
489 -173.9619258488138 -21.593191085747524 31.86822649441439 -182.9728 1.921291 41.62858
490 -173.57740241094245 -21.652897786086793 31.48120837899574 -182.6247 1.928571 41.20434
491 -173.19634345487927 -21.728679835043387 31.076515528121178 -182.2608 1.933488 40.7774
492 -172.76357381502288 -21.79675679719031 30.709216627370832 -181.8872 1.936481 40.34468
493 -172.34526921887814 -21.855276997140404 30.29331727644205 -181.5012 1.944762 39.89489
494 -171.9453101973779 -21.92647766444291 29.84970009471751 -181.1166 1.952827 39.43245
495 -171.51621026281344 -21.980828803883366 29.407006789568992 -180.7267 1.954282 38.95179
496 -171.06574273168158 -22.068815959202375 28.97120672165389 -180.3265 1.951012 38.46147
497 -170.59251507402988 -22.160180038739412 28.540120732054575 -179.9121 1.948467 37.96509
498 -170.12030453192628 -22.23544123235803 28.089264920805206 -179.4927 1.950893 37.45911
499 -169.65696534002117 -22.30114171565698 27.60202287415076 -179.0635 1.950476 36.93739
500 -169.16635314403473 -22.373340230203954 27.109655996232895 -178.6239 1.946894 36.39418
501 -168.64542934463245 -22.45035124907491 26.626940299652876 -178.1621 1.94215 35.84918
502 -168.09676542838628 -22.55714837116825 26.155981406862868 -177.6842 1.937626 35.29616
503 -167.5701677136815 -22.637815633109465 25.631520265561985 -177.1997 1.929672 34.72689
504 -167.0575106013419 -22.730949004033192 25.07559968248919 -176.7106 1.923186 34.1427
505 -166.49425875231032 -22.825684352206085 24.53609364905671 -176.2079 1.922565 33.53889
506 -165.8834390354686 -22.92710157060487 24.026548872752766 -175.6955 1.923742 32.92207
507 -165.2932432114277 -23.05350672925804 23.477829977306683 -175.1718 1.922179 32.29666
508 -164.6624297797303 -23.169869954795885 22.95662385750994 -174.6388 1.921438 31.66497
509 -164.0926223967172 -23.27514096299283 22.35466243605676 -174.1052 1.927099 31.02204
510 -163.4681928354127 -23.389433460767936 21.78075281550192 -173.559 1.933011 30.36327
511 -162.82450082636515 -23.504341668642933 21.208139785483176 -173.0021 1.938375 29.69599
512 -162.21426621249495 -23.606419272270408 20.58575082093016 -172.4382 1.94584 29.02358
513 -161.6132901289967 -23.70600587617679 19.942859295468423 -171.867 1.951405 28.34675
514 -160.92800652036257 -23.824745268492265 19.375199096640007 -171.2881 1.956277 27.6606
515 -160.29482370038318 -23.91449539477915 18.733140627484453 -170.7093 1.958687 26.96332
516 -159.60805693658378 -24.04788301143672 18.141885547164684 -170.1234 1.951058 26.25927
517 -158.9677855911016 -24.13657314601982 17.477693195866458 -169.5314 1.943279 25.54622
518 -158.2796485947592 -24.237950348809335 16.849131165912024 -168.9342 1.93667 24.82358
519 -157.60228540976985 -24.341827650548865 16.20596287436742 -168.3371 1.929608 24.09784
520 -156.95286604790323 -24.440212878717833 15.53308903361652 -167.7434 1.921892 23.3687
521 -156.2950922514155 -24.550468787992337 14.878252428478888 -167.1591 1.914344 22.6392
522 -155.62587220607227 -24.66511790521861 14.240803216169377 -166.5815 1.908782 21.90866
523 -154.95857833323822 -24.783432825531822 13.600264379247372 -166.0001 1.908068 21.17959
524 -154.25150333752717 -24.89390389318146 12.99421819170343 -165.4129 1.91419 20.44842
525 -153.62070369477857 -24.9909458198326 12.312302192348639 -164.8351 1.923826 19.71467
526 -152.92120195556907 -25.120481528000873 11.720634986350845 -164.2567 1.934077 18.99252
527 -152.2601857532906 -25.230083036908766 11.093297418998583 -163.6778 1.940348 18.28024
528 -151.61738397444364 -25.332497047158096 10.457726510460603 -163.1045 1.94164 17.57387
529 -150.88599448567356 -25.444848638076255 9.907870612703015 -162.5251 1.942748 16.8568
530 -150.230901854975 -25.534273957754188 9.274408217928134 -161.9505 1.939281 16.14389
531 -149.58027800444407 -25.627599097263513 8.636130723651641 -161.3773 1.936519 15.42915
532 -148.90596286655713 -25.73365836484198 8.020867089785467 -160.8026 1.93571 14.71206
533 -148.2712267441983 -25.822391483580844 7.395091095209356 -160.2415 1.936584 14.01383
534 -147.6259742106888 -25.93343488090168 6.771595593256819 -159.6822 1.936046 13.30347
535 -146.9941052766322 -26.023811166750715 6.13835956502145 -159.1338 1.935031 12.59096
536 -146.38927336653015 -26.12928534460739 5.492987526873098 -158.6027 1.939067 11.87586
537 -145.7822734608929 -26.228450138566295 4.853987818720239 -158.088 1.945549 11.15361
538 -145.17192497161525 -26.32434997316507 4.224162497056028 -157.5933 1.952156 10.42311
539 -144.5828791440352 -26.436321549740804 3.57648727652443 -157.1079 1.958096 9.685989
540 -144.04236759656442 -26.526368827629266 2.8965135348199222 -156.6525 1.968002 8.940913
541 -143.50655391834232 -26.614653365467568 2.214239563871454 -156.2137 1.981362 8.187478
542 -143.01968957927457 -26.707440656639786 1.5027828984384581 -155.8113 2.002674 7.41973
543 -142.50398060395622 -26.794325800914244 0.8124449548734853 -155.4337 2.020771 6.640524
544 -141.75993291181 -26.895294290048223 0.3829723977969325 -155.0736 2.039549 5.854252
545 -141.36005602463376 -26.96978023451879 -0.36299049203576583 -154.7551 2.055959 5.066725
546 -140.97898493636012 -27.06143779232343 -1.1143559512972478 -154.4511 2.070725 4.275819
547 -140.5287921429138 -27.112218450241585 -1.8279629475356516 -154.1799 2.076776 3.475256
548 -140.16737223822074 -27.172599768375264 -2.6014077370856787 -153.9186 2.081455 2.660279
549 -139.8078352206653 -27.249758536498152 -3.3733691889568838 -153.6909 2.081084 1.836084
550 -139.59698988207643 -27.30743077739766 -4.2015910556538225 -153.4863 2.082675 1.004297
551 -139.34201908355215 -27.335386526863225 -5.024020967890936 -153.2952 2.088962 0.1642828
552 -139.02398755518135 -27.428770902087724 -5.826002802515829 -153.1167 2.094656 -0.6849197
553 -138.8058096405067 -27.48372827387006 -6.679561709985302 -152.9463 2.099191 -1.551019
554 -138.5891331240633 -27.528843732320375 -7.536079380273406 -152.7936 2.108057 -2.422346
555 -138.36299771272851 -27.58236662321368 -8.395001383931401 -152.6592 2.120983 -3.301845
556 -138.20464660353915 -27.627213545334875 -9.27102419358235 -152.5347 2.129986 -4.18441
557 -138.07619329727152 -27.669605972965417 -10.165344365661955 -152.4224 2.145234 -5.081774
558 -137.86929141016302 -27.728185814760398 -11.06719051622158 -152.3238 2.164537 -6.003442
559 -137.70130134619203 -27.77168849289031 -11.985082081904336 -152.2301 2.184519 -6.932667
560 -137.50107188169065 -27.815602375955606 -12.910783369882592 -152.1344 2.208027 -7.875658
561 -137.3442053428614 -27.904604419014152 -13.841919714796763 -152.0349 2.236569 -8.818435
562 -137.15763169054225 -27.996884398273874 -14.773884134532363 -151.9309 2.26438 -9.767273
563 -136.93198498157702 -28.066173128452956 -15.707167020039925 -151.8222 2.290503 -10.72343
564 -136.70938121389815 -28.138272037282764 -16.65917959840731 -151.7054 2.314806 -11.69649
565 -136.53597743966537 -28.211961904817628 -17.63768731667708 -151.5906 2.340253 -12.68601
566 -136.28291860314243 -28.290631239412996 -18.606950488324994 -151.4796 2.366234 -13.68436
567 -136.11170122943207 -28.34009121226621 -19.602639480706692 -151.3681 2.390739 -14.68941
568 -135.8594368715314 -28.413400057909932 -20.5955742293223 -151.2539 2.419304 -15.70974
569 -135.66860076165884 -28.485794899489758 -21.602168869276895 -151.1385 2.446252 -16.72996
570 -135.38520908806402 -28.558677302234496 -22.59801766463855 -151.0183 2.471748 -17.76061
571 -135.1413315876578 -28.638406164136423 -23.606916843056016 -150.8986 2.495354 -18.79445
572 -134.91675663328326 -28.714497400409545 -24.628688706171797 -150.7787 2.516209 -19.83629
573 -134.67979155517978 -28.787397483388045 -25.654416440119807 -150.6584 2.531082 -20.88457
574 -134.45057319611453 -28.87906347696366 -26.682429185171745 -150.5418 2.546922 -21.93524
575 -134.1930590337109 -28.949216340543806 -27.706944545180104 -150.4287 2.562912 -22.98777
576 -133.98899097260067 -29.042364170822317 -28.740776869626433 -150.3173 2.580523 -24.03963
577 -133.76275047673158 -29.12066511532366 -29.7733653848851 -150.21 2.602248 -25.09394
578 -133.53552816903434 -29.182235807021932 -30.806884660827514 -150.1008 2.624842 -26.14805
579 -133.31430233351765 -29.273746857513785 -31.835680875494834 -149.9955 2.652068 -27.19872
580 -133.07267826335135 -29.34650075606581 -32.85483552332152 -149.8915 2.677343 -28.24318
581 -132.82820252107626 -29.43086249764019 -33.86933475384196 -149.7898 2.703716 -29.28484
582 -132.5739056256279 -29.5324790608514 -34.87945670463576 -149.6882 2.727489 -30.32621
583 -132.34967730011064 -29.615388832229012 -35.8957473519753 -149.5881 2.749371 -31.3652
584 -132.14246198878186 -29.697181297801144 -36.917548672234055 -149.4892 2.772055 -32.40607
585 -131.911845638909 -29.780412108277762 -37.93598558706173 -149.3925 2.79829 -33.4488
586 -131.67730644973165 -29.865264564895856 -38.93326973732929 -149.3004 2.822913 -34.47237
587 -131.44282452405935 -29.952104062359343 -39.93452840858976 -149.2116 2.847794 -35.50025
588 -131.19510138295576 -30.036798647939232 -40.93009478253939 -149.1247 2.872146 -36.5257
589 -130.97107519040554 -30.114335993811903 -41.93038199772434 -149.0389 2.8933 -37.54989
590 -130.7707813017516 -30.200698996754944 -42.93114794493405 -148.9571 2.914898 -38.57065
591 -130.5130729432124 -30.287138384857265 -43.915596838591554 -148.8814 2.936848 -39.58889
592 -130.33618211817887 -30.350319748103292 -44.91469604007323 -148.8101 2.958886 -40.60275
593 -130.20938277415442 -30.433669643926713 -45.915330367098434 -148.7352 2.980846 -41.61181
594 -130.01674200038295 -30.507459160243247 -46.90649648398878 -148.6636 3.002899 -42.62144
595 -129.79681802555703 -30.600562206566327 -47.88065579138728 -148.5927 3.027276 -43.62164
596 -129.56213886309777 -30.673901280632425 -48.857174664035696 -148.5176 3.05498 -44.62545
597 -129.37831892694612 -30.753938563627543 -49.83658218669669 -148.4441 3.079101 -45.62217
598 -129.16547964475492 -30.83391052855625 -50.80512440259736 -148.3689 3.102061 -46.61393
599 -129.04214364890004 -30.8814529574313 -51.78782318507708 -148.296 3.122209 -47.60259
600 -128.9038042746005 -30.956460629239686 -52.76611192482281 -148.2258 3.142814 -48.59075
601 -128.68826346169655 -31.012085500586423 -53.72871061997534 -148.1556 3.159721 -49.57611
602 -128.43020544580293 -31.08845664047886 -54.67620149254381 -148.0851 3.175297 -50.55843
603 -128.26863766137228 -31.13626358853985 -55.64437269955591 -148.0135 3.189403 -51.53844
604 -128.07517199176422 -31.215885572078722 -56.59775919423969 -147.9424 3.205788 -52.51178
605 -127.87557882409524 -31.286547898421485 -57.54514087468569 -147.87 3.219705 -53.47973
606 -127.66548253386594 -31.359070134461753 -58.49094711751537 -147.7977 3.231897 -54.44853
607 -127.46833705332334 -31.434467366098588 -59.43549856342137 -147.7243 3.243527 -55.41352
608 -127.22711559391708 -31.486644387610063 -60.365352622396266 -147.6532 3.257265 -56.37284
609 -127.01473897516655 -31.56886699591096 -61.29822251268552 -147.5797 3.270311 -57.3302
610 -126.85265797391861 -31.63420411771162 -62.2363877025483 -147.5001 3.2824 -58.2811
611 -126.60461442480575 -31.731200898638534 -63.14996816689355 -147.4207 3.29139 -59.22935
612 -126.40932757240668 -31.806687359578095 -64.07216137557538 -147.3415 3.301002 -60.17164
613 -126.20085713900578 -31.892170800229522 -64.98474886058764 -147.2599 3.310925 -61.10803
614 -125.96229110252584 -31.947568478954352 -65.88505663802053 -147.1781 3.317449 -62.03744
615 -125.72102324675875 -32.022105444507375 -66.7722672579213 -147.0991 3.324624 -62.95647
616 -125.53480012465872 -32.09130804007787 -67.6663839601401 -147.0218 3.332509 -63.86909
617 -125.41482993721368 -32.1480491974705 -68.55226924240363 -146.9462 3.341452 -64.76162
618 -125.26901887451113 -32.21036795972279 -69.4212293863538 -146.8736 3.350949 -65.64189
619 -125.17142720389853 -32.26240222785608 -70.28241377287499 -146.8046 3.362788 -66.50732
620 -124.98871906132818 -32.32479870442356 -71.11328350824837 -146.7409 3.376135 -67.35784
621 -124.92354132981745 -32.345346814704826 -71.94361025442001 -146.6842 3.387862 -68.18896
622 -124.79691926553154 -32.41235825507968 -72.74260627153076 -146.637 3.40087 -68.99922
623 -124.61227157970023 -32.48841453229324 -73.5053666031275 -146.6018 3.409958 -69.78685
624 -124.47605392163707 -32.544777799451644 -74.25561430925929 -146.575 3.416011 -70.55095
625 -124.45895842055897 -32.56750687367695 -74.99394992056943 -146.5515 3.42136 -71.28944
626 -124.25422741922087 -32.66039418001453 -75.6719762346137 -146.5298 3.426278 -72.00342
627 -124.22071055921433 -32.70922301183633 -76.35553655284991 -146.5152 3.430945 -72.68937
628 -124.14518205072132 -32.75629300838284 -77.00871524745494 -146.5063 3.436511 -73.3485
629 -124.12756127832748 -32.80472159445064 -77.64010269382025 -146.499 3.443175 -73.98191
630 -124.00716693259642 -32.85289140682759 -78.2328343793134 -146.496 3.451189 -74.5886
631 -123.99619859481884 -32.873628005023384 -78.81149136701653 -146.4997 3.454673 -75.16771
632 -124.02379893618837 -32.90790381268521 -79.36638341126064 -146.5087 3.458263 -75.72426
633 -123.95100325813513 -32.94972891229523 -79.88470739747812 -146.5201 3.46068 -76.24921
634 -123.89719051398845 -33.04505382301995 -80.36841393639062 -146.531 3.464948 -76.74501
635 -124.36008044861953 -33.026524173738395 -80.35055278794673 -146.5458 3.469095 -77.20836
636 -123.94290701080419 -33.04357037384722 -80.4777448330721 -146.5624 3.474975 -77.64447
637 -124.33525498721956 -33.035161711154856 -80.39219237244419 -146.5828 3.4811 -78.04556
638 -123.9655103068965 -33.03801112287488 -80.3753284152975 -146.5982 3.487735 -78.41532
639 -123.6275766738428 -33.04402881483347 -80.37658382105404 -146.6147 3.489838 -78.7529
640 -123.3212474677031 -33.04733635718218 -80.40790462331755 -146.6267 3.492333 -79.0606
641 -123.0550186801367 -33.046654383681044 -80.39595931327302 -146.6358 3.49339 -79.32694
642 -122.80986783863277 -33.04921034512235 -80.39601367341199 -146.6444 3.496768 -79.57193
643 -122.58451514634378 -33.051243393833616 -80.39796263211835 -146.6502 3.501775 -79.79717
644 -122.38281603478251 -33.057608124985116 -80.39968794999055 -146.6574 3.507398 -79.99877
645 -122.18699994989441 -33.06078483355768 -80.37727537381677 -146.6613 3.513405 -80.19576
646 -121.99791736469574 -33.06769246498211 -80.37698709845266 -146.6636 3.523785 -80.38467
647 -121.92315326348714 -33.102270012613005 -80.54307273286847 -146.6635 3.531968 -80.56988
648 -121.88503028770687 -33.11084752783329 -80.7156003989725 -146.6558 3.544429 -80.74617
649 -121.95632281572098 -33.10562046480435 -80.56590551850745 -146.6452 3.553303 -80.91148
650 -122.0391291789144 -33.129642463229565 -80.68985598214248 -146.6315 3.562076 -81.06159
651 -122.13808409508896 -33.07881541559065 -80.6035269138387 -146.6264 3.568355 -81.20217
652 -122.1524675610287 -33.05755463531132 -80.47312090564324 -146.6236 3.574643 -81.3349
653 -122.19510218906393 -33.042325638874566 -80.35519601145704 -146.6172 3.580246 -81.46093
654 -122.31367905864171 -33.04116693114268 -80.37200863747215 -146.6064 3.586432 -81.58005
655 -122.30925221255225 -33.060070198133175 -80.48326217301951 -146.591 3.591611 -81.69181
656 -122.27466781928588 -33.08015851402356 -80.58112198531795 -146.5743 3.595945 -81.79611
657 -122.27466781928588 -33.08015851402356 -80.58112198531795 -146.5544 3.599009 -81.88799
658 -122.27466781928588 -33.08015851402356 -80.58112198531795 -146.5371 3.601598 -81.96407
659 -122.27466781928588 -33.08015851402356 -80.58112198531795 -146.5218 3.605125 -82.02535
660 -122.27466781928588 -33.08015851402356 -80.58112198531795 -146.5098 3.607875 -82.07268
661 -122.27466781928588 -33.08015851402356 -80.58112198531795 -146.4988 3.610893 -82.10813
662 -122.27466781928588 -33.08015851402356 -80.58112198531795 -146.4897 3.612361 -82.13307
663 -122.27466781928588 -33.08015851402356 -80.58112198531795 -146.4813 3.614901 -82.1479
664 -122.27466781928588 -33.08015851402356 -80.58112198531795 -146.4749 3.616561 -82.15466
665 -122.27466781928588 -33.08015851402356 -80.58112198531795 -146.47 3.618715 -82.15162
666 -122.27466781928588 -33.08015851402356 -80.58112198531795 -146.4675 3.618427 -82.14449
667 -122.27466781928588 -33.08015851402356 -80.58112198531795 -146.4666 3.617487 -82.14289
668 -122.27466781928588 -33.08015851402356 -80.58112198531795 -146.4691 3.619237 -82.14598
669 -122.27466781928588 -33.08015851402356 -80.58112198531795 -146.4743 3.621418 -82.14846
670 -122.27466781928588 -33.08015851402356 -80.58112198531795 -146.4784 3.622343 -82.14814
671 -122.27466781928588 -33.08015851402356 -80.58112198531795 -146.4809 3.626275 -82.14689
672 -122.27466781928588 -33.08015851402356 -80.58112198531795 -146.4837 3.630956 -82.14592
673 -122.27466781928588 -33.08015851402356 -80.58112198531795 -146.4853 3.635666 -82.1443
674 -122.27466781928588 -33.08015851402356 -80.58112198531795 -146.486 3.642197 -82.14339
675 -122.27466781928588 -33.08015851402356 -80.58112198531795 -146.4874 3.646408 -82.14478
676 -122.27466781928588 -33.08015851402356 -80.58112198531795 -146.4896 3.650913 -82.14651
677 -122.27466781928588 -33.08015851402356 -80.58112198531795 -146.4903 3.653096 -82.14732
678 -122.27466781928588 -33.08015851402356 -80.58112198531795 -146.4929 3.66085 -82.15098
679 -122.27466781928588 -33.08015851402356 -80.58112198531795 -146.4935 3.666124 -82.15255
680 -122.27466781928588 -33.08015851402356 -80.58112198531795 -146.495 3.67267 -82.1546
681 -122.27466781928588 -33.08015851402356 -80.58112198531795 -146.4952 3.677041 -82.15536
682 -122.27466781928588 -33.08015851402356 -80.58112198531795 -146.4961 3.682929 -82.15662
683 -122.27466781928588 -33.08015851402356 -80.58112198531795 -146.4944 3.686575 -82.15612
684 -122.27466781928588 -33.08015851402356 -80.58112198531795 -146.4943 3.692587 -82.15657
685 -122.27466781928588 -33.08015851402356 -80.58112198531795 -146.4929 3.697692 -82.15523
686 -122.27466781928588 -33.08015851402356 -80.58112198531795 -146.4903 3.703976 -82.15185
687 -122.27466781928588 -33.08015851402356 -80.58112198531795 -146.4878 3.711265 -82.14843
688 -122.27466781928588 -33.08015851402356 -80.58112198531795 -146.4858 3.71733 -82.14544
689 -122.27466781928588 -33.08015851402356 -80.58112198531795 -146.4866 3.721405 -82.14302
690 -122.27466781928588 -33.08015851402356 -80.58112198531795 -146.4873 3.72538 -82.14091
691 -122.27466781928588 -33.08015851402356 -80.58112198531795 -146.4876 3.730224 -82.13842
692 -122.27466781928588 -33.08015851402356 -80.58112198531795 -146.4871 3.733757 -82.13635
693 -122.27466781928588 -33.08015851402356 -80.58112198531795 -146.4865 3.736302 -82.13505
694 -122.27466781928588 -33.08015851402356 -80.58112198531795 -146.486 3.737147 -82.13362
695 -122.27466781928588 -33.08015851402356 -80.58112198531795 -146.4879 3.738183 -82.13326
696 -122.27466781928588 -33.08015851402356 -80.58112198531795 -146.4881 3.739743 -82.13252
697 -122.27466781928588 -33.08015851402356 -80.58112198531795 -146.4887 3.743962 -82.13297
698 -122.27466781928588 -33.08015851402356 -80.58112198531795 -146.4887 3.746808 -82.13315
699 -122.27466781928588 -33.08015851402356 -80.58112198531795 -146.489 3.749734 -82.13346
700 -122.27466781928588 -33.08015851402356 -80.58112198531795 -146.4885 3.751969 -82.13324
701 -122.27466781928588 -33.08015851402356 -80.58112198531795 -146.4862 3.756727 -82.13358
702 -122.27466781928588 -33.08015851402356 -80.58112198531795 -146.4847 3.76039 -82.13348
703 -122.27466781928588 -33.08015851402356 -80.58112198531795 -146.485 3.762686 -82.13363
704 -122.27466781928588 -33.08015851402356 -80.58112198531795 -146.4854 3.763251 -82.13382
705 -122.27466781928588 -33.08015851402356 -80.58112198531795 -146.4849 3.763444 -82.13351
706 -122.27466781928588 -33.08015851402356 -80.58112198531795 -146.4851 3.764354 -82.13339
707 -122.27466781928588 -33.08015851402356 -80.58112198531795 -146.4851 3.765829 -82.13304
708 -122.27466781928588 -33.08015851402356 -80.58112198531795 -146.4801 3.76976 -82.13367
709 -122.27466781928588 -33.08015851402356 -80.58112198531795 -146.4764 3.772636 -82.13276
710 -122.27466781928588 -33.08015851402356 -80.58112198531795 -146.4733 3.773749 -82.13226
711 -122.27466781928588 -33.08015851402356 -80.58112198531795 -146.4721 3.77466 -82.13189
712 -122.27466781928588 -33.08015851402356 -80.58112198531795 -146.4755 3.775066 -82.13281
713 -122.27466781928588 -33.08015851402356 -80.58112198531795 -146.4771 3.775151 -82.13308
714 -122.27466781928588 -33.08015851402356 -80.58112198531795 -146.4775 3.77602 -82.13322
715 -122.27466781928588 -33.08015851402356 -80.58112198531795 -146.4765 3.778253 -82.13318
716 -122.27466781928588 -33.08015851402356 -80.58112198531795 -146.506 3.817593 -82.14996
717 -122.27466781928588 -33.08015851402356 -80.58112198531795 -146.525 3.844867 -82.16201
718 -122.27466781928588 -33.08015851402356 -80.58112198531795 -146.5414 3.867997 -82.17605
719 -122.27466781928588 -33.08015851402356 -80.58112198531795 -146.5569 3.891863 -82.19557
720 -122.27466781928588 -33.08015851402356 -80.58112198531795 -146.5659 3.908776 -82.2173
721 -122.27466781928588 -33.08015851402356 -80.58112198531795 -146.5794 3.927281 -82.24565
722 -122.27466781928588 -33.08015851402356 -80.58112198531795 -146.5858 3.940279 -82.27544
723 -122.27466781928588 -33.08015851402356 -80.58112198531795 -146.5906 3.955031 -82.31013
724 -122.27466781928588 -33.08015851402356 -80.58112198531795 -146.5878 3.963825 -82.34431
725 -122.27466781928588 -33.08015851402356 -80.58112198531795 -146.5882 3.974088 -82.38439
726 -122.27466781928588 -33.08015851402356 -80.58112198531795 -146.5818 3.98079 -82.42617
727 -122.27466781928588 -33.08015851402356 -80.58112198531795 -146.578 3.988369 -82.47354
728 -122.27466781928588 -33.08015851402356 -80.58112198531795 -146.5675 3.993899 -82.52259
729 -122.27466781928588 -33.08015851402356 -80.58112198531795 -146.5518 4.000773 -82.57422
730 -122.27466781928588 -33.08015851402356 -80.58112198531795 -146.5331 4.006616 -82.63234
731 -122.27466781928588 -33.08015851402356 -80.58112198531795 -146.5075 4.013233 -82.69805
732 -122.27466781928588 -33.08015851402356 -80.58112198531795 -146.4759 4.019203 -82.77848
733 -122.37787229095092 -33.078218641219216 -80.60727965910293 -146.4452 4.024429 -82.88031
734 -122.42175547249533 -33.083273619164785 -80.71684199620611 -146.3964 4.029323 -82.98778
735 -122.3996799862586 -33.09202605130728 -80.85141908140267 -146.3513 4.033562 -83.11671
736 -122.32832500506171 -33.071375659773935 -80.98428640149648 -146.2958 4.037831 -83.25839
737 -122.25322988159715 -33.08416365432917 -81.13064188718491 -146.2309 4.040989 -83.41005
738 -122.20022818815936 -33.08893730697751 -81.30320950004757 -146.1563 4.045713 -83.57444
739 -122.13397103441802 -33.07685241099575 -81.48028525574611 -146.0701 4.051946 -83.74303
740 -122.1211644817256 -33.10450833210832 -81.67731916109376 -145.9804 4.058185 -83.92098
741 -121.99282719654128 -33.10287572705663 -81.84473524273847 -145.8795 4.063554 -84.10616
742 -121.80920082475964 -33.091196311395045 -81.96627486317607 -145.7599 4.070054 -84.29131
743 -121.6780048079237 -33.09939024302969 -82.1563980450234 -145.6332 4.076339 -84.48453
744 -121.62153966869457 -33.14577930024703 -82.38894931094838 -145.4913 4.08362 -84.6826
745 -121.4534709257619 -33.17970847101253 -82.59121152476055 -145.3153 4.089716 -84.88083
746 -121.24668746391505 -33.223665954744874 -82.78696726759217 -145.1255 4.095105 -85.09753
747 -120.99414474505215 -33.26453733755587 -82.97727369676744 -144.8957 4.100068 -85.31851
748 -120.77189747224088 -33.315613289999995 -83.23088688197451 -144.6601 4.109917 -85.56492
749 -120.5372725670486 -33.339243909603205 -83.51164563770918 -144.3964 4.121088 -85.81942
750 -120.31681042233299 -33.37559659750691 -83.84678589391481 -144.0775 4.128858 -86.06536
751 -119.98427760187704 -33.40930704224422 -84.11007101615155 -143.7422 4.134474 -86.32723
752 -119.76056891354249 -33.449414238197505 -84.50524123346605 -143.3707 4.13769 -86.59141
753 -119.33622343806682 -33.45698602887818 -84.75258140749816 -142.9474 4.141571 -86.84062
754 -118.8802726395001 -33.56388325430283 -84.95037495396484 -142.5033 4.14355 -87.08803
755 -118.40342931813052 -33.594880260355794 -85.20889397972691 -142.01 4.14816 -87.31564
756 -117.88528113733102 -33.639745922042906 -85.38830736645023 -141.5092 4.15337 -87.54335
757 -117.35794963032274 -33.64969351156415 -85.61012859779447 -140.9762 4.156256 -87.7514
758 -116.76526233191103 -33.71991282680598 -85.73206077963916 -140.3921 4.158657 -87.92431
759 -116.16037202393731 -33.77609584204542 -85.83191612170488 -139.7985 4.160018 -88.08758
760 -115.52334390092045 -33.82917003205218 -85.96740869068822 -139.1586 4.162171 -88.21988
761 -114.86881458236203 -33.868613052569366 -86.04920242673157 -138.5086 4.166045 -88.33879
762 -114.18809199066187 -33.93238517012657 -86.11684795908423 -137.8281 4.168871 -88.43333
763 -113.47552626499834 -33.9772682265248 -86.19770858271498 -137.1128 4.171257 -88.50147
764 -112.7493791090192 -34.025085826566816 -86.30750426655828 -136.3792 4.171706 -88.56031
765 -111.98822312327312 -34.09355928406581 -86.35743726797033 -135.6148 4.169899 -88.60753
766 -111.2016958115006 -34.168730588490696 -86.33758105947143 -134.8254 4.168382 -88.64646
767 -110.39288032786567 -34.23641600349839 -86.38536692901077 -134.0129 4.164762 -88.67609
768 -109.56276695598588 -34.30676943796646 -86.38486945048099 -133.1801 4.156812 -88.69656
769 -108.71924759235446 -34.41822088926736 -86.33191099688963 -132.3277 4.147637 -88.70556
770 -107.84775179749685 -34.49178273750482 -86.36106237670906 -131.4527 4.136633 -88.70109
771 -106.95139014484128 -34.57482209885982 -86.32205747683321 -130.552 4.122623 -88.68049
772 -106.03312137412446 -34.65185364753642 -86.31684053954473 -129.6312 4.103983 -88.64953
773 -105.09504650020207 -34.73545521666215 -86.26287842765848 -128.6888 4.084791 -88.61212
774 -104.13809968813007 -34.836033735982355 -86.18009185395508 -127.7239 4.065878 -88.57569
775 -103.1562865124928 -34.92797618834778 -86.09844108406851 -126.7352 4.048213 -88.54051
776 -102.1458155219749 -35.01846897955535 -86.06804631844633 -125.721 4.031067 -88.50489
777 -101.1122378270641 -35.09488425325579 -86.00306831175806 -124.6835 4.013952 -88.46433
778 -100.07115106014501 -35.2267594041767 -85.88721354465925 -123.6288 3.99689 -88.4197
779 -98.99847322925883 -35.320039957261265 -85.85923719124193 -122.5531 3.978093 -88.36834
780 -97.92098002153058 -35.44185304520511 -85.70303164389787 -121.4602 3.960347 -88.29428
781 -96.81415916998641 -35.53959126039035 -85.63335447311414 -120.3502 3.940654 -88.21078
782 -95.6970960840696 -35.66598564453211 -85.56704061378274 -119.2271 3.920264 -88.13057
783 -94.56335280817493 -35.769026406539226 -85.45218527714765 -118.0866 3.901849 -88.04055
784 -93.4098102328317 -35.85793862508017 -85.36437613593408 -116.9301 3.883303 -87.94868
785 -92.2469995309359 -35.965575652401945 -85.25302082357804 -115.7614 3.867981 -87.84858
786 -91.06906657434006 -36.06410412083141 -85.148436004076 -114.5794 3.849717 -87.74507
787 -89.87558483811891 -36.17311689146964 -85.07795371863966 -113.3837 3.830963 -87.63924
788 -88.67618096659142 -36.277840756585086 -85.00298661832825 -112.1817 3.81218 -87.53924
789 -87.46848346005046 -36.35989973293052 -85.03678666153692 -110.9751 3.791845 -87.43868
790 -86.26927910089425 -36.47059016584845 -85.01073517516588 -109.7745 3.771694 -87.34289
791 -85.08349749225202 -36.60787358209842 -84.89687183282709 -108.5794 3.750574 -87.24708
792 -83.89256406711947 -36.73186646604257 -84.8537987678183 -107.3857 3.726738 -87.14676
793 -82.71292526453954 -36.857479838474916 -84.73436041309947 -106.1976 3.701746 -87.04988
794 -81.5383595668624 -37.00235450644537 -84.59281391792337 -105.0099 3.677172 -86.95296
795 -80.35539202033306 -37.11824841097178 -84.49442579132281 -103.8211 3.653224 -86.85966
796 -79.17570804055046 -37.2471273579268 -84.37208255915583 -102.6322 3.628733 -86.76401
797 -77.99916202560446 -37.394938856348546 -84.25731151844869 -101.4446 3.607239 -86.67222
798 -76.82412765099319 -37.5276184423859 -84.1508663541067 -100.2617 3.588698 -86.572
799 -75.64986151622686 -37.62983512296992 -84.07675415398211 -99.08436 3.569432 -86.48067
800 -74.48302369706639 -37.75578835034676 -83.97243355684928 -97.91011 3.547496 -86.38626
801 -73.31460558823566 -37.87325416192418 -83.88204710514945 -96.73614 3.526824 -86.29387
802 -72.14274402302372 -37.98107198481794 -83.85334972905979 -95.56279 3.506517 -86.20143
803 -70.98248672677757 -38.12710919106901 -83.74794525533157 -94.3923 3.490095 -86.11023
804 -69.83076799405684 -38.27291286112636 -83.62676982894921 -93.22888 3.474064 -86.01752
805 -68.68069698810189 -38.40632440294409 -83.53358036497623 -92.07077 3.457332 -85.93007
806 -67.53121442348707 -38.52368071522198 -83.43987955913636 -90.91482 3.439932 -85.8444
807 -66.37780730975105 -38.61971581833174 -83.43270595872795 -89.76083 3.420499 -85.7575
808 -65.23045751873967 -38.75062802343109 -83.37125960388781 -88.60756 3.402298 -85.67406
809 -64.08355321548915 -38.86341175627354 -83.36214200987723 -87.45822 3.383825 -85.59118
810 -62.946588381674566 -38.970918172442985 -83.25696196245205 -86.31428 3.36566 -85.5113
811 -61.816857865222175 -39.10889506456412 -83.33542078447216 -85.17639 3.347256 -85.4316
812 -60.686794379433046 -39.215244198004484 -83.26566513146409 -84.04212 3.327124 -85.35257
813 -59.55464838708788 -39.354248170942846 -83.25082848197366 -82.90481 3.306136 -85.26665
814 -58.43489754367667 -39.48622414004897 -83.12933584112925 -81.77442 3.285675 -85.17822
815 -57.31099596803291 -39.60723448109969 -83.06805176387208 -80.64658 3.266626 -85.08247
816 -56.19200059103841 -39.71165749575631 -83.0098946035312 -79.52584 3.245394 -84.98283
817 -55.082069463879044 -39.83054450919673 -82.90817964163298 -78.40969 3.221768 -84.88244
818 -53.97248820108349 -39.966466652770364 -82.77836279112682 -77.28896 3.191912 -84.78461
819 -52.86706172393222 -40.09079082015387 -82.65749492442401 -76.17485 3.162484 -84.68498
820 -51.762016647220825 -40.212230589060994 -82.55808784256021 -75.06363 3.133853 -84.58436
821 -50.67041385752594 -40.35629804810889 -82.39769206651289 -73.95599 3.108503 -84.48155
822 -49.565687714102545 -40.461722657815706 -82.33142232508426 -72.84964 3.082721 -84.37548
823 -48.471047316396316 -40.578137900286634 -82.21831978253572 -71.74856 3.05932 -84.26751
824 -47.37802582752187 -40.69782287888628 -82.12392144718362 -70.65049 3.035851 -84.1597
825 -46.28771968362763 -40.79768008935689 -82.02183428168523 -69.5564 3.014567 -84.05165
826 -45.20842141329809 -40.92291506028512 -81.85990010624269 -68.4631 2.993483 -83.94657
827 -44.11899990478666 -41.04594771811513 -81.7790376584628 -67.36871 2.973202 -83.84452
828 -43.02823152394712 -41.17815612330917 -81.67585622175687 -66.26978 2.959134 -83.74424
829 -41.94464423376007 -41.30164278032579 -81.52912781085793 -65.17361 2.945193 -83.64855
830 -40.85366463048003 -41.39672059602573 -81.37775151628828 -64.07225 2.930056 -83.55385
831 -39.771368454930204 -41.498421079937614 -81.34267477340546 -62.98846 2.914583 -83.46386
832 -38.7092990858559 -41.62345307331595 -81.09087349733457 -61.89385 2.894478 -83.37192
833 -37.62540452045071 -41.72567751553834 -80.96222658499936 -60.80165 2.873362 -83.27983
834 -36.55801511226997 -41.83192234881119 -80.83566486570648 -59.72532 2.851534 -83.19229
835 -35.495139763760335 -41.92674181974966 -80.69852553299171 -58.65323 2.82608 -83.10582
836 -34.45307349261523 -42.064940838384835 -80.5107690842636 -57.58891 2.801637 -83.02288
837 -33.3894620782051 -42.197282300073205 -80.36775892081135 -56.51193 2.779651 -82.92872
838 -32.3205153022116 -42.3035998537881 -80.30321711342147 -55.43924 2.756445 -82.84557
839 -31.24450553555434 -42.39179339563701 -80.27326120483383 -54.36293 2.73159 -82.75948
840 -30.171239868896926 -42.49507681926835 -80.25651994662611 -53.28795 2.707333 -82.67777
841 -29.09995956394284 -42.564451488784094 -80.17636546143635 -52.21491 2.68434 -82.59449
842 -28.04366760271954 -42.674091530558734 -80.0684759359036 -51.15105 2.663165 -82.50983
843 -26.995879822085012 -42.76103582045744 -80.0234030330023 -50.10238 2.644628 -82.42382
844 -25.949454364690297 -42.86621235626355 -79.97556451386701 -49.05334 2.626537 -82.33696
845 -24.91565932933352 -42.989550518806084 -79.82232492512675 -48.00472 2.609242 -82.25022
846 -23.87316958327327 -43.08142732026147 -79.78263845869864 -46.96133 2.59164 -82.16174
847 -22.835837768468345 -43.233600568776374 -79.70849801104073 -45.91385 2.573083 -82.07717
848 -21.77883485614272 -43.33754041299015 -79.65937417242922 -44.85398 2.560563 -81.99356
849 -20.729557109355376 -43.47692563304542 -79.57170422859446 -43.795 2.547118 -81.91307
850 -19.667887285275796 -43.593599866707464 -79.57111587565704 -42.72975 2.539457 -81.836
851 -18.612169823902708 -43.71397702561752 -79.51294311713819 -41.66873 2.528194 -81.75523
852 -17.55622806266291 -43.842503938185324 -79.43764357629261 -40.60585 2.51585 -81.66958
853 -16.503880752635542 -43.94056622191433 -79.45335395464502 -39.55165 2.50395 -81.5933
854 -15.46082577500784 -44.06665995324416 -79.32567662506229 -38.49644 2.488082 -81.51302
855 -14.418938330395925 -44.15596220714861 -79.20208783377193 -37.44699 2.467897 -81.4292
856 -13.373598296339319 -44.25645210517545 -79.15223559055195 -36.39931 2.449328 -81.34352
857 -12.335359149656375 -44.36437417557942 -79.16235399337869 -35.35893 2.430647 -81.26015
858 -11.303271100117865 -44.44424765233511 -79.08276412319576 -34.32413 2.409772 -81.17846
859 -10.275021972606243 -44.56383861970673 -79.02542349370252 -33.29069 2.388158 -81.09833
860 -9.259244621953115 -44.667214186667934 -78.90261629451805 -32.26565 2.364654 -81.01888
861 -8.233695259008929 -44.78914727122611 -78.83828858680295 -31.23423 2.341459 -80.93893
862 -7.21179054626698 -44.901535564516244 -78.75050328079388 -30.20542 2.319947 -80.86334
863 -6.1897654329225915 -44.994272312592116 -78.75336078069473 -29.18198 2.301513 -80.79003
864 -5.19445453453902 -45.081141834377576 -78.549493151404 -28.16485 2.28654 -80.7195
865 -4.200519796538776 -45.19871501661108 -78.39757326932184 -27.15493 2.273856 -80.65087
866 -3.192340208436274 -45.316479025361794 -78.38858549426827 -26.14248 2.258338 -80.5796
867 -2.192178218539139 -45.407625736802856 -78.24930054733409 -25.13087 2.24336 -80.51287
868 -1.1960057741777461 -45.50715580914171 -78.13919171597048 -24.12616 2.224417 -80.44513
869 -0.19711964083201694 -45.603291396927425 -78.07742250827205 -23.12314 2.200874 -80.38011
870 0.7958220944602312 -45.695837960494835 -78.0576341952903 -22.12814 2.179186 -80.31382
871 1.781176424411265 -45.79529192569965 -77.9686390590425 -21.13624 2.158118 -80.2473
872 2.7559124706337754 -45.88509838202349 -77.93112183315836 -20.15914 2.136539 -80.18102
873 3.7055064512148013 -45.96473359772395 -77.83266034023039 -19.20344 2.115684 -80.11803
874 4.636538020424453 -46.067436880071874 -77.7505908237827 -18.26545 2.094794 -80.05605
875 5.55548951043434 -46.17021045765736 -77.73491984478103 -17.34296 2.076612 -79.99311
876 6.4534566373895235 -46.279563254963065 -77.69604156661367 -16.43997 2.056734 -79.92964
877 7.324298890435344 -46.356914723516354 -77.56266247707295 -15.55805 2.038136 -79.86631
878 8.173886226410552 -46.47826907586902 -77.52362021008449 -14.70187 2.021472 -79.79755
879 9.011358003419069 -46.54784906000161 -77.46772823840438 -13.86242 2.006898 -79.73095
880 9.811280817428049 -46.66845872697709 -77.58947150117073 -13.04799 1.982635 -79.65774
881 10.608396422415755 -46.73672453308798 -77.59451594931691 -12.25209 1.955701 -79.58095
882 11.379368584505885 -46.7840334958801 -77.73518494256912 -11.471 1.931372 -79.50525
883 12.129928775226517 -46.87285437010545 -77.64459282998065 -10.71407 1.907256 -79.42836
884 12.859045800223857 -46.91764313599658 -77.52385215208392 -9.978597 1.882125 -79.34685
885 13.553987052451163 -46.99701599574204 -77.36512749036571 -9.267307 1.855018 -79.25871
886 14.222040195075744 -47.08064532194348 -77.1806116475188 -8.577034 1.82462 -79.15904
887 14.883451268721643 -47.149311553798604 -77.09084210000194 -7.915426 1.793514 -79.05159
888 15.529386227539092 -47.24303377593533 -77.06367977748994 -7.272311 1.764992 -78.94049
889 16.144521501012786 -47.299310320455476 -76.98044673471662 -6.660991 1.73223 -78.82344
890 16.740907089166203 -47.35745043085057 -76.88753260251305 -6.068827 1.702411 -78.69639
891 17.32932092283226 -47.40976603981463 -76.71787352034494 -5.472914 1.669583 -78.54955
892 17.863045995067978 -47.4458625335468 -76.582110513041 -4.940333 1.642761 -78.4073
893 18.42942516029321 -47.50481109235632 -76.46958617418916 -4.382647 1.616116 -78.24856
894 18.940920051356066 -47.55322722206727 -76.30267918766552 -3.86783 1.594797 -78.08627
895 19.47361443100107 -47.5944594191972 -76.21617989481028 -3.358995 1.576012 -77.90275
896 19.947436111490152 -47.60910531666661 -75.97857111078956 -2.864838 1.557809 -77.71129
897 20.43043071408759 -47.68494956398864 -75.79424747345595 -2.385605 1.5388 -77.50396
898 20.902740544609333 -47.72227029192524 -75.59905031363338 -1.921735 1.519288 -77.28713
899 21.371624464631527 -47.78046624543853 -75.41056019182246 -1.46975 1.500554 -77.05448
900 21.823329612772937 -47.8313315270135 -75.17922090402674 -1.027851 1.487556 -76.80012
901 22.236245134965664 -47.921524083854095 -74.90944198437869 -0.6036779 1.472946 -76.53314
902 22.676005197990282 -47.989245474134634 -74.6908597732426 -0.2051226 1.455786 -76.23884
903 23.04372583837857 -48.055307972856724 -74.36518386468015 0.166806 1.434811 -75.91192
904 23.411091581554967 -48.1182229181366 -74.05598002847866 0.5205388 1.418536 -75.58157
905 23.697171891126857 -48.19293296582912 -73.67773670867265 0.8592366 1.400138 -75.24181
906 23.9907972511495 -48.27890220618351 -73.30373810821 1.18203 1.376718 -74.88301
907 24.284353544104285 -48.34641152982319 -72.93727242176125 1.473046 1.350348 -74.50932
908 24.52769462062658 -48.41491158624422 -72.53282845497192 1.733786 1.324453 -74.11079
909 24.78810122032198 -48.44087846456768 -72.14310097465368 1.977241 1.308518 -73.70973
910 25.08846110323715 -48.478304235547235 -71.77983580873936 2.211269 1.295259 -73.29908
911 25.314613095608877 -48.52144699213867 -71.35453192600963 2.4317 1.282661 -72.8688
912 25.510754489557304 -48.61013167294637 -70.92818263958476 2.625592 1.26876 -72.43254
913 25.602906682168378 -48.64297213946953 -70.44919331032104 2.77869 1.258343 -71.96837
914 25.72118455574563 -48.685563504448304 -69.98938113066582 2.915642 1.253995 -71.5118
915 25.861735533134087 -48.720048603756666 -69.53523041503738 3.046312 1.25835 -71.05343
916 25.982978749272128 -48.76681858162939 -69.06536905864564 3.160868 1.257972 -70.57958
917 26.062274730092607 -48.808193861133695 -68.58685474234396 3.257933 1.264619 -70.1026
918 26.20980853547201 -48.84667410448265 -68.11256720456643 3.33279 1.267119 -69.61007
919 26.20920191771916 -48.88589874239865 -67.61659419279235 3.394982 1.272526 -69.11648
920 26.31902036754773 -48.968649024452425 -67.12716881933255 3.452999 1.270676 -68.61143
921 26.355122033216272 -49.03222737426315 -66.61505248375215 3.505748 1.267062 -68.09683
922 26.428640987233116 -49.087063682934975 -66.10006069590354 3.551082 1.26175 -67.57573
923 26.448077152602202 -49.13864605639677 -65.57189956379632 3.59156 1.259481 -67.04625
924 26.400061064050963 -49.192733167396256 -65.03514218310747 3.623078 1.252875 -66.5056
925 26.440635486537893 -49.27356937570148 -64.48665488722571 3.647772 1.243096 -65.95034
926 26.365663584707793 -49.324788252570265 -63.92031444266496 3.663801 1.234892 -65.37705
927 26.360140666692935 -49.39188703076006 -63.3370200477673 3.673887 1.227201 -64.79002
928 26.344923185806117 -49.45394621137702 -62.73535420277807 3.677308 1.218704 -64.18504
929 26.283162612858824 -49.52038335628593 -62.120266838877164 3.675967 1.209466 -63.56337
930 26.238329980264623 -49.58449925589956 -61.48695675274526 3.664022 1.199856 -62.92543
931 26.209835484733322 -49.65621902840425 -60.83700825871955 3.643049 1.189755 -62.27133
932 26.151528383196904 -49.72622057081336 -60.17368027716309 3.617203 1.179028 -61.60236
933 26.07507599751088 -49.7834008445662 -59.49310576558008 3.591227 1.168096 -60.9157
934 25.959514948277075 -49.864926018325086 -58.800260318987156 3.556391 1.152451 -60.2096
935 25.784961801483497 -49.919842614954185 -58.10685603089533 3.520319 1.139602 -59.49348
936 25.66121201220494 -49.97393325470359 -57.38538625908573 3.485568 1.128869 -58.76038
937 25.58427510337634 -50.07248076115923 -56.64730965265231 3.451301 1.117531 -58.01266
938 25.55535356753141 -50.177534095145795 -55.896783424231444 3.415287 1.106594 -57.2552
939 25.510715957092618 -50.261729745707605 -55.14019513369968 3.375737 1.094891 -56.49375
940 25.444125844226324 -50.32198465319555 -54.38007131178574 3.332427 1.084248 -55.72964
941 25.445443022557672 -50.40715396394521 -53.6190034589765 3.288581 1.074394 -54.96514
942 25.386673217694934 -50.468894280517475 -52.86074327796873 3.243097 1.064884 -54.20352
943 25.284193263150016 -50.53831799502633 -52.103537755048926 3.192353 1.056466 -53.43799
944 25.182525622668113 -50.64838962880208 -51.35125423332539 3.132861 1.04964 -52.67327
945 25.13950314507353 -50.718433090705446 -50.58698038303467 3.069795 1.042836 -51.90721
946 25.023026177951145 -50.80783335898774 -49.83363056144114 3.005492 1.035311 -51.14242
947 24.99944584745303 -50.908234288659315 -49.07157506670951 2.937896 1.027891 -50.37643
948 24.878167908521338 -50.99858620571578 -48.31956839133841 2.871709 1.018952 -49.61228
949 24.79035973135525 -51.09963499328553 -47.56207980453961 2.80322 1.010036 -48.84616
950 24.678041335989047 -51.19017812044018 -46.809275753625585 2.741985 0.9980856 -48.0822
951 24.605670223902514 -51.25996778273791 -46.050494501871746 2.690256 0.9818285 -47.31871
952 24.54701423346171 -51.363285210759265 -45.294655281506294 2.632847 0.9665624 -46.5559
953 24.435076532643944 -51.430970110372805 -44.54496417514047 2.573747 0.9515027 -45.79733
954 24.286801232098956 -51.502320167430646 -43.80293344361236 2.514617 0.9390078 -45.03968
955 24.15232993786791 -51.58158763465626 -43.06343330874237 2.455917 0.9260055 -44.28628
956 24.09423483596166 -51.65281321362957 -42.31582053022592 2.395278 0.9139468 -43.53558
957 24.077426546041853 -51.74472956711386 -41.57072470232918 2.336487 0.9025269 -42.78704
958 24.08254562252698 -51.8549117194923 -40.83336345137335 2.281395 0.8911355 -42.0436
959 24.05669294602929 -51.92995282059834 -40.09599774117272 2.229024 0.8765595 -41.30397
960 24.076554745678557 -52.01905073071065 -39.36977477636986 2.176053 0.8564019 -40.57423
961 24.027909303303232 -52.08617939160048 -38.65184481899784 2.128161 0.8397655 -39.85331
962 23.99085559909965 -52.17033907311028 -37.94454334808604 2.080478 0.8233957 -39.14184
963 23.931899918761687 -52.25251948912402 -37.24887769321862 2.023801 0.8103769 -38.44127
964 23.860454661178498 -52.32481524602322 -36.567010474282085 1.97541 0.7933529 -37.75378
965 23.82034867425748 -52.398096007508066 -35.89576388504224 1.93323 0.7801851 -37.0788
966 23.740299722436287 -52.47228350419325 -35.23930031001963 1.89552 0.7597285 -36.41471
967 23.702146487883624 -52.55643598133834 -34.5869638447404 1.851613 0.7422292 -35.75756
968 23.62992130482815 -52.63624864428112 -33.9424313923052 1.807991 0.7220826 -35.10587
969 23.538469808075604 -52.72359574544071 -33.3055329306509 1.766675 0.7015109 -34.45818
970 23.458043188030206 -52.800886349041065 -32.66933929997898 1.727417 0.6817103 -33.81378
971 23.381883374574265 -52.86492191295411 -32.03880183871225 1.687773 0.6642943 -33.17691
972 23.351625204393628 -52.94760368635296 -31.41090971916882 1.645582 0.6488052 -32.54447
973 23.335865442074596 -53.026154598759604 -30.787149168389334 1.602843 0.6337501 -31.91722
974 23.325383480654846 -53.09574956204128 -30.165708814471625 1.561553 0.6192475 -31.29334
975 23.274235940242765 -53.17116843199085 -29.552277727380208 1.524724 0.6035847 -30.67447
976 23.22607087485395 -53.235507006561754 -28.940920550812077 1.488055 0.5854894 -30.05921
977 23.202546629715187 -53.29683907449651 -28.33287665680664 1.45003 0.5615753 -29.44928
978 23.20344611834537 -53.375371178560215 -27.72748577838054 1.412389 0.5423823 -28.84028
979 23.115804864255885 -53.46099008579064 -27.132916530836496 1.378315 0.5196914 -28.2346
980 23.040047512846137 -53.54150646997757 -26.53753280157622 1.340783 0.4975266 -27.63061
981 23.007594109992333 -53.60449008825941 -25.938465770618233 1.305986 0.4776523 -27.0287
982 22.97563817158973 -53.674852199925695 -25.343996437057363 1.267692 0.4591265 -26.43074
983 22.953741793744605 -53.747922788195176 -24.750695645054943 1.229249 0.4405908 -25.83408
984 22.881793229853855 -53.82037305945409 -24.16354795536233 1.191105 0.4256449 -25.23953
985 22.886527421623324 -53.89123096467037 -23.57374810935783 1.152074 0.4124776 -24.6469
986 22.818830796062205 -53.95822455786596 -22.993545984165944 1.111448 0.4026685 -24.06042
987 22.79509901892751 -54.03211931355932 -22.413455007789608 1.067365 0.3920096 -23.47692
988 22.800125967975926 -54.11483702483792 -21.8391282064294 1.022814 0.381693 -22.89845
989 22.71718764190534 -54.161251632668915 -21.273327490347228 0.9777518 0.3707154 -22.3266
990 22.66778164151802 -54.226331797442 -20.716410765009044 0.9345741 0.3612177 -21.76546
991 22.605636407111746 -54.28930234281066 -20.168555650605054 0.8867823 0.3506486 -21.21267
992 22.558311413885036 -54.36917122977733 -19.63263594478823 0.8446471 0.3428022 -20.67046
993 22.52926937856239 -54.43775685820827 -19.105915629277337 0.8029049 0.3330321 -20.14023
994 22.493859216347197 -54.51863410659508 -18.591882933127195 0.7667103 0.3282057 -19.61995
995 22.44420396473121 -54.57638958692137 -18.088046099549302 0.7322119 0.3216458 -19.1116
996 22.39123069108729 -54.64538380122265 -17.598931670834343 0.6995025 0.3170837 -18.61591
997 22.329261893191347 -54.71021969096044 -17.122279897170085 0.6673674 0.3108239 -18.132
998 22.298943522560936 -54.78453902147487 -16.653268513329266 0.6355362 0.3060331 -17.65726
999 22.2589814997435 -54.850355558895295 -16.197452217217016 0.6017668 0.2964822 -17.19632
1000 22.229457650465235 -54.91747975076578 -15.750042895607434 0.5679449 0.2867121 -16.74431
1001 22.156066895983223 -54.97546168972007 -15.321596472542584 0.5366303 0.2753636 -16.30704
1002 22.16938697884703 -55.04294311923422 -14.90484722839748 0.5073413 0.2644759 -15.88581
1003 22.17671858644123 -55.09883192470985 -14.486416122227496 0.4756959 0.2538892 -15.46492
1004 22.17180179107178 -55.15121949226556 -14.11901858391464 0.4466098 0.2450817 -15.09502
1005 22.126276261033574 -55.19492230872994 -13.754796638224395 0.4170347 0.2363433 -14.72666
1006 22.089634443068125 -55.24733291935831 -13.418250894630754 0.3916312 0.2279003 -14.38514
1007 22.08080297938541 -55.290215634002585 -13.099706546519606 0.3699658 0.2140665 -14.06463
1008 22.076235707359686 -55.33836124538109 -12.798789221935126 0.3512582 0.2032018 -13.76062
1009 22.07116053892153 -55.388643799208864 -12.516147505656214 0.3319222 0.1919107 -13.47437
1010 22.061653911294176 -55.419455454591194 -12.242050125431751 0.3139292 0.1822253 -13.19914
1011 22.03183495248414 -55.47278184268508 -11.97976253552414 0.299516 0.1737489 -12.93035
1012 21.994311686946656 -55.50235910708314 -11.72335673517678 0.2860852 0.1660659 -12.66999
1013 21.981937853070093 -55.544318818966545 -11.467672144895268 0.2755991 0.1593153 -12.41089
1014 21.97597976310002 -55.56837979180607 -11.210628919824732 0.2638684 0.1529288 -12.153
1015 21.961676647039205 -55.6156313639717 -10.958945428311768 0.2561202 0.1472591 -11.8967
1016 21.907966791155932 -55.63975848945137 -10.71254183861522 0.2503151 0.1411226 -11.6435
1017 21.922106386381977 -55.66458723607065 -10.461376961914361 0.2385751 0.1355226 -11.39105
1018 21.909301544358346 -55.70670766790217 -10.213975036501573 0.2255563 0.1287714 -11.14019
1019 21.896872505366392 -55.733569888626185 -9.968434307965696 0.2115382 0.1228655 -10.89334
1020 21.856698186422022 -55.76847015929173 -9.7253701633137 0.1981649 0.1204292 -10.64489
1021 21.812404839137706 -55.79431566600348 -9.483509503897906 0.1839541 0.1141874 -10.39814
1022 21.757143464855616 -55.805044940019314 -9.243614439846066 0.1693736 0.1079282 -10.15224
1023 21.717489491394527 -55.83206701476683 -9.00321526943307 0.151201 0.1010753 -9.907869
1024 21.66344749764423 -55.868453367826966 -8.768538673695959 0.132765 0.09648987 -9.665059
1025 21.599723176988253 -55.87651638121004 -8.535852114200303 0.1131098 0.09200309 -9.424513
1026 21.57279106006411 -55.89790511690804 -8.296254153024053 0.09101141 0.08827309 -9.183499
1027 21.526952689397138 -55.918163493875795 -8.064342943618994 0.06543519 0.08241309 -8.94769
1028 21.481592535754146 -55.942689245414435 -7.834494128002267 0.04083069 0.07406821 -8.713565
1029 21.443153379552204 -55.96819534575141 -7.6008825776535485 0.01685971 0.06895291 -8.476707
1030 21.35850118324972 -55.994745049640564 -7.382756434061815 -0.008130694 0.0653196 -8.242587
1031 21.12484794964422 -55.981236242353724 -7.409109070901934 -0.0370814 0.06224212 -8.008871
1032 21.10696641165464 -55.98970792274588 -7.176966674785653 -0.07086213 0.05793854 -7.778389
1033 21.0377254128797 -56.00315134100424 -6.956778294210019 -0.1055715 0.0505747 -7.549918
1034 21.049519194600034 -56.04568294473642 -6.7307808307221055 -0.1332081 0.04493818 -7.321385
1035 21.045218219386786 -56.081779780003345 -6.504899292153228 -0.1584155 0.04066731 -7.09403
1036 20.983683325709624 -56.12103697241098 -6.289220174358436 -0.1817262 0.03554511 -6.867589
1037 20.95634396879634 -56.1453190569689 -6.061080815656648 -0.2082007 0.02607704 -6.638255
1038 20.91985296320523 -56.175959049773304 -5.838876773106665 -0.2343012 0.01689914 -6.41269
1039 20.869238114416678 -56.20105700697371 -5.620445741068614 -0.2605138 0.006487083 -6.188841
1040 20.833225510288095 -56.22020425566838 -5.399682103928995 -0.2848702 -0.002995286 -5.965868
1041 20.932667191115105 -56.28384444040132 -5.208192430358304 -0.3079171 -0.01257988 -5.742297
1042 20.941845571789834 -56.306990113225815 -4.985574677194974 -0.3276403 -0.02120828 -5.519328
1043 20.90742174042358 -56.338791079021455 -4.766535152903481 -0.3442492 -0.02776683 -5.296044
1044 20.69975996182392 -56.34352536903183 -4.6732253544648845 -0.3603525 -0.03365884 -5.068979
1045 20.47386247300509 -56.32563410006205 -4.738260707537991 -0.3761889 -0.0401751 -4.833849
1046 20.45095906864378 -56.350319695212036 -4.493258302122052 -0.3883831 -0.04408253 -4.586875
1047 20.429647036006802 -56.389651576039114 -4.237937951937709 -0.4015895 -0.04852264 -4.32804
1048 20.43525255057248 -56.409526704105396 -3.9680037760730014 -0.4129028 -0.05184738 -4.057574
1049 20.390120685994898 -56.43742287583655 -3.69129194113317 -0.4240876 -0.05696394 -3.77609
1050 20.42700473814658 -56.45519645546336 -3.401093488730763 -0.4312891 -0.06308662 -3.48317
1051 20.624030279599626 -56.500636863929955 -3.1771012602684965 -0.4408512 -0.06990187 -3.181643
1052 20.59979303213912 -56.51930619620614 -2.8693776614915443 -0.454006 -0.07544684 -2.872732
1053 20.604109894069573 -56.54648008527593 -2.5535239131924437 -0.4645429 -0.08065293 -2.5559
1054 20.602904763067027 -56.59207516771501 -2.23200675018575 -0.4725894 -0.08314586 -2.231273
1055 20.60743102276342 -56.62991496144028 -1.899790185615665 -0.4804756 -0.08733471 -1.896997
1056 20.572329513802543 -56.65897289463913 -1.5619950787426344 -0.4879376 -0.0933525 -1.556277
1057 20.640738550321664 -56.71177152793722 -1.2233500814940035 -0.4929063 -0.09990064 -1.206877
1058 20.62107372755053 -56.7691847662168 -0.8722965060652454 -0.4949177 -0.1050763 -0.8506597
1059 20.660235910301243 -56.83260500557286 -0.5144146195422933 -0.4997101 -0.1105933 -0.4851712
1060 20.67041514610636 -56.87627860944975 -0.14063499294218706 -0.5088378 -0.1157865 -0.1088576
1061 20.65752797430002 -56.93352882653345 0.2424843886307631 -0.5209827 -0.1196282 0.2785206
1062 20.62094757818483 -56.98089102243818 0.6394384103524027 -0.5115556 -0.1105472 0.6797468
1063 20.574578007740033 -57.0274983442839 1.045454699761159 -0.4737364 -0.09224491 1.0889
1064 20.561668456644643 -57.07827126704572 1.4472496729707744 -0.4339981 -0.08769902 1.492117
1065 20.58297553182272 -57.141356166947254 1.8425317543208908 -0.3883676 -0.0866064 1.890361
1066 20.598254299455313 -57.1943536932924 2.2302946220353514 -0.3696291 -0.09413486 2.281506
1067 20.536963038324668 -57.25251596238621 2.6086883693426905 -0.3685772 -0.09619576 2.669212
1068 20.540197849555405 -57.31069960167693 2.986150470736495 -0.3877857 -0.09757224 3.05066
1069 20.522524476003262 -57.372126494085094 3.3596031464871903 -0.4147316 -0.0994854 3.428579
1070 20.499806727390197 -57.43298774421111 3.729510106154251 -0.4428038 -0.1044886 3.803063
1071 20.510916789045147 -57.47609038616719 4.100470304055355 -0.473375 -0.113 4.175334
1072 20.440255105416473 -57.539279160621994 4.461972511857821 -0.5212578 -0.1244534 4.545801
1073 20.35745858365827 -57.5787203030248 4.820687568005738 -0.5907949 -0.1371187 4.909245
1074 20.27303141050747 -57.64353427118843 5.16707440037121 -0.6694622 -0.1454802 5.262875
1075 20.202214457018606 -57.684989091989806 5.513549987060834 -0.754007 -0.1526452 5.608678
1076 20.154995700819462 -57.73760817562062 5.859716082985472 -0.8389403 -0.1577788 5.951591
1077 20.090098176022487 -57.770229886479946 6.204424474359797 -0.9296743 -0.162834 6.291946
1078 19.979929246527103 -57.806981825178056 6.534407113530631 -1.032008 -0.1682553 6.626423
1079 19.863397827303636 -57.84739744282683 6.859849369501364 -1.13596 -0.1742996 6.958512
1080 19.71443990710841 -57.87904676355095 7.168109514377104 -1.22934 -0.1749966 7.289411
1081 19.6879855599603 -57.93925692219215 7.500348404952133 -1.312862 -0.176227 7.617634
1082 19.63169718515191 -57.98648931557593 7.82630552156361 -1.383808 -0.178361 7.944145
1083 19.57449308106603 -58.01439550292448 8.129827399528539 -1.438607 -0.1800396 8.249384
1084 19.49661798783319 -58.041853838877934 8.392858229331535 -1.485319 -0.1784785 8.521081
1085 19.44058876885147 -58.068873856833314 8.619242932854098 -1.531094 -0.1800686 8.751345
1086 19.394629773725793 -58.08669599169186 8.811666102775318 -1.56547 -0.1843807 8.946937
1087 19.341354962829403 -58.10833182640636 8.962536319337268 -1.589383 -0.1876084 9.10658
1088 19.320582723497985 -58.13533183384851 9.084289747512953 -1.603789 -0.1880929 9.232185
1089 19.320582723497985 -58.13533183384851 9.084289747512953 -1.615795 -0.188175 9.324632
1090 19.320582723497985 -58.13533183384851 9.084289747512953 -1.626597 -0.1885721 9.380866
1091 19.320582723497985 -58.13533183384851 9.084289747512953 -1.634967 -0.1888051 9.405472
1092 19.320582723497985 -58.13533183384851 9.084289747512953 -1.635852 -0.1890361 9.404838
1093 19.320582723497985 -58.13533183384851 9.084289747512953 -1.636807 -0.1924645 9.386956
1094 19.320582723497985 -58.13533183384851 9.084289747512953 -1.637558 -0.1977199 9.378778
1095 19.320582723497985 -58.13533183384851 9.084289747512953 -1.640332 -0.1993791 9.376167
1096 19.320582723497985 -58.13533183384851 9.084289747512953 -1.641127 -0.1963128 9.372464
1097 19.320582723497985 -58.13533183384851 9.084289747512953 -1.643107 -0.1932542 9.369584
1098 19.320582723497985 -58.13533183384851 9.084289747512953 -1.64354 -0.1932834 9.37105
1099 19.320582723497985 -58.13533183384851 9.084289747512953 -1.643726 -0.1924916 9.370281
1100 19.320582723497985 -58.13533183384851 9.084289747512953 -1.643555 -0.191078 9.367453
