0 0.0 0.0 0.0 5.551115e-17 0.0 2.220446e-16
1 0.0 0.0 0.0 -0.004596714 -0.002001524 0.09154274
2 0.0 0.0 0.0 -0.01001116 -0.004359704 0.1857373
3 0.0 0.0 0.0 -0.01753371 -0.006859665 0.2834672
4 0.003591239950851741 -0.011033641247533556 0.1037876525594941 -0.02863192 -0.00672666 0.38731
5 -0.042162732166496505 -0.014638579829945847 0.20890682735672358 -0.04273697 -0.007303015 0.5011396
6 -0.08208324432071848 -0.009447863693336382 0.3303782541216632 -0.06000009 -0.008065471 0.6279359
7 -0.1054296344799317 -0.007507992989402156 0.46927371615272917 -0.08275693 -0.008995 0.7669396
8 -0.08649423320132894 -0.00568873718982402 0.6225987004660147 -0.1090497 -0.01033982 0.9191805
9 -0.10711654780908084 -0.010140449151658286 0.7872029584116746 -0.1415335 -0.01195088 1.081913
10 -0.18836487579313965 -0.012295594168069763 0.9412646182574196 -0.1816057 -0.01604515 1.251378
11 -0.24176373906790594 -0.02042733629819553 1.1147327059563736 -0.2325643 -0.02265364 1.425643
12 -0.2570597052535429 -0.025433649575697097 1.3028357226954144 -0.293459 -0.03116429 1.60414
13 -0.3218828999448966 -0.031711078304929335 1.4886197655923077 -0.3616512 -0.03933357 1.78864
14 -0.457486338121893 -0.05555715650930074 1.6402885445671136 -0.4366243 -0.04313507 1.979231
15 -0.5311204495345542 -0.06667785781229192 1.838753996733161 -0.5224919 -0.04573638 2.17302
16 -0.6518529684819441 -0.06150681969591763 2.02107403512859 -0.620094 -0.04902232 2.368741
17 -0.7497625008295304 -0.059209806605697385 2.2215122165249803 -0.7248452 -0.05140743 2.565689
18 -0.8359827481438875 -0.06605962660570266 2.428304830423229 -0.8394934 -0.05397789 2.758285
19 -0.9548913312378454 -0.07799550772582271 2.6266757816173447 -0.9687591 -0.05101001 2.950416
20 -1.1048937876354368 -0.09378815094442385 2.806107864834341 -1.103633 -0.04676236 3.142085
21 -1.3362175671175571 -0.0663776467683853 2.846092370524455 -1.242764 -0.04292676 3.333105
22 -1.5141190725170872 -0.08773293194184129 3.0085098083140944 -1.392475 -0.04238966 3.523028
23 -1.651165628822124 -0.09296306916354097 3.219099088414029 -1.564446 -0.04491985 3.706267
24 -1.8101714816831738 -0.10257010610087486 3.4286854534672426 -1.761568 -0.04899414 3.880703
25 -2.0040580614058223 -0.10706924713347253 3.6132478498179394 -1.969361 -0.05141144 4.049498
26 -2.201976364087369 -0.10960955338855172 3.803620686981932 -2.187835 -0.05358748 4.215884
27 -2.4300347553443484 -0.12068695137147062 3.969255973038667 -2.415527 -0.05318918 4.382391
28 -2.6924330721967347 -0.10443982095615442 4.100723077454054 -2.663146 -0.05287039 4.540774
29 -2.9595818879810443 -0.10386837288566303 4.245471364232841 -2.929115 -0.05283789 4.68768
30 -3.248105083460662 -0.09985968465124334 4.377627683139118 -3.215512 -0.0513893 4.824434
31 -3.5481826636665126 -0.11658350796683717 4.505669801032702 -3.517839 -0.04877551 4.948178
32 -3.8560405589597506 -0.09941507334187191 4.642340557610292 -3.836955 -0.04505658 5.057271
33 -4.187814615190988 -0.09942100111807343 4.764562318522653 -4.17713 -0.03878842 5.153468
34 -4.540956004211175 -0.10416503490943714 4.861242194817268 -4.534335 -0.03325067 5.233794
35 -4.914538554531842 -0.11097228075940058 4.9452122060974135 -4.911075 -0.02945435 5.302451
36 -5.293116797885162 -0.12670192103425343 5.0481670969056465 -5.299329 -0.02697748 5.360943
37 -5.695085279750062 -0.13695380878753804 5.088403538298294 -5.701357 -0.02303083 5.401694
38 -6.111975051090533 -0.15575453759084845 5.145843834607621 -6.122091 -0.01604266 5.42129
39 -6.548050120616658 -0.15578351359742995 5.17532795946378 -6.558994 -0.005757046 5.427674
40 -6.997362410429296 -0.15874557987468363 5.204536608928792 -7.009091 0.006191584 5.424017
41 -7.461917522731106 -0.16533489866893655 5.198992458605548 -7.473426 0.01625113 5.410697
42 -7.9390093405326 -0.16384019049926707 5.178970616726581 -7.950411 0.02306424 5.389282
43 -8.43420088245633 -0.16762532240704928 5.197231633254644 -8.444612 0.03066422 5.353644
44 -8.943223523457696 -0.17958619736022063 5.163198110521124 -8.953007 0.04057477 5.310729
45 -9.471680813520592 -0.18654521385604061 5.12941332151313 -9.480377 0.05248992 5.263869
46 -10.015325526975301 -0.1960366286551972 5.088515369448636 -10.02302 0.06141731 5.211227
47 -10.574299932582123 -0.19741552173249238 5.071329973012056 -10.57921 0.06596199 5.153075
48 -11.151350239095462 -0.2055292748989922 5.080461068217962 -11.15274 0.06936405 5.08836
49 -11.739589509291974 -0.2172491309449187 5.035660243763495 -11.73941 0.07855473 5.02588
50 -12.345222055530462 -0.22365765458911507 4.9834226350228885 -12.34412 0.09123047 4.964841
51 -12.967022083947882 -0.23515569469264022 4.939580939773562 -12.96427 0.1026715 4.901812
52 -13.605782579954829 -0.2582538551202638 4.924916746176346 -13.60015 0.1095163 4.835681
53 -14.256248080364385 -0.2848693339065976 4.851563393803529 -14.25164 0.1178242 4.767225
54 -14.918608179882439 -0.3124580551572136 4.792595490867448 -14.91341 0.1296149 4.697363
55 -15.600474966735437 -0.3001682963581835 4.742541374718661 -15.59372 0.1450798 4.629999
56 -16.29949436776468 -0.3051451273428906 4.694990589799498 -16.29098 0.1622254 4.563302
57 -17.01566132964511 -0.3154598165354068 4.6569956142714855 -17.00478 0.1770188 4.49463
58 -17.74739825629225 -0.3162345409330278 4.654548363678952 -17.73322 0.1905594 4.426532
59 -18.488398096447646 -0.3273211893982763 4.6196436044433415 -18.47183 0.2092753 4.359249
60 -19.24421593502177 -0.32527699714069114 4.615885026495059 -19.22427 0.2305555 4.290984
61 -20.00981701258838 -0.32755097117718784 4.5645688916592375 -19.98833 0.2503189 4.223122
62 -20.79677685526158 -0.3185731663203479 4.539599905736533 -20.7731 0.2703516 4.161929
63 -21.590013798236118 -0.3203419201700447 4.505320980912112 -21.56448 0.2880249 4.100217
64 -22.392276293780693 -0.3369805915705139 4.495617725050945 -22.36419 0.3062236 4.035961
65 -23.193730013410317 -0.34937834142610635 4.451930227927424 -23.16415 0.3216152 3.971019
66 -24.001406962120434 -0.3579499792725235 4.438450700624718 -23.9695 0.3342058 3.90897
67 -24.823093049023964 -0.36535775586025016 4.40771792749842 -24.78947 0.3492536 3.849052
68 -25.65430881397555 -0.3662313324631748 4.374806389629988 -25.61886 0.3615096 3.786079
69 -26.497110350081275 -0.3814679337090267 4.309782962557057 -26.46136 0.3717697 3.716343
70 -27.346111231413353 -0.3941800118856436 4.290105809024526 -27.30755 0.3854991 3.644752
71 -28.19395090214669 -0.4191230721448115 4.257387599622782 -28.15287 0.4028815 3.569541
72 -29.0416640543016 -0.4443541077508671 4.23511771346852 -28.99762 0.4194172 3.492898
73 -29.88382294707062 -0.4718806709092377 4.207324700832663 -29.83721 0.4370064 3.41846
74 -30.723486630698705 -0.5018050791813361 4.189472186531063 -30.67424 0.4566603 3.346046
75 -31.567646034395178 -0.5314286917753327 4.162733791314966 -31.51586 0.4763855 3.27199
76 -32.40733339898978 -0.548944762608381 4.1045082657119405 -32.35442 0.4917256 3.198821
77 -33.24901133756725 -0.5801255467077471 4.046419566535848 -33.19517 0.5076454 3.123626
78 -34.082589053323254 -0.5939186048711996 4.012083795876832 -34.02626 0.5241899 3.051261
79 -34.91722340055453 -0.6118563015150131 3.953009703771917 -34.86004 0.5386702 2.980358
80 -35.75477729635958 -0.6234295309300297 3.8996880932284905 -35.69639 0.550032 2.910621
81 -36.59455422726267 -0.615655567530666 3.898928862110366 -36.53345 0.5579548 2.843137
82 -37.43700142965103 -0.634977486142795 3.870450661630499 -37.37375 0.5707777 2.77507
83 -38.279438958269225 -0.6151541508524049 3.8242847726964713 -38.21476 0.5878615 2.706985
84 -39.115509780633154 -0.6532395081139057 3.7969549610692424 -39.04918 0.6055646 2.638855
85 -39.95037385380908 -0.6754379305048733 3.815618837741954 -39.88167 0.6246496 2.572257
86 -40.78122212421448 -0.6780710279256731 3.754979931140907 -40.71171 0.6464858 2.504806
87 -41.61065144505074 -0.6816154963350809 3.7332720719186216 -41.5384 0.6640169 2.436154
88 -42.43675990641476 -0.6967083923284598 3.6524307642167257 -42.3652 0.6807227 2.363072
89 -43.26461499748535 -0.6846002493777713 3.5998491637548495 -43.19143 0.6977483 2.290205
90 -44.08662142316724 -0.7055331108233984 3.5161478019759382 -44.01519 0.7092788 2.223683
91 -44.91263101592809 -0.70799281558663 3.5036551297019494 -44.83883 0.7206987 2.160908
92 -45.72881849223079 -0.7062342243288456 3.3835175593454543 -45.66121 0.7331961 2.096619
93 -46.55095159841363 -0.7161554469699501 3.315020430818275 -46.48335 0.7434451 2.028253
94 -47.37527415029965 -0.7215892996442433 3.248195166923666 -47.30744 0.7534145 1.959122
95 -48.193802309427 -0.742582558071207 3.2389999606191076 -48.12333 0.7646921 1.890493
96 -49.005181797329875 -0.7826165349023443 3.2085813044524976 -48.93314 0.7767209 1.820295
97 -49.8109933047005 -0.8094125850024989 3.193411790595541 -49.73553 0.7874193 1.740695
98 -50.61182248242159 -0.8293834635713413 3.178741629656819 -50.53252 0.7989932 1.659366
99 -51.41101666252233 -0.8319140666186625 3.1292086132401415 -51.32871 0.8126433 1.575304
100 -52.20649330594871 -0.8496357856484067 3.0647447562239303 -52.12276 0.8219496 1.493752
101 -53.001677156501856 -0.853654501257969 3.0122612654355603 -52.9159 0.8317695 1.416807
102 -53.78843825909577 -0.8708785297372261 2.9415698555002767 -53.70196 0.8419538 1.337479
103 -54.571370347873 -0.8722863556627694 2.8721533284530048 -54.484 0.8494927 1.258994
104 -55.35286048315068 -0.8767429969938165 2.830038931571119 -55.26303 0.8601357 1.184702
105 -56.13137208658297 -0.8640793736548387 2.8254783384026965 -56.03808 0.8696735 1.110756
106 -56.90717997446464 -0.8739440483688723 2.789654001920643 -56.81074 0.8820234 1.032637
107 -57.673031889558295 -0.8841684649189944 2.7364904029905937 -57.5746 0.8957003 0.956539
108 -58.43117707795713 -0.8947463405391443 2.692389976050765 -58.33039 0.9106542 0.883063
109 -59.179811548903764 -0.904438614638712 2.6352820740984138 -59.07759 0.9234551 0.8100074
110 -59.91392877363667 -0.9023859307343105 2.5747298424046012 -59.8104 0.9337799 0.7359683
111 -60.637312233660175 -0.9158305585373757 2.4778830500997473 -60.53658 0.9432177 0.6623665
112 -61.346990950321725 -0.9156976582286623 2.4153401388006093 -61.24548 0.9508013 0.5919478
113 -62.04461360491287 -0.9259188626698622 2.388565382349926 -61.94033 0.9565112 0.5237598
114 -62.72600847412549 -0.9282269998353375 2.3459848233354155 -62.62022 0.960729 0.4617179
115 -63.392901089855464 -0.94112632206946 2.3232438565965103 -63.28551 0.9654748 0.4088407
116 -64.04445584586183 -0.9424591354824179 2.3135619353752306 -63.93546 0.9696725 0.3622951
117 -64.6804887528966 -0.9639189420609117 2.319303646403765 -64.57047 0.974213 0.3201877
118 -65.29881829479982 -0.9641717374656054 2.2684929178271416 -65.18991 0.9801827 0.2859581
119 -65.89999260671453 -0.9717435853879405 2.2981079505809894 -65.79136 0.9882448 0.2627668
120 -66.484119480137 -0.9739206963577581 2.3149902847880686 -66.37563 0.9966522 0.2555668
121 -67.04488045521926 -0.9938425675546095 2.33625061960862 -66.93703 1.003712 0.2646196
122 -67.58528400243668 -0.9965134712212514 2.347931529656092 -67.47673 1.009213 0.2941699
123 -68.09781078376218 -1.0051181358410657 2.4102573196062336 -67.99052 1.013813 0.3455598
124 -68.58969628564209 -1.0150508289795819 2.478646676851106 -68.48214 1.016477 0.4164808
125 -69.06817218862116 -1.0238930595270084 2.5183152593385953 -68.95412 1.019824 0.5048813
126 -69.5188523397232 -1.012436053283159 2.6193862294238897 -69.40376 1.021543 0.6110892
127 -69.96223083191511 -0.9953043314372749 2.753605136435793 -69.84846 1.023928 0.7419667
128 -70.39635745923107 -1.0132531960093243 2.867183827618625 -70.27047 1.024337 0.8955753
129 -70.82799688233699 -1.0224114257111816 2.9976043854697405 -70.68171 1.023888 1.080744
130 -71.19967880812933 -1.0642517078299762 3.2252518472072342 -71.06861 1.025888 1.285746
131 -71.58370961741967 -1.0864928253240687 3.450030872875602 -71.45144 1.032362 1.51356
132 -71.96130754363628 -1.093425449378464 3.6662515211556173 -71.81419 1.040291 1.753829
133 -72.32718666409791 -1.1229374396823957 3.9110567190712824 -72.17075 1.045549 2.013647
134 -72.624511274412 -1.1359566667358507 4.235164213835759 -72.50742 1.049184 2.296944
135 -72.91293596852485 -1.164050614917679 4.552868286196293 -72.81071 1.052187 2.601772
136 -73.19692272845808 -1.1742815829816273 4.872459943241806 -73.10855 1.052214 2.908665
137 -73.50119081607119 -1.1701156298326956 5.157773101872147 -73.38524 1.051991 3.220823
138 -73.78131733589257 -1.1842767593777306 5.4859937253051845 -73.65932 1.056081 3.554385
139 -74.0474254299244 -1.1996492473493456 5.833621819413404 -73.91333 1.058753 3.91127
140 -74.2869249862285 -1.233932846247936 6.229584700554679 -74.16588 1.057855 4.300551
141 -74.49462693881502 -1.2654486774178373 6.661062130670573 -74.40171 1.057076 4.71851
142 -74.72576725106664 -1.28777327515579 7.088720472852815 -74.61515 1.053457 5.155827
143 -74.97080767790122 -1.3289114335854897 7.537074894031797 -74.8256 1.044844 5.623155
144 -75.14541597986955 -1.3636451709544062 8.029709346807001 -75.01816 1.038119 6.110247
145 -75.2909479864108 -1.4143270833602395 8.548641043484867 -75.20557 1.035836 6.618096
146 -75.43924531190186 -1.44771003388041 9.089325466769624 -75.37989 1.030282 7.151976
147 -75.57294571187963 -1.4808183497584642 9.649316929767501 -75.5393 1.020134 7.706095
148 -75.73198108751758 -1.5112445250411628 10.22185619819663 -75.69196 1.010452 8.281091
149 -75.88881653761523 -1.5504723385084986 10.810879254034212 -75.83698 1.004688 8.874404
150 -75.97004695640167 -1.5905958032515835 11.433028997679541 -75.98069 0.9966334 9.486418
151 -76.07909417018999 -1.6260577587150788 12.064339193890405 -76.12225 0.9889481 10.1122
152 -76.26941107189947 -1.6558024603449055 12.692723834656638 -76.25804 0.9812746 10.75522
153 -76.3409228688551 -1.6952116489651439 13.358522564654287 -76.37903 0.9768095 11.41499
154 -76.44252610227858 -1.7326627303199396 14.03596389836777 -76.49294 0.973449 12.0915
155 -76.49632319174492 -1.7474538783392737 14.735003852727305 -76.60203 0.9705966 12.78422
156 -76.5684274054812 -1.7778278715076963 15.447697520745148 -76.70271 0.9650851 13.49407
157 -76.63331081623056 -1.839283790645831 16.16677712512284 -76.79658 0.9546485 14.2125
158 -76.704984472128 -1.8938900559070526 16.899557439861518 -76.88462 0.9437305 14.94545
159 -76.76089966901615 -1.962117715886554 17.64107624608311 -76.96463 0.9352274 15.68785
160 -76.82230287949777 -2.018881326770268 18.399339903985055 -77.04091 0.9267552 16.44684
161 -76.91308932104256 -2.070444429496333 19.16803199349254 -77.11873 0.9133109 17.21856
162 -76.90291834474881 -2.1172131966922705 19.945876708745075 -77.19881 0.8975356 17.99359
163 -76.973407129423 -2.1847277661460187 20.71721601270747 -77.27201 0.885944 18.76754
164 -76.99454554067363 -2.231251099670841 21.484814029747337 -77.33723 0.87656 19.53401
165 -76.98475987570751 -2.2810382353337784 22.253461226909113 -77.40244 0.867371 20.30151
166 -76.97973745979309 -2.3237328701232296 23.025688618529863 -77.46374 0.8595219 21.07246
167 -76.96599975861912 -2.3774088525911172 23.796376402833477 -77.52113 0.8514204 21.84296
168 -76.97186992808064 -2.4273477945950623 24.56796136358667 -77.5734 0.8408161 22.61434
169 -77.00400262984067 -2.4575156991242504 25.331671420705316 -77.6221 0.8279106 23.37766
170 -77.06612385436446 -2.4950448218768018 26.0908313960409 -77.67675 0.8191268 24.13827
171 -77.1073910118859 -2.5634718913873087 26.84877666648812 -77.7342 0.8046718 24.89811
172 -77.15034986619969 -2.602130904972264 27.605404633672553 -77.78961 0.7903154 25.65478
173 -77.18774982953634 -2.6521614853842634 28.372249067580963 -77.84614 0.7739409 26.42191
174 -77.21045386293368 -2.7019550111736472 29.131971942708887 -77.90878 0.7508496 27.18067
175 -77.21017501869338 -2.7577766033314948 29.89116968872228 -77.96897 0.7293732 27.93923
176 -77.2174181707564 -2.786842923138574 30.645239997020457 -78.02007 0.713706 28.692
177 -77.25970122952253 -2.8377513497373053 31.392500530883655 -78.06469 0.6969693 29.44067
178 -77.27755633755072 -2.8997483942396975 32.14337337086925 -78.1097 0.6798769 30.19277
179 -77.32953599859705 -2.968578421416021 32.892889157862705 -78.15548 0.6647429 30.94569
180 -77.33593088992363 -3.016229690141028 33.64836427793583 -78.1981 0.6476766 31.7013
181 -77.40284247056253 -3.0691526687641235 34.407900070173184 -78.24233 0.6301632 32.46413
182 -77.4300392711939 -3.1195375814544364 35.17438161412882 -78.29498 0.6149092 33.23079
183 -77.46985525488458 -3.1811084376291814 35.94289859489997 -78.34624 0.5990528 34.00093
184 -77.50466172096593 -3.2351994400207364 36.71822430218131 -78.39928 0.5789981 34.77685
185 -77.54319940339523 -3.2802950256849375 37.50241483269512 -78.44974 0.5641545 35.56152
186 -77.56328467528611 -3.3463238134333286 38.28768261668585 -78.50718 0.5473641 36.34754
187 -77.62776520799993 -3.398510388759475 39.08211183315618 -78.57152 0.5285291 37.14347
188 -77.67845679973314 -3.4559138340490034 39.87529334620836 -78.63617 0.5110168 37.93752
189 -77.7329283846193 -3.4898042033841015 40.673189185105 -78.7004 0.4940833 38.73523
190 -77.76967884682799 -3.5638140090635204 41.482241860509035 -78.7627 0.4825696 39.54602
191 -77.84152779786885 -3.6203403071626434 42.298504805533184 -78.82862 0.4646182 40.36454
192 -77.88128106304626 -3.671078249579709 43.12907661802565 -78.89593 0.4461482 41.19468
193 -77.94366381583895 -3.7484805051324286 43.961655288997854 -78.95989 0.4339025 42.03064
194 -78.00216746503817 -3.830906526182777 44.80217464660031 -79.02897 0.420782 42.87429
195 -78.05139030715755 -3.9130519779264508 45.65039043484615 -79.10034 0.4039919 43.72474
196 -78.08239286776796 -3.973682554927363 46.504956754679284 -79.1713 0.3888969 44.57894
197 -78.18180450826812 -4.0216201878152695 47.360961199829035 -79.24668 0.3756583 45.43863
198 -78.22866171762882 -4.077174720438857 48.221550073274415 -79.31863 0.3639286 46.2992
199 -78.25807049974584 -4.148666606699543 49.08450815737185 -79.38492 0.3498958 47.16296
200 -78.28213554566624 -4.225918081754687 49.95167241431645 -79.44527 0.3344377 48.03166
201 -78.30235421723563 -4.294149118633936 50.821581573182335 -79.50861 0.3209956 48.90207
202 -78.34252666930895 -4.3632226878302625 51.69742941825965 -79.57376 0.3027919 49.77895
203 -78.37803344043928 -4.434816671001761 52.57334787644597 -79.63392 0.2867505 50.6563
204 -78.43888646825873 -4.514532123817336 53.4431650109452 -79.69742 0.2720427 51.52945
205 -78.46270344313268 -4.573465358772367 54.31075664907342 -79.76468 0.2574406 52.39664
206 -78.55835317220578 -4.62755272502046 55.16479786084528 -79.83358 0.2408602 53.2548
207 -78.5772809149886 -4.70491242561661 56.02265417805512 -79.90039 0.2201002 54.1135
208 -78.58908126033893 -4.803244537932764 56.872282613194514 -79.96964 0.1922996 54.96562
209 -78.60706232015292 -4.876045836354322 57.725188263416264 -80.03259 0.1649343 55.81906
210 -78.63175195123755 -4.968525450020123 58.57383916020925 -80.09273 0.1408072 56.67063
211 -78.66722134678558 -5.0669440080272565 59.426362996930905 -80.15558 0.1161116 57.52689
212 -78.7000905462174 -5.133607408780758 60.27693571756348 -80.22244 0.09233457 58.37775
213 -78.71327304912533 -5.189575180030077 61.11252735032677 -80.28086 0.07510008 59.2131
214 -78.74690644125243 -5.285499824216736 61.938000010137706 -80.33871 0.05914325 60.04264
215 -78.7707371848014 -5.354526765576862 62.767091557795744 -80.40305 0.04000654 60.87223
216 -78.83090938980023 -5.440389848187684 63.5871941041556 -80.47401 0.0182673 61.69567
217 -78.90413412584337 -5.527602249920856 64.40103675358522 -80.54972 -0.003742664 62.51365
218 -78.9165829095631 -5.598924001943197 65.21546138584814 -80.62089 -0.02632294 63.32787
219 -78.97663605032676 -5.681456261671409 66.02141919955021 -80.69604 -0.05452812 64.13629
220 -79.07123024103863 -5.763505449850353 66.82519268710165 -80.7781 -0.08379998 64.94508
221 -79.14125743234804 -5.841647961443588 67.63059817023769 -80.85967 -0.1090773 65.75279
222 -79.2027149323355 -5.925238584072813 68.43540694151311 -80.94518 -0.136047 66.55929
223 -79.27136951302738 -6.003084677807942 69.23811405516363 -81.03408 -0.1573834 67.3635
224 -79.32681997071232 -6.06899431390961 70.03516394131488 -81.12341 -0.1755819 68.15999
225 -79.39654656931728 -6.135329033787836 70.82407206206838 -81.21916 -0.1913565 68.9488
226 -79.48218016500354 -6.18918642816405 71.614490025458 -81.31685 -0.2042169 69.73955
227 -79.58544465027232 -6.252277314042618 72.39300363639515 -81.42164 -0.2174815 70.5203
228 -79.67339895689813 -6.311801756394515 73.16684018904608 -81.54226 -0.2305564 71.29191
229 -79.7708919929807 -6.3609172959705065 73.93629345573804 -81.66368 -0.2426308 72.05943
230 -79.86710600476812 -6.436251938034134 74.6985080279965 -81.78344 -0.2550723 72.82193
231 -79.96936819110087 -6.487216021049401 75.46353524516535 -81.91089 -0.2691768 73.58474
232 -80.08130341327407 -6.546440478999957 76.22430040508496 -82.0491 -0.2836517 74.34335
233 -80.18623994587611 -6.59749732770522 76.98579304116691 -82.18657 -0.2975894 75.10124
234 -80.22394708399649 -6.652493622337835 77.74685975683886 -82.32699 -0.3160459 75.85198
235 -80.35355412055254 -6.724041019830456 78.48812383956698 -82.46709 -0.3273793 76.5947
236 -80.4621363019772 -6.771840026967744 79.23021947386874 -82.61416 -0.3380953 77.33161
237 -80.61032200722072 -6.824280470293204 79.96682062633565 -82.76564 -0.3542448 78.06923
238 -80.72407260210976 -6.886189464135773 80.71263760844724 -82.93034 -0.3753983 78.80777
239 -80.89657844538596 -6.9604178783638275 81.44492470424535 -83.10119 -0.386632 79.54411
240 -81.09371535566699 -7.031553428533898 82.17475842319564 -83.28409 -0.3994934 80.28097
241 -81.2375677535875 -7.0811197353392705 82.91153520088916 -83.46726 -0.4083909 81.0106
242 -81.40549951389347 -7.137024714621688 83.63017664975168 -83.6579 -0.4178227 81.72568
243 -81.5708732606674 -7.192922457475365 84.34155523472847 -83.85643 -0.4258951 82.4307
244 -81.74919849015498 -7.245150393084098 85.05536024654266 -84.05742 -0.4274942 83.14038
245 -81.90412521590011 -7.307222546425084 85.78807824272505 -84.26582 -0.4288742 83.86239
246 -82.15616901478057 -7.366243034478735 86.49907647902452 -84.49278 -0.4369496 84.58416
247 -82.3668926941189 -7.430012787615861 87.22252228766489 -84.72751 -0.4424402 85.30299
248 -82.5759408299999 -7.479045905128059 87.93852580655751 -84.96507 -0.4446969 86.01174
249 -82.72282740771305 -7.535366927747849 88.66773555186472 -85.2123 -0.4477484 86.71556
250 -82.95825258996118 -7.613463148056739 89.37225631444801 -85.46879 -0.4551185 87.41701
251 -83.20716625032672 -7.674120719354806 90.0739542599411 -85.72668 -0.4633066 88.11804
252 -83.42499660266918 -7.723389896111975 90.79282290086299 -85.99632 -0.4725988 88.82079
253 -83.7014016629991 -7.798506743940799 91.49229416566735 -86.28029 -0.4872714 89.52111
254 -83.9732824424544 -7.87074202660299 92.18976814893009 -86.56905 -0.4896331 90.21553
255 -84.28522096854287 -7.931285725158439 92.88080884485618 -86.86039 -0.4833979 90.91809
256 -84.5168732700992 -7.982523836514824 93.60755652182823 -87.15878 -0.4804139 91.62194
257 -84.80374518005878 -8.037740391363789 94.31514926260269 -87.47632 -0.4825025 92.3185
258 -85.1263302667008 -8.080090597736945 95.00058688862332 -87.8025 -0.4756232 93.00351
259 -85.35548654210379 -8.119691933615742 95.71655919787125 -88.11795 -0.4680556 93.68698
260 -85.64780330497024 -8.163394843135558 96.41164294690832 -88.42784 -0.4619748 94.37577
261 -85.97823679618912 -8.234711173002209 97.09596529011966 -88.74901 -0.4631796 95.06817
262 -86.3084094517694 -8.303335834527488 97.79303482442407 -89.08452 -0.466622 95.76606
263 -86.59900245827012 -8.342049685415082 98.50979205620801 -89.41637 -0.4736535 96.46571
264 -86.90932820948592 -8.413980821196398 99.21365854206816 -89.74796 -0.4788901 97.16351
265 -87.21320214587934 -8.485350031309999 99.91158560143577 -90.08495 -0.4847031 97.84976
266 -87.5031523582262 -8.539106643834778 100.61798770131676 -90.42665 -0.4875902 98.53474
267 -87.80963303645747 -8.596619828361595 101.32019361810573 -90.77493 -0.4958138 99.21955
268 -88.10895224688697 -8.672905296682236 102.0326174309329 -91.13104 -0.5064823 99.9095
269 -88.4215148926211 -8.712460339146892 102.73775604238864 -91.48703 -0.5172294 100.5948
270 -88.69752658907397 -8.764233728406376 103.45312173647227 -91.84 -0.526198 101.2774
271 -89.02887506194853 -8.83046154529135 104.13918180366055 -92.19617 -0.5349382 101.9541
272 -89.37634530088572 -8.888895756942764 104.81475973852653 -92.55294 -0.5434586 102.6273
273 -89.6805604662153 -8.960831965933362 105.50798367963874 -92.91478 -0.5511717 103.2961
274 -90.02796666712715 -9.026886180977144 106.18002772751505 -93.28321 -0.5589669 103.9601
275 -90.31672560789984 -9.100983192481735 106.87270647223022 -93.65046 -0.5659964 104.6187
276 -90.67169091979866 -9.175765820380631 107.5225334667678 -94.01507 -0.5767572 105.2674
277 -90.95331376750848 -9.239345630431513 108.20431079080605 -94.38211 -0.588392 105.9103
278 -91.26751355964777 -9.318496557986776 108.8637046192358 -94.74824 -0.5980777 106.5472
279 -91.61492800285578 -9.400593348257443 109.51461721094621 -95.12335 -0.6050065 107.1878
280 -91.96757010432584 -9.45763691924786 110.15909032799472 -95.49621 -0.6134439 107.8233
281 -92.32306515465365 -9.528150733552092 110.7921379306479 -95.86451 -0.6210034 108.4529
282 -92.63843031796516 -9.5966879905925 111.42656842240581 -96.2232 -0.6251307 109.0677
283 -93.01804577329393 -9.670781293930176 112.00466668686289 -96.57402 -0.6245992 109.6683
284 -93.33070791409381 -9.746336007201602 112.59875426689541 -96.92077 -0.6262052 110.2481
285 -93.64508886413503 -9.804359217507578 113.17742339195823 -97.26338 -0.6273272 110.8135
286 -93.92591278133769 -9.878699405238608 113.75541788602881 -97.60083 -0.627085 111.3654
287 -94.1546942974334 -9.923076704431118 114.3375002485576 -97.92433 -0.6283274 111.9025
288 -94.4104181413318 -9.985995850646855 114.88763812571578 -98.24175 -0.6324615 112.4233
289 -94.69620180050026 -10.044971819913123 115.3994493410022 -98.55027 -0.6360649 112.9252
290 -94.94261304432345 -10.111706910183381 115.90103155991645 -98.84348 -0.636794 113.4056
291 -95.19526481381507 -10.162457721971098 116.37479852767723 -99.12485 -0.6384109 113.8657
292 -95.45894426762544 -10.23761471103803 116.81001640579203 -99.39682 -0.6400806 114.3023
293 -95.72460275263809 -10.274635650135918 117.22456907338433 -99.66423 -0.6481915 114.7173
294 -95.95322087341812 -10.307585128474571 117.63526226708272 -99.91884 -0.6560401 115.1137
295 -96.17939651108547 -10.381950461268163 118.01905649800564 -100.1623 -0.6586289 115.4941
296 -96.38805524992719 -10.427663407739917 118.39985795397725 -100.3993 -0.6585884 115.8608
297 -96.56389198790576 -10.430438095281586 118.77666859374176 -100.6332 -0.6607942 116.2046
298 -96.69407682846 -10.506552746647149 119.14555056949737 -100.8652 -0.6647242 116.5286
299 -96.8675000093156 -10.542669059164021 119.48187777240032 -101.0904 -0.6694671 116.8348
300 -97.01894226024606 -10.603988506041095 119.80555532253756 -101.3056 -0.6713923 117.1266
301 -97.18805361713225 -10.62080984653778 120.09988436739928 -101.506 -0.6722784 117.4011
302 -97.34935247959156 -10.638031484934977 120.37247822223922 -101.6929 -0.6721459 117.6574
303 -97.55506072526109 -10.649593860896722 120.59333879317867 -101.8739 -0.672996 117.8992
304 -97.69081499103329 -10.688593367883696 120.84064595207771 -102.0513 -0.6736387 118.122
305 -97.92158282614591 -10.725762245397064 120.97654624038529 -102.2292 -0.6753232 118.3256
306 -98.096816568305 -10.773123465987931 121.15417507547991 -102.4053 -0.6766433 118.5086
307 -98.2584835531756 -10.780053711542863 121.33549355374906 -102.576 -0.6819095 118.6815
308 -98.4037256357407 -10.810688146954337 121.50878537873344 -102.742 -0.6858513 118.838
309 -98.56387701182359 -10.852135996706041 121.64586907683427 -102.9018 -0.6870036 118.9816
310 -98.74688123361533 -10.918168156423244 121.73514453535662 -103.0684 -0.6855969 119.116
311 -98.88598542612034 -10.93694703031606 121.90073276352845 -103.245 -0.6827537 119.2422
312 -98.9992186468307 -10.960784558844166 122.0800889599261 -103.4183 -0.6819887 119.3668
313 -99.16472771609249 -10.967254935454084 122.22436666953665 -103.5947 -0.6769315 119.4976
314 -99.28345491196819 -10.973964643142606 122.40775184133217 -103.7731 -0.672655 119.6238
315 -99.42762178952671 -10.945267890399867 122.56186125856165 -103.9548 -0.6680274 119.7348
316 -99.61507672329947 -10.94967931816478 122.67574932809296 -104.1481 -0.6624189 119.8384
317 -99.80421123202586 -10.967547917315303 122.7724852640512 -104.3385 -0.6580382 119.9342
318 -99.98527482976198 -10.988585631616841 122.8901632518375 -104.5336 -0.6558701 120.0291
319 -100.18602672601556 -10.985081026365034 122.97145668017404 -104.733 -0.6537004 120.1137
320 -100.38226386521191 -11.012446135954601 123.04336678649625 -104.9312 -0.6515101 120.1854
321 -100.58539848162451 -11.01992507978732 123.11936973178487 -105.1362 -0.6502394 120.2566
322 -100.79495499076802 -11.02187120829283 123.18479464951987 -105.3437 -0.6512383 120.3283
323 -101.0039843571569 -11.039761453005582 123.2598480051362 -105.5582 -0.6512936 120.3886
324 -101.2480676931046 -11.08087275112409 123.30476131948963 -105.8016 -0.646722 120.452
325 -101.49862456979852 -11.09422883546269 123.37100884103037 -106.0565 -0.6404796 120.5003
326 -101.78102586605439 -11.10910415763445 123.43237762226794 -106.3408 -0.6320823 120.5536
327 -102.0705776418432 -11.123450726489228 123.52237451697258 -106.6408 -0.6251645 120.5994
328 -102.37032696619893 -11.118028681996977 123.58416445789959 -106.946 -0.6151359 120.6206
329 -102.70341546205097 -11.117148441513107 123.61185168431831 -107.2795 -0.6047007 120.6402
330 -103.05359506115639 -11.136817617419396 123.60572865844938 -107.6301 -0.5937682 120.6434
331 -103.39559987076166 -11.133621392231507 123.64593999205837 -107.9733 -0.5851771 120.6163
332 -103.76756573310595 -11.173268110008175 123.62942577235255 -108.3468 -0.5780578 120.5908
333 -104.1344301193763 -11.204144676584255 123.59862051659586 -108.7113 -0.5724405 120.5308
334 -104.52724557962577 -11.236497711874243 123.54569177402657 -109.1034 -0.5651093 120.4648
335 -104.92945277644546 -11.267028068429578 123.47102544007677 -109.5039 -0.5571731 120.3764
336 -105.32603380472584 -11.263933882838725 123.37122276532853 -109.8936 -0.5498158 120.2526
337 -105.739038660467 -11.305279404092575 123.23368325876667 -110.3105 -0.5385017 120.1212
338 -106.16732175034471 -11.341971745287783 123.09417454719222 -110.7358 -0.5271191 119.9688
339 -106.58708971367683 -11.38927253679965 122.89764226521707 -111.1598 -0.5145431 119.7761
340 -107.01647002700605 -11.454543806719602 122.67049585616691 -111.6037 -0.5003029 119.5688
341 -107.45673163976979 -11.509965090819573 122.43628191875575 -112.0419 -0.4860644 119.3248
342 -107.91252282012641 -11.586684746536266 122.1864344774644 -112.4967 -0.4701443 119.0622
343 -108.36651126815934 -11.65151510551862 121.88513257820748 -112.9599 -0.4518107 118.7686
344 -108.80868128872747 -11.732056005324132 121.54624697154206 -113.4215 -0.433277 118.447
345 -109.2822157058497 -11.780504465766924 121.20374160871407 -113.8987 -0.4140913 118.1067
346 -109.75402760292693 -11.852889282887364 120.84203509369246 -114.379 -0.4005528 117.7492
347 -110.26371082252625 -11.895616887981195 120.48860422389745 -114.8756 -0.3846543 117.3755
348 -110.76407610541393 -11.958742468960443 120.09573280707541 -115.3845 -0.3685473 116.9889
349 -111.2907202510963 -12.036463834219294 119.70683150828087 -115.9072 -0.3511796 116.5875
350 -111.81618054011865 -12.109956413469495 119.28738953512145 -116.4394 -0.33342 116.1705
351 -112.37224261834557 -12.17641615419307 118.8818182259043 -116.978 -0.3145039 115.7373
352 -112.90007257308349 -12.265499206468366 118.41981873911948 -117.5268 -0.2939813 115.2919
353 -113.42325059714757 -12.331279975373738 117.92574115415947 -118.0864 -0.273294 114.8352
354 -113.9945886041314 -12.403808355874673 117.45920272698922 -118.6599 -0.2513318 114.3662
355 -114.5844534219483 -12.474271643329132 116.99776590043268 -119.2396 -0.2283537 113.8874
356 -115.15739397574637 -12.556823696105951 116.48505478006552 -119.8351 -0.2043772 113.3947
357 -115.71964182149026 -12.663359415432877 115.94744698940127 -120.4389 -0.1816124 112.8933
358 -116.34200004792166 -12.751983608347356 115.44787978311383 -121.0569 -0.1575086 112.3812
359 -116.97531139271378 -12.830842583903646 114.93366562467318 -121.687 -0.1322116 111.8577
360 -117.62390411289554 -12.919681472152952 114.41398354960917 -122.3282 -0.1050706 111.3222
361 -118.24043472506706 -13.02757179128672 113.84530629183338 -122.9704 -0.07535629 110.7728
362 -118.89011861249307 -13.125110243024595 113.28714307176776 -123.6258 -0.04736641 110.2135
363 -119.56339888551797 -13.238694565272649 112.75204019588466 -124.2849 -0.01867648 109.6502
364 -120.23107489578318 -13.347624458212083 112.18703567859569 -124.9562 0.01110994 109.0798
365 -120.90222584592246 -13.44696122717588 111.60438528890299 -125.6369 0.04221843 108.5006
366 -121.59779818852243 -13.535403880530195 111.02392189176537 -126.332 0.07133427 107.9136
367 -122.28946016221244 -13.646646498487454 110.42211136314452 -127.0372 0.09929117 107.3179
368 -123.00077215544937 -13.765417774158152 109.83248482184965 -127.7453 0.1250424 106.7132
369 -123.71990445960878 -13.893985132094038 109.23693367938824 -128.4619 0.1484347 106.1014
370 -124.43662524312333 -13.989442547265446 108.61643106577024 -129.186 0.166941 105.4824
371 -125.16699277801393 -14.101693672690075 107.9919280837451 -129.9193 0.1835941 104.8515
372 -125.91359550151546 -14.223142632507642 107.37116424143747 -130.6623 0.1979002 104.2149
373 -126.62854915601352 -14.310382737544558 106.69618569042768 -131.4132 0.2144697 103.5744
374 -127.36874564152087 -14.421073257733783 106.05641671308304 -132.1648 0.2318873 102.9386
375 -128.09086162832867 -14.528678663635795 105.38845342054408 -132.9234 0.2513658 102.3035
376 -128.83253851612335 -14.66949540564843 104.7509035007762 -133.6799 0.2702986 101.6681
377 -129.580085520753 -14.800292649481255 104.11629202566864 -134.4357 0.2900097 101.0301
378 -130.3282401739735 -14.932100127729178 103.48360272018732 -135.1892 0.3106498 100.3904
379 -131.0742463584489 -15.030482456874287 102.83830419340325 -135.9465 0.3298425 99.75107
380 -131.81209655284425 -15.166053004358213 102.17944013386422 -136.7105 0.3478641 99.10851
381 -132.58047798420765 -15.29802037812632 101.56661458924331 -137.4685 0.3680159 98.46944
382 -133.3467080289678 -15.409720352539885 100.94334571767563 -138.2274 0.3899821 97.82785
383 -134.0887812711962 -15.560293981984316 100.29126146577283 -138.9901 0.4148069 97.18269
384 -134.84702972267127 -15.644546942641899 99.66037618359978 -139.748 0.4343912 96.54609
385 -135.5936273571694 -15.748420828052948 99.00733289018231 -140.5111 0.4529559 95.90422
386 -136.33779969053649 -15.856072534694388 98.3623799905177 -141.2656 0.4726101 95.26259
387 -137.05683038741853 -15.982386008792396 97.69150609640862 -142.0208 0.4912744 94.62044
388 -137.7891723965597 -16.14376604805003 97.0500121216071 -142.7704 0.5111815 93.97889
389 -138.54008803660375 -16.261018012822866 96.40911827063162 -143.5294 0.5274135 93.337
390 -139.26812684080636 -16.381696445704463 95.74115192677694 -144.2862 0.5445632 92.69067
391 -139.99737015605646 -16.505555404742378 95.08194158516713 -145.0409 0.5612957 92.04892
392 -140.75767618632705 -16.61567982512186 94.46161959517828 -145.794 0.5779645 91.41052
393 -141.5024756035431 -16.735756750566527 93.82603020489672 -146.5475 0.5937592 90.77404
394 -142.25075886042947 -16.832035389918452 93.18486825824506 -147.3072 0.6086489 90.13928
395 -143.00722075330322 -16.938039176870635 92.54937123517081 -148.0704 0.6250373 89.50321
396 -143.76179944217728 -17.057999802918406 91.9186423162951 -148.8333 0.6468099 88.87146
397 -144.53332316753952 -17.178076432388643 91.3004695813454 -149.6005 0.6716835 88.23696
398 -145.3094639586207 -17.29434244122873 90.70276219907319 -150.3591 0.6967564 87.60683
399 -146.0734801816941 -17.430680456652535 90.10042751114017 -151.1134 0.7256258 86.97809
400 -146.8155431216019 -17.542209986492608 89.46765179564692 -151.8671 0.7539528 86.34989
401 -147.5637145349649 -17.657571816964563 88.83890989240564 -152.6218 0.7806961 85.71894
402 -148.31058915270435 -17.786626050125893 88.20582099465457 -153.379 0.8039512 85.08539
403 -149.09167846227055 -17.8941178279324 87.62148410878392 -154.1322 0.8288243 84.45676
404 -149.8110568882537 -18.01679096189882 86.97275396894217 -154.8823 0.8536668 83.83215
405 -150.56416955582733 -18.139651255330072 86.36600858206158 -155.6292 0.8796994 83.20615
406 -151.28594648536557 -18.271759600668684 85.72516929300834 -156.3743 0.9056545 82.57906
407 -152.04972669542286 -18.376867321379887 85.12954348508944 -157.119 0.9324518 81.95146
408 -152.75792383323648 -18.50871219861289 84.47884576759141 -157.8614 0.9618364 81.32671
409 -153.48198681264333 -18.649389291078613 83.84993640803933 -158.6032 0.9920658 80.70349
410 -154.22367263325503 -18.802532510899734 83.2599950844006 -159.3358 1.022069 80.08383
411 -154.97321571735966 -18.91523983595485 82.6837485440675 -160.0585 1.049905 79.46455
412 -155.690539322882 -19.0279425537799 82.06780927331486 -160.7804 1.077505 78.84428
413 -156.41925359944977 -19.132331135703478 81.46763727730765 -161.5 1.102704 78.22487
414 -157.14309011816854 -19.25251476217738 80.86566791034562 -162.2213 1.128462 77.60858
415 -157.8401866960859 -19.361627328296777 80.23542267728811 -162.9402 1.154301 76.99411
416 -158.56551714426357 -19.476690588305182 79.64241280597177 -163.6585 1.179845 76.38223
417 -159.28570756438492 -19.566246493301378 79.04291174959678 -164.3767 1.205952 75.77428
418 -160.00778335643363 -19.68949259798661 78.45802775231087 -165.093 1.231444 75.17018
419 -160.72420708166595 -19.800816692482503 77.86561518510375 -165.8081 1.25702 74.56637
420 -161.45773042989128 -19.92032601348394 77.29901515936594 -166.5248 1.282062 73.96713
421 -162.14158787219975 -20.0460718441251 76.67830780338271 -167.2418 1.306576 73.3721
422 -162.84096668825714 -20.156511155844868 76.07775040937194 -167.9552 1.330108 72.77838
423 -163.5349396347622 -20.265997562903575 75.47739343288757 -168.6684 1.351053 72.19108
424 -164.23423714676056 -20.36424724712197 74.89047543840461 -169.3812 1.373431 71.61267
425 -164.93543245651378 -20.468531285444826 74.31993552862866 -170.0844 1.396727 71.03558
426 -165.61152142862795 -20.559964899620326 73.73260818003983 -170.7831 1.405731 70.468
427 -166.3013974909423 -20.658645848350766 73.17990384838654 -171.4722 1.416166 69.9057
428 -166.9756583477027 -20.755238046993075 72.62002996195213 -172.1588 1.425569 69.35261
429 -167.63495726630438 -20.877617839661337 72.07412956462574 -172.8299 1.436887 68.80749
430 -168.31648491123238 -20.97188073576464 71.56760376418009 -173.4939 1.448357 68.26999
431 -168.9272245720856 -21.04703392350212 70.9954682358218 -174.1451 1.460081 67.73915
432 -169.54951500448647 -21.14153262785813 70.45899334776703 -174.7856 1.470417 67.21605
433 -170.18183597696384 -21.218571241906346 69.94500573119751 -175.4193 1.482743 66.69815
434 -170.78965234302447 -21.312505870877878 69.42257003694142 -176.0447 1.496245 66.18835
435 -171.39172456954486 -21.419176522220663 68.90897117129346 -176.6638 1.510435 65.6842
436 -171.9662234619231 -21.518992216300834 68.37796311855655 -177.2745 1.525125 65.18539
437 -172.56610757700435 -21.607821163123596 67.89725667272857 -177.8683 1.538016 64.68934
438 -173.1251114173863 -21.717150360228562 67.39717610976437 -178.4448 1.550332 64.19739
439 -173.67969166743842 -21.81634227435091 66.91232011704706 -179.0078 1.561925 63.71223
440 -174.23155299547543 -21.917042342457908 66.44964016709842 -179.5612 1.575397 63.24071
441 -174.77323034622182 -22.02540414105732 65.98951596475555 -180.1003 1.58648 62.76519
442 -175.31275440393176 -22.09462617768076 65.55890043412192 -180.6249 1.600125 62.31141
443 -175.82013898539262 -22.180523819043067 65.10550559787738 -181.1416 1.611948 61.86056
444 -176.3401659274923 -22.259848720687614 64.68726529339862 -181.6486 1.623859 61.41959
445 -176.8665077127636 -22.32305081439811 64.29237820795132 -182.1422 1.635244 60.98005
446 -177.34464979936624 -22.43710911262236 63.870417065496895 -182.6223 1.64854 60.5453
447 -177.79400128790374 -22.501583337938932 63.42246163041438 -183.0885 1.662241 60.11032
448 -178.2650345208398 -22.575341893911013 63.01558567168654 -183.5369 1.673611 59.67252
449 -178.71344936729488 -22.624264749027375 62.592323155785415 -183.9747 1.68544 59.2357
450 -179.1651699913565 -22.69111486026528 62.18591665560504 -184.4045 1.698748 58.80121
451 -179.53962880774603 -22.805871545457183 61.73079168094765 -184.8122 1.713703 58.36066
452 -179.92347211007774 -22.886765561731288 61.287235897341844 -185.1982 1.732581 57.91203
453 -180.2945844280522 -22.957261966260678 60.854987355948055 -185.5495 1.74951 57.45834
454 -180.63851979875778 -23.005069058373333 60.40930558852052 -185.8798 1.767896 57.00033
455 -180.9239704513153 -23.067381020309533 59.93653990827486 -186.1871 1.784988 56.53757
456 -181.19648770679996 -23.1389168519971 59.47264534935882 -186.455 1.807526 56.06608
457 -181.4384114760137 -23.17503932931243 58.994698135321514 -186.7152 1.826654 55.59683
458 -181.71245050452794 -23.264608440386308 58.55681484679772 -186.9445 1.84288 55.12564
459 -181.83459743750046 -23.35649551234137 58.070643073415184 -187.1206 1.856411 54.64759
460 -181.98576496416857 -23.437492283877337 57.59672749788427 -187.2835 1.870218 54.17085
461 -182.1497242431621 -23.505641727224138 57.132772914606505 -187.4227 1.883289 53.69416
462 -182.3205455598182 -23.56848955653309 56.67571271790259 -187.5256 1.887417 53.21309
463 -182.48404868936444 -23.617558482690786 56.21908730842747 -187.6307 1.893359 52.7371
464 -182.579728262203 -23.666654574605435 55.74288853842786 -187.6915 1.900316 52.25276
465 -182.8059502014858 -23.723859919186125 55.31906803299835 -187.7485 1.901338 51.77232
466 -182.77717470481002 -23.759505128963543 54.83932191366961 -187.7723 1.900778 51.29098
467 -182.7698208094242 -23.82408511123771 54.35511602089659 -187.7414 1.901606 50.80341
468 -182.74160893289155 -23.883967317002995 53.886113804280086 -187.7165 1.903912 50.33042
469 -182.68110364540556 -23.956026249427534 53.431224541271966 -187.6828 1.909578 49.86716
470 -182.55042697959675 -23.982952283315225 52.98056190202487 -187.6045 1.913879 49.40375
471 -182.46133464328554 -24.03989667645225 52.53600962448615 -187.5198 1.916071 48.95472
472 -182.33010814804223 -24.062116884748797 52.08967845791763 -187.3856 1.91604 48.50872
473 -182.22650774555146 -24.089136534613296 51.65464378048495 -187.2454 1.919502 48.08322
474 -182.0745001296678 -24.136847974331825 51.24119241827007 -187.0919 1.921924 47.66758
475 -181.95935134729962 -24.18237992822459 50.80056828280103 -186.905 1.925132 47.2498
476 -181.77290907582326 -24.236120045092324 50.39317520447646 -186.7142 1.922721 46.84089
477 -181.54411763446222 -24.287215026778842 49.9819122634431 -186.4782 1.917552 46.43056
478 -181.3287785762863 -24.33681705773172 49.56852418184754 -186.2433 1.910636 46.02498
479 -181.07917780925413 -24.407725848203473 49.17421886624201 -185.9999 1.906858 45.62057
480 -180.79314302789953 -24.460031275534664 48.7953523435772 -185.7437 1.904895 45.21752
481 -180.56035271835097 -24.516620872712277 48.38512851169935 -185.4762 1.903482 44.82494
482 -180.2664611474415 -24.594431299028074 48.007662677742275 -185.1904 1.903992 44.4335
483 -179.98282494552046 -24.651122975049116 47.61603270338032 -184.8981 1.906175 44.04415
484 -179.66740814131674 -24.717106941012723 47.24059461393598 -184.5971 1.908337 43.65148
485 -179.36288065869874 -24.77588775461146 46.846617090434926 -184.2874 1.908808 43.25715
486 -179.0540636007977 -24.842912029096674 46.44647520549525 -183.9689 1.909156 42.85899
487 -178.71018266436283 -24.910306533886786 46.065323227090616 -183.6434 1.911087 42.45635
488 -178.3791097521079 -24.975323854830464 45.660994210559096 -183.3133 1.914906 42.04606
489 -178.03888501286977 -25.048245591572663 45.24965479384118 -182.9728 1.921291 41.62858
490 -177.686599308233 -25.122981047885474 44.835510398879336 -182.6247 1.928571 41.20434
491 -177.3090726707593 -25.193604501736534 44.42659584025744 -182.2608 1.933488 40.7774
492 -176.91841546252826 -25.266522749721755 44.015618479303235 -181.8872 1.936481 40.34468
493 -176.52262206955317 -25.347988493958646 43.58192902629085 -181.5012 1.944762 39.89489
494 -176.16113130915946 -25.399348014983854 43.10389180224336 -181.1166 1.952827 39.43245
495 -175.7631772760903 -25.462236137053882 42.63406647907368 -180.7267 1.954282 38.95179
496 -175.36753996330538 -25.555604329664316 42.14895006764136 -180.3265 1.951012 38.46147
497 -174.95424667694732 -25.640665214071173 41.65897022436178 -179.9121 1.948467 37.96509
498 -174.51482829744214 -25.723832380627307 41.17739705646718 -179.4927 1.950893 37.45911
499 -174.13060463352522 -25.799400370129252 40.62688254499821 -179.0635 1.950476 36.93739
500 -173.72924960163652 -25.861590742224514 40.058213404970125 -178.6239 1.946894 36.39418
501 -173.28205758493706 -25.927640678011503 39.50507377366644 -178.1621 1.94215 35.84918
502 -172.83903639604335 -26.00189794595406 38.928481993179666 -177.6842 1.937626 35.29616
503 -172.32367152844205 -26.098536944873533 38.39562947498525 -177.1997 1.929672 34.72689
504 -171.86990735530648 -26.17498715296814 37.78834677709497 -176.7106 1.923186 34.1427
505 -171.40358697631936 -26.261513580535084 37.161966163398475 -176.2079 1.922565 33.53889
506 -170.90375659688266 -26.369499183396698 36.54428440140791 -175.6955 1.923742 32.92207
507 -170.40391291373282 -26.456628475242283 35.90556178556697 -175.1718 1.922179 32.29666
508 -169.84980969624365 -26.5814155671546 35.30512893233423 -174.6388 1.921438 31.66497
509 -169.3601306938191 -26.675285209624604 34.6346642005041 -174.1052 1.927099 31.02204
510 -168.84152721734006 -26.75852744518659 33.95903969750965 -173.559 1.933011 30.36327
511 -168.30896149673737 -26.888271331843395 33.28452560721197 -173.0021 1.938375 29.69599
512 -167.77579218443555 -27.004318234603193 32.59718453823349 -172.4382 1.94584 29.02358
513 -167.22366936642422 -27.128325251139913 31.915875568818088 -171.867 1.951405 28.34675
514 -166.6331549687218 -27.251486557056925 31.250988504938064 -171.2881 1.956277 27.6606
515 -166.08662354216003 -27.361605248575135 30.53657131585411 -170.7093 1.958687 26.96332
516 -165.56897161889424 -27.41224489758969 29.782584892615663 -170.1234 1.951058 26.25927
517 -165.04280508153178 -27.50415510765436 29.025177404148 -169.5314 1.943279 25.54622
518 -164.46415861690804 -27.633951675725005 28.29907740526596 -168.9342 1.93667 24.82358
519 -163.91553069262383 -27.730743106381425 27.542165488930184 -168.3371 1.929608 24.09784
520 -163.30771248320096 -27.857304574831797 26.835961846024237 -167.7434 1.921892 23.3687
521 -162.72161269047413 -27.973984692850983 26.117277982751514 -167.1591 1.914344 22.6392
522 -162.14660241216095 -28.099709407134522 25.395545439840713 -166.5815 1.908782 21.90866
523 -161.52742350736065 -28.228000616290164 24.710178104611128 -166.0001 1.908068 21.17959
524 -160.97114630007698 -28.34919899364923 23.964981815190544 -165.4129 1.91419 20.44842
525 -160.39477256874915 -28.45893287615146 23.23828617610758 -164.8351 1.923826 19.71467
526 -159.79404503486708 -28.588318091534866 22.546521648557068 -164.2567 1.934077 18.99252
527 -159.23372244215196 -28.704809616318997 21.828903609076818 -163.6778 1.940348 18.28024
528 -158.6916096995971 -28.837325228812766 21.11044239024239 -163.1045 1.94164 17.57387
529 -158.0954353777169 -28.943770641218176 20.41535928393602 -162.5251 1.942748 16.8568
530 -157.5277488381642 -29.044278575552454 19.703988778407755 -161.9505 1.939281 16.14389
531 -156.95780109846652 -29.156428307038716 18.995468384922095 -161.3773 1.936519 15.42915
532 -156.39351352676744 -29.267423907661637 18.27869901779674 -160.8026 1.93571 14.71206
533 -155.83897670147957 -29.382817091916113 17.584773640538298 -160.2415 1.936584 14.01383
534 -155.2934864422365 -29.485447787412244 16.871096243910852 -159.6822 1.936046 13.30347
535 -154.70380351674916 -29.606629715381157 16.20326162512608 -159.1338 1.935031 12.59096
536 -154.1673381377331 -29.71373376721138 15.500278603642125 -158.6027 1.939067 11.87586
537 -153.64462643570482 -29.821967362882116 14.79199819719643 -158.088 1.945549 11.15361
538 -153.1574644874481 -29.93708042147901 14.06548308217116 -157.5933 1.952156 10.42311
539 -152.66942475787795 -30.057611440773357 13.340027840278204 -157.1079 1.958096 9.685989
540 -152.26250358173075 -30.152411519810492 12.573181287159827 -156.6525 1.968002 8.940913
541 -151.7940793255329 -30.267559921644228 11.846746299989183 -156.2137 1.981362 8.187478
542 -151.38170857704515 -30.382487812083056 11.09271785315251 -155.8113 2.002674 7.41973
543 -151.03300210158685 -30.483821010914433 10.306456682400036 -155.4337 2.020771 6.640524
544 -150.689502035125 -30.596683635184856 9.520633538396575 -155.0736 2.039549 5.854252
545 -150.36116047214816 -30.69693707953451 8.743426115151697 -154.7551 2.055959 5.066725
546 -150.0002765117464 -30.797070370723024 7.983227176246563 -154.4511 2.070725 4.275819
547 -149.7208063183794 -30.871218438045943 7.188944073882123 -154.1799 2.076776 3.475256
548 -149.4777408348135 -30.94189384166368 6.371379855247078 -153.9186 2.081455 2.660279
549 -149.24638980008402 -31.02595840372963 5.552505827205976 -153.6909 2.081084 1.836084
550 -149.0881662064834 -31.110760024168908 4.71494551042337 -153.4863 2.082675 1.004297
551 -148.92016376309738 -31.177576340418064 3.8726312273497303 -153.2952 2.088962 0.1642828
552 -148.83778132763038 -31.209532764210916 3.0093633205287134 -153.1167 2.094656 -0.6849197
553 -148.75375971028748 -31.28539944350243 2.1339380875831173 -152.9463 2.099191 -1.551019
554 -148.61404729570978 -31.368274760214717 1.2643296929722423 -152.7936 2.108057 -2.422346
555 -148.49387809113173 -31.449826526159043 0.38645862942165743 -152.6592 2.120983 -3.301845
556 -148.41372565515238 -31.51539650405731 -0.49885399798122565 -152.5347 2.129986 -4.18441
557 -148.32895282868736 -31.574804368360326 -1.3974029468716447 -152.4224 2.145234 -5.081774
558 -148.22043614012725 -31.643234283705766 -2.3156120423519475 -152.3238 2.164537 -6.003442
559 -148.1759374162849 -31.689244636207498 -3.2475675037276877 -152.2301 2.184519 -6.932667
560 -148.03378633389744 -31.771974317390182 -4.18131908298872 -152.1344 2.208027 -7.875658
561 -147.95814685837163 -31.880743492605227 -5.120463003672987 -152.0349 2.236569 -8.818435
562 -147.92388174163335 -31.964929321039133 -6.071053162485292 -151.9309 2.26438 -9.767273
563 -147.82094157368053 -32.05991603393644 -7.0234790944993275 -151.8222 2.290503 -10.72343
564 -147.7356406578186 -32.13154061650751 -7.997477201444939 -151.7054 2.314806 -11.69649
565 -147.6438578914493 -32.2227001839634 -8.98552693565261 -151.5906 2.340253 -12.68601
566 -147.59576796113737 -32.313857671389016 -9.985065031950013 -151.4796 2.366234 -13.68436
567 -147.49733527198214 -32.39254217671613 -10.988697435697567 -151.3681 2.390739 -14.68941
568 -147.40745496716667 -32.46257311500703 -12.009456029398041 -151.2539 2.419304 -15.70974
569 -147.2917382180355 -32.55598985217368 -13.025711484631442 -151.1385 2.446252 -16.72996
570 -147.17597987340196 -32.67696815581925 -14.050065800388802 -151.0183 2.471748 -17.76061
571 -147.11871718924436 -32.75717150077585 -15.08640497618833 -150.8986 2.495354 -18.79445
572 -147.02985163377053 -32.86203904759533 -16.126283448558727 -150.7787 2.516209 -19.83629
573 -146.93804488112553 -32.95659557210806 -17.17328623669725 -150.6584 2.531082 -20.88457
574 -146.85243100295426 -33.04499977132977 -18.22333808109563 -150.5418 2.546922 -21.93524
575 -146.80591501386516 -33.14557955681464 -19.276232501496306 -150.4287 2.562912 -22.98777
576 -146.7298373677612 -33.24513910533125 -20.32667510106253 -150.3173 2.580523 -24.03963
577 -146.62296419537157 -33.35945584422165 -21.375037943764347 -150.21 2.602248 -25.09394
578 -146.56628391302206 -33.44674454298298 -22.42990810146023 -150.1008 2.624842 -26.14805
579 -146.48429589678264 -33.54382948493406 -23.478521125037318 -149.9955 2.652068 -27.19872
580 -146.35396798948815 -33.66774631597114 -24.512934375528125 -149.8915 2.677343 -28.24318
581 -146.29934020719296 -33.76495977803093 -25.5539239666984 -149.7898 2.703716 -29.28484
582 -146.21915213485988 -33.85517339357539 -26.593525125342858 -149.6882 2.727489 -30.32621
583 -146.12829074421165 -33.94661165494288 -27.629566777049757 -149.5881 2.749371 -31.3652
584 -146.08312064181152 -34.0418436055622 -28.670045834112603 -149.4892 2.772055 -32.40607
585 -146.03784982950089 -34.134379489847426 -29.712500956310812 -149.3925 2.79829 -33.4488
586 -145.98198859151458 -34.237742739040314 -30.733764785023023 -149.3004 2.822913 -34.47237
587 -145.90405841733389 -34.34229425431154 -31.757501893448648 -149.2116 2.847794 -35.50025
588 -145.82536233208265 -34.43894905741047 -32.77934195314881 -149.1247 2.872146 -36.5257
589 -145.7429484463361 -34.540799967248454 -33.79895395357707 -149.0389 2.8933 -37.54989
590 -145.69034481657167 -34.64023790209835 -34.817017628625145 -148.9571 2.914898 -38.57065
591 -145.62635773246643 -34.74080044017181 -35.83132419919635 -148.8814 2.936848 -39.58889
592 -145.5966590403972 -34.85196564669592 -36.841394368834 -148.8101 2.958886 -40.60275
593 -145.54075516163985 -34.96307569032694 -37.845796504307735 -148.7352 2.980846 -41.61181
594 -145.40499378514494 -35.10681270980097 -38.83870845891093 -148.6636 3.002899 -42.62144
595 -145.35337062498553 -35.20340042548948 -39.835717461198385 -148.5927 3.027276 -43.62164
596 -145.27740057005238 -35.31340268425501 -40.833800669921956 -148.5176 3.05498 -44.62545
597 -145.23963278689462 -35.41700504923496 -41.8274177871089 -148.4441 3.079101 -45.62217
598 -145.1608910422261 -35.53228146605303 -42.81244630678341 -148.3689 3.102061 -46.61393
599 -145.10909314538154 -35.61854725782383 -43.798876303568086 -148.296 3.122209 -47.60259
600 -145.1340724183727 -35.7237359620155 -44.78382511647986 -148.2258 3.142814 -48.59075
601 -145.05833586881258 -35.80456714083274 -45.76559826331203 -148.1556 3.159721 -49.57611
602 -145.01636720602164 -35.907176891571915 -46.74430931084996 -148.0851 3.175297 -50.55843
603 -144.94178170630198 -35.99608792351066 -47.720156107722886 -148.0135 3.189403 -51.53844
604 -144.86983542621672 -36.087300940283335 -48.68928889128669 -147.9424 3.205788 -52.51178
605 -144.78924653011742 -36.16363781758984 -49.653675098351876 -147.87 3.219705 -53.47973
606 -144.7460393181956 -36.25439906666475 -50.620031609877664 -147.7977 3.231897 -54.44853
607 -144.6522046301093 -36.35723757405945 -51.57781436693094 -147.7243 3.243527 -55.41352
608 -144.56911257363365 -36.45595143109234 -52.531171639743356 -147.6532 3.257265 -56.37284
609 -144.47265458705382 -36.547356872316804 -53.48219820081067 -147.5797 3.270311 -57.3302
610 -144.33791506095196 -36.65955417815891 -54.42025477617733 -147.5001 3.2824 -58.2811
611 -144.2736833798529 -36.740807957710615 -55.36621215209431 -147.4207 3.29139 -59.22935
612 -144.2325185208427 -36.8045268778511 -56.308825979832264 -147.3415 3.301002 -60.17164
613 -144.1396739633096 -36.89837529677492 -57.23950079975111 -147.2599 3.310925 -61.10803
614 -144.0568900030905 -36.96859659171976 -58.16618981789188 -147.1781 3.317449 -62.03744
615 -144.04870348357406 -37.0407782860972 -59.08577200857416 -147.0991 3.324624 -62.95647
616 -144.02624292068006 -37.10264650952463 -59.99932582399469 -147.0218 3.332509 -63.86909
617 -143.96779418520808 -37.20699974475511 -60.88707538652212 -146.9462 3.341452 -64.76162
618 -143.8801979599478 -37.297291960043594 -61.76138107853577 -146.8736 3.350949 -65.64189
619 -143.8484588498569 -37.376341381417454 -62.62544940030906 -146.8046 3.362788 -66.50732
620 -143.76175308922194 -37.48323603095782 -63.467278211755506 -146.7409 3.376135 -67.35784
621 -143.75851901062353 -37.54910144222091 -64.29779862406562 -146.6842 3.387862 -68.18896
622 -143.70410631289062 -37.624712810051214 -65.10417353379698 -146.637 3.40087 -68.99922
623 -143.7110012239455 -37.67851277848519 -65.8907742407901 -146.6018 3.409958 -69.78685
624 -143.65980993539165 -37.762342205209926 -66.64903261891736 -146.575 3.416011 -70.55095
625 -143.6362823674792 -37.83303175801709 -67.38415014868593 -146.5515 3.42136 -71.28944
626 -143.59725465552611 -37.901724213964975 -68.09409430234844 -146.5298 3.426278 -72.00342
627 -143.60828453912652 -37.983614263064815 -68.77522182705668 -146.5152 3.430945 -72.68937
628 -143.57860819412673 -38.049548383111045 -69.43045808491883 -146.5063 3.436511 -73.3485
629 -143.5936230225858 -38.11208914072577 -70.06067164837118 -146.499 3.443175 -73.98191
630 -143.56736739065587 -38.15196413574333 -70.66554073078515 -146.496 3.451189 -74.5886
631 -143.57019892991522 -38.20234310881633 -71.24247067611087 -146.4997 3.454673 -75.16771
632 -143.5729685669303 -38.26191011155534 -71.79590169430148 -146.5087 3.458263 -75.72426
633 -143.5900733413293 -38.309211212858735 -72.31856634481579 -146.5201 3.46068 -76.24921
634 -143.65431857195483 -38.34579246259956 -72.8089631518336 -146.531 3.464948 -76.74501
635 -143.64517536205014 -38.40898008476677 -73.26815068022096 -146.5458 3.469095 -77.20836
636 -143.69306924383062 -38.430784679486734 -73.70143211559189 -146.5624 3.474975 -77.64447
637 -143.69227636026093 -38.4605178891906 -74.10198444837918 -146.5828 3.4811 -78.04556
638 -144.0438537739338 -38.43034380960817 -73.99024149360595 -146.5982 3.487735 -78.41532
639 -143.71083965875798 -38.44341330122539 -74.04652396415877 -146.6147 3.489838 -78.7529
640 -143.4136460124968 -38.47125733432062 -74.12222179416709 -146.6267 3.492333 -79.0606
641 -143.1525089331397 -38.4826650800209 -74.17416611023611 -146.6358 3.49339 -79.32694
642 -142.9094516230759 -38.49727715499295 -74.20271610627056 -146.6444 3.496768 -79.57193
643 -142.68809235727454 -38.506592518883025 -74.24400856428016 -146.6502 3.501775 -79.79717
644 -142.49342206156626 -38.52021110232037 -74.2954286798286 -146.6574 3.507398 -79.99877
645 -142.30092631384522 -38.53665018501677 -74.33456303581445 -146.6613 3.513405 -80.19576
646 -142.11754526567265 -38.551817192692546 -74.37862407925746 -146.6636 3.523785 -80.38467
647 -142.11545312142505 -38.572557792117706 -74.56283907880129 -146.6635 3.531968 -80.56988
648 -142.1051401878038 -38.57948226934084 -74.38637824565038 -146.6558 3.544429 -80.74617
649 -142.1391478361084 -38.581212366896004 -74.22402372432363 -146.6452 3.553303 -80.91148
650 -142.28808864803798 -38.57992949041166 -74.19927182745316 -146.6315 3.562076 -81.06159
651 -142.29414426691147 -38.55211746675025 -74.06136608768531 -146.6264 3.568355 -81.20217
652 -142.3488384418583 -38.56039695763076 -74.18221570126205 -146.6236 3.574643 -81.3349
653 -142.4648417982378 -38.55336592479353 -74.23171014938433 -146.6172 3.580246 -81.46093
654 -142.57791156135147 -38.54916221112265 -74.27097894688043 -146.6064 3.586432 -81.58005
655 -142.58528086343225 -38.561745865421656 -74.38296834223698 -146.591 3.591611 -81.69181
656 -142.65819894928813 -38.55157512139243 -74.45883448934492 -146.5743 3.595945 -81.79611
657 -142.65819894928813 -38.55157512139243 -74.45883448934492 -146.5544 3.599009 -81.88799
658 -142.65819894928813 -38.55157512139243 -74.45883448934492 -146.5371 3.601598 -81.96407
659 -142.65819894928813 -38.55157512139243 -74.45883448934492 -146.5218 3.605125 -82.02535
660 -142.65819894928813 -38.55157512139243 -74.45883448934492 -146.5098 3.607875 -82.07268
661 -142.65819894928813 -38.55157512139243 -74.45883448934492 -146.4988 3.610893 -82.10813
662 -142.65819894928813 -38.55157512139243 -74.45883448934492 -146.4897 3.612361 -82.13307
663 -142.65819894928813 -38.55157512139243 -74.45883448934492 -146.4813 3.614901 -82.1479
664 -142.65819894928813 -38.55157512139243 -74.45883448934492 -146.4749 3.616561 -82.15466
665 -142.65819894928813 -38.55157512139243 -74.45883448934492 -146.47 3.618715 -82.15162
666 -142.65819894928813 -38.55157512139243 -74.45883448934492 -146.4675 3.618427 -82.14449
667 -142.65819894928813 -38.55157512139243 -74.45883448934492 -146.4666 3.617487 -82.14289
668 -142.65819894928813 -38.55157512139243 -74.45883448934492 -146.4691 3.619237 -82.14598
669 -142.65819894928813 -38.55157512139243 -74.45883448934492 -146.4743 3.621418 -82.14846
670 -142.65819894928813 -38.55157512139243 -74.45883448934492 -146.4784 3.622343 -82.14814
671 -142.65819894928813 -38.55157512139243 -74.45883448934492 -146.4809 3.626275 -82.14689
672 -142.65819894928813 -38.55157512139243 -74.45883448934492 -146.4837 3.630956 -82.14592
673 -142.65819894928813 -38.55157512139243 -74.45883448934492 -146.4853 3.635666 -82.1443
674 -142.65819894928813 -38.55157512139243 -74.45883448934492 -146.486 3.642197 -82.14339
675 -142.65819894928813 -38.55157512139243 -74.45883448934492 -146.4874 3.646408 -82.14478
676 -142.65819894928813 -38.55157512139243 -74.45883448934492 -146.4896 3.650913 -82.14651
677 -142.65819894928813 -38.55157512139243 -74.45883448934492 -146.4903 3.653096 -82.14732
678 -142.65819894928813 -38.55157512139243 -74.45883448934492 -146.4929 3.66085 -82.15098
679 -142.65819894928813 -38.55157512139243 -74.45883448934492 -146.4935 3.666124 -82.15255
680 -142.65819894928813 -38.55157512139243 -74.45883448934492 -146.495 3.67267 -82.1546
681 -142.65819894928813 -38.55157512139243 -74.45883448934492 -146.4952 3.677041 -82.15536
682 -142.65819894928813 -38.55157512139243 -74.45883448934492 -146.4961 3.682929 -82.15662
683 -142.65819894928813 -38.55157512139243 -74.45883448934492 -146.4944 3.686575 -82.15612
684 -142.65819894928813 -38.55157512139243 -74.45883448934492 -146.4943 3.692587 -82.15657
685 -142.65819894928813 -38.55157512139243 -74.45883448934492 -146.4929 3.697692 -82.15523
686 -142.65819894928813 -38.55157512139243 -74.45883448934492 -146.4903 3.703976 -82.15185
687 -142.65819894928813 -38.55157512139243 -74.45883448934492 -146.4878 3.711265 -82.14843
688 -142.65819894928813 -38.55157512139243 -74.45883448934492 -146.4858 3.71733 -82.14544
689 -142.65819894928813 -38.55157512139243 -74.45883448934492 -146.4866 3.721405 -82.14302
690 -142.65819894928813 -38.55157512139243 -74.45883448934492 -146.4873 3.72538 -82.14091
691 -142.65819894928813 -38.55157512139243 -74.45883448934492 -146.4876 3.730224 -82.13842
692 -142.65819894928813 -38.55157512139243 -74.45883448934492 -146.4871 3.733757 -82.13635
693 -142.65819894928813 -38.55157512139243 -74.45883448934492 -146.4865 3.736302 -82.13505
694 -142.65819894928813 -38.55157512139243 -74.45883448934492 -146.486 3.737147 -82.13362
695 -142.65819894928813 -38.55157512139243 -74.45883448934492 -146.4879 3.738183 -82.13326
696 -142.65819894928813 -38.55157512139243 -74.45883448934492 -146.4881 3.739743 -82.13252
697 -142.65819894928813 -38.55157512139243 -74.45883448934492 -146.4887 3.743962 -82.13297
698 -142.65819894928813 -38.55157512139243 -74.45883448934492 -146.4887 3.746808 -82.13315
699 -142.65819894928813 -38.55157512139243 -74.45883448934492 -146.489 3.749734 -82.13346
700 -142.65819894928813 -38.55157512139243 -74.45883448934492 -146.4885 3.751969 -82.13324
701 -142.65819894928813 -38.55157512139243 -74.45883448934492 -146.4862 3.756727 -82.13358
702 -142.65819894928813 -38.55157512139243 -74.45883448934492 -146.4847 3.76039 -82.13348
703 -142.65819894928813 -38.55157512139243 -74.45883448934492 -146.485 3.762686 -82.13363
704 -142.65819894928813 -38.55157512139243 -74.45883448934492 -146.4854 3.763251 -82.13382
705 -142.65819894928813 -38.55157512139243 -74.45883448934492 -146.4849 3.763444 -82.13351
706 -142.65819894928813 -38.55157512139243 -74.45883448934492 -146.4851 3.764354 -82.13339
707 -142.65819894928813 -38.55157512139243 -74.45883448934492 -146.4851 3.765829 -82.13304
708 -142.65819894928813 -38.55157512139243 -74.45883448934492 -146.4801 3.76976 -82.13367
709 -142.65819894928813 -38.55157512139243 -74.45883448934492 -146.4764 3.772636 -82.13276
710 -142.65819894928813 -38.55157512139243 -74.45883448934492 -146.4733 3.773749 -82.13226
711 -142.65819894928813 -38.55157512139243 -74.45883448934492 -146.4721 3.77466 -82.13189
712 -142.65819894928813 -38.55157512139243 -74.45883448934492 -146.4755 3.775066 -82.13281
713 -142.65819894928813 -38.55157512139243 -74.45883448934492 -146.4771 3.775151 -82.13308
714 -142.65819894928813 -38.55157512139243 -74.45883448934492 -146.4775 3.77602 -82.13322
715 -142.65819894928813 -38.55157512139243 -74.45883448934492 -146.4765 3.778253 -82.13318
716 -142.65819894928813 -38.55157512139243 -74.45883448934492 -146.506 3.817593 -82.14996
717 -142.65819894928813 -38.55157512139243 -74.45883448934492 -146.525 3.844867 -82.16201
718 -142.65819894928813 -38.55157512139243 -74.45883448934492 -146.5414 3.867997 -82.17605
719 -142.65819894928813 -38.55157512139243 -74.45883448934492 -146.5569 3.891863 -82.19557
720 -142.65819894928813 -38.55157512139243 -74.45883448934492 -146.5659 3.908776 -82.2173
721 -142.65819894928813 -38.55157512139243 -74.45883448934492 -146.5794 3.927281 -82.24565
722 -142.65819894928813 -38.55157512139243 -74.45883448934492 -146.5858 3.940279 -82.27544
723 -142.65819894928813 -38.55157512139243 -74.45883448934492 -146.5906 3.955031 -82.31013
724 -142.65819894928813 -38.55157512139243 -74.45883448934492 -146.5878 3.963825 -82.34431
725 -142.65819894928813 -38.55157512139243 -74.45883448934492 -146.5882 3.974088 -82.38439
726 -142.65819894928813 -38.55157512139243 -74.45883448934492 -146.5818 3.98079 -82.42617
727 -142.65819894928813 -38.55157512139243 -74.45883448934492 -146.578 3.988369 -82.47354
728 -142.65819894928813 -38.55157512139243 -74.45883448934492 -146.5675 3.993899 -82.52259
729 -142.65819894928813 -38.55157512139243 -74.45883448934492 -146.5518 4.000773 -82.57422
730 -142.65819894928813 -38.55157512139243 -74.45883448934492 -146.5331 4.006616 -82.63234
731 -142.65819894928813 -38.55157512139243 -74.45883448934492 -146.5075 4.013233 -82.69805
732 -142.65819894928813 -38.55157512139243 -74.45883448934492 -146.4759 4.019203 -82.77848
733 -142.6220479043482 -38.56070661248706 -74.55857850067461 -146.4452 4.024429 -82.88031
734 -142.63780562742383 -38.57654612914158 -74.67457848348333 -146.3964 4.029323 -82.98778
735 -142.67658059039442 -38.5717804260136 -74.80553158326079 -146.3513 4.033562 -83.11671
736 -142.6982712231443 -38.57331014022572 -74.9561930354851 -146.2958 4.037831 -83.25839
737 -142.64041781333506 -38.56865515797607 -75.11064060807108 -146.2309 4.040989 -83.41005
738 -142.60339278163326 -38.559486158550314 -75.28715300070404 -146.1563 4.045713 -83.57444
739 -142.58058672014363 -38.57086690530528 -75.47488216879368 -146.0701 4.051946 -83.74303
740 -142.50486094986388 -38.59092656060095 -75.65822456859786 -145.9804 4.058185 -83.92098
741 -142.41777866309445 -38.58246791768397 -75.85017871742514 -145.8795 4.063554 -84.10616
742 -142.31233447653764 -38.60437999260702 -76.04260615048481 -145.7599 4.070054 -84.29131
743 -142.20579484577897 -38.62723642833365 -76.24645229356504 -145.6332 4.076339 -84.48453
744 -142.10443835274125 -38.65593472671084 -76.46627862695198 -145.4913 4.08362 -84.6826
745 -141.97952143256546 -38.707283297272156 -76.69446140779029 -145.3153 4.089716 -84.88083
746 -141.87281091147412 -38.722348770014385 -76.96166520181364 -145.1255 4.095105 -85.09753
747 -141.76035727033636 -38.74385757286235 -77.25924944495145 -144.8957 4.100068 -85.31851
748 -141.64688620222236 -38.78925367875681 -77.57766075312327 -144.6601 4.109917 -85.56492
749 -141.52604525393522 -38.798367453853416 -77.92370574378424 -144.3964 4.121088 -85.81942
750 -141.28490000017607 -38.7846385179608 -78.24604802988505 -144.0775 4.128858 -86.06536
751 -141.0305606370136 -38.80897344237739 -78.58627270000133 -143.7422 4.134474 -86.32723
752 -140.73091699401456 -38.86669862280595 -78.92493943266157 -143.3707 4.13769 -86.59141
753 -140.65914993468144 -38.7981190428291 -79.40603184235631 -142.9474 4.141571 -86.84062
754 -140.25728308049753 -38.824394753856886 -79.71627860391767 -142.5033 4.14355 -87.08803
755 -139.8273109096176 -38.84362124177603 -80.04783060380774 -142.01 4.14816 -87.31564
756 -139.38243083191693 -38.88748911626408 -80.36851261804138 -141.5092 4.15337 -87.54335
757 -138.9041446352095 -38.94545662349032 -80.67716163171399 -140.9762 4.156256 -87.7514
758 -138.3809070171332 -38.9740180624767 -80.98777889159165 -140.3921 4.158657 -87.92431
759 -137.81719658898987 -39.03268220973736 -81.22821386460855 -139.7985 4.160018 -88.08758
760 -137.21506214775962 -39.087174284866286 -81.47609420638953 -139.1586 4.162171 -88.21988
761 -136.61248160398557 -39.14715240607247 -81.7405822197617 -138.5086 4.166045 -88.33879
762 -135.9623711180362 -39.192796899193745 -81.95806551609122 -137.8281 4.168871 -88.43333
763 -135.28337827149323 -39.26531310023557 -82.18170128587316 -137.1128 4.171257 -88.50147
764 -134.58411393675763 -39.33599927613386 -82.40002252145197 -136.3792 4.171706 -88.56031
765 -133.850947100478 -39.424213689977925 -82.6030618305004 -135.6148 4.169899 -88.60753
766 -133.08745303789985 -39.49391406891638 -82.79512661064689 -134.8254 4.168382 -88.64646
767 -132.30321608433138 -39.57172838635031 -82.995038150984 -134.0129 4.164762 -88.67609
768 -131.51773354757492 -39.62727500027344 -83.26701208637544 -133.1801 4.156812 -88.69656
769 -130.67811244255756 -39.72295254222613 -83.37940936659312 -132.3277 4.147637 -88.70556
770 -129.82766720208446 -39.80026562877893 -83.57054190835488 -131.4527 4.136633 -88.70109
771 -128.94256479989522 -39.866781318934066 -83.72562424359022 -130.552 4.122623 -88.68049
772 -128.04431034337085 -39.93578311193406 -83.9194187097054 -129.6312 4.103983 -88.64953
773 -127.12285120294355 -40.02780582544307 -84.09922547733515 -128.6888 4.084791 -88.61212
774 -126.17465541541739 -40.1243941457334 -84.25514950168709 -127.7239 4.065878 -88.57569
775 -125.20983647990359 -40.22448413399426 -84.45055623276082 -126.7352 4.048213 -88.54051
776 -124.21611953440376 -40.29349806297887 -84.64530766291882 -125.721 4.031067 -88.50489
777 -123.20887756777371 -40.388957928992575 -84.87917797198968 -124.6835 4.013952 -88.46433
778 -122.17441745651736 -40.51392065104477 -85.0493297720412 -123.6288 3.99689 -88.4197
779 -121.11899370110216 -40.616642975240126 -85.23814313869235 -122.5531 3.978093 -88.36834
780 -120.0430329801937 -40.717772264040995 -85.41789743801446 -121.4602 3.960347 -88.29428
781 -118.94539710745345 -40.84200858102311 -85.5565368720347 -120.3502 3.940654 -88.21078
782 -117.83773676367474 -40.97082745019034 -85.71369051649299 -119.2271 3.920264 -88.13057
783 -116.71286316999212 -41.076753440684755 -85.89430625611244 -118.0866 3.901849 -88.04055
784 -115.57571994741309 -41.1661908418589 -86.10686811447331 -116.9301 3.883303 -87.94868
785 -114.42016402157503 -41.30394795862384 -86.25461094078024 -115.7614 3.867981 -87.84858
786 -113.25353068063899 -41.41694211377334 -86.44000474465302 -114.5794 3.849717 -87.74507
787 -112.07304173790736 -41.53913090382886 -86.62101841012922 -113.3837 3.830963 -87.63924
788 -110.89018494468525 -41.6784290851749 -86.81233653392037 -112.1817 3.81218 -87.53924
789 -109.70257013041396 -41.80171158065976 -87.01428173702112 -110.9751 3.791845 -87.43868
790 -108.53330504678128 -41.93435795299109 -87.27166520775259 -109.7745 3.771694 -87.34289
791 -107.36455130458974 -42.073208336988024 -87.50106634436085 -108.5794 3.750574 -87.24708
792 -106.18528414063812 -42.21760253757983 -87.65608640163391 -107.3857 3.726738 -87.14676
793 -105.01966871782975 -42.36880176821997 -87.85626488007024 -106.1976 3.701746 -87.04988
794 -103.85008109540483 -42.520697954233164 -88.02837240466182 -105.0099 3.677172 -86.95296
795 -102.67559778051066 -42.67834554647794 -88.16350203279201 -103.8211 3.653224 -86.85966
796 -101.51084972400935 -42.78403859358105 -88.39892269087343 -102.6322 3.628733 -86.76401
797 -100.35437993687763 -42.8915720172294 -88.66405539422401 -101.4446 3.607239 -86.67222
798 -99.19835377323753 -43.011142220472244 -88.9068448144156 -100.2617 3.588698 -86.572
799 -98.04074590078449 -43.17919532612376 -89.06976808031592 -99.08436 3.569432 -86.48067
800 -96.8909959690173 -43.29528827691829 -89.29967027663679 -97.91011 3.547496 -86.38626
801 -95.73224920426232 -43.45899651000761 -89.43261520573387 -96.73614 3.526824 -86.29387
802 -94.57906661014287 -43.62117193852072 -89.60459423165138 -95.56279 3.506517 -86.20143
803 -93.42950689997163 -43.76580710175732 -89.79492842324741 -94.3923 3.490095 -86.11023
804 -92.29274992610502 -43.90888811366003 -90.01788501063501 -93.22888 3.474064 -86.01752
805 -91.163391494759 -44.08932199268212 -90.22071346838369 -92.07077 3.457332 -85.93007
806 -90.02418608630745 -44.23637149708967 -90.37707840053989 -90.91482 3.439932 -85.8444
807 -88.89855222449002 -44.40264276824986 -90.5890322754885 -89.76083 3.420499 -85.7575
808 -87.77313638553849 -44.52802829160026 -90.82364442963261 -88.60756 3.402298 -85.67406
809 -86.64993089989913 -44.71439840163737 -91.00216165805446 -87.45822 3.383825 -85.59118
810 -85.541459210221 -44.896755754238626 -91.23312878636358 -86.31428 3.36566 -85.5113
811 -84.44115660642899 -45.06447622361893 -91.48350544972372 -85.17639 3.347256 -85.4316
812 -83.33467577257288 -45.22518523337123 -91.69109217790624 -84.04212 3.327124 -85.35257
813 -82.2147406979581 -45.370157675975435 -91.85241545017956 -82.90481 3.306136 -85.26665
814 -81.10219516993178 -45.5273364963472 -92.00589944288275 -81.77442 3.285675 -85.17822
815 -79.99546501077408 -45.673549370220336 -92.19384662382878 -80.64658 3.266626 -85.08247
816 -78.89598567862649 -45.773055166212465 -92.41220612045815 -79.52584 3.245394 -84.98283
817 -77.79790308378075 -45.91821710452546 -92.58416480456006 -78.40969 3.221768 -84.88244
818 -76.70014269357394 -46.05118399965165 -92.79330531481443 -77.28896 3.191912 -84.78461
819 -75.60682229074747 -46.205382129682654 -92.97470727081908 -76.17485 3.162484 -84.68498
820 -74.51192328417498 -46.339465208373944 -93.14491861114702 -75.06363 3.133853 -84.58436
821 -73.41566593877008 -46.48910599103897 -93.26284382901488 -73.95599 3.108503 -84.48155
822 -72.32660083255567 -46.64255141407234 -93.42507075495608 -72.84964 3.082721 -84.37548
823 -71.23825233044936 -46.811379051483925 -93.53266750634727 -71.74856 3.05932 -84.26751
824 -70.15647335479979 -46.97656856321263 -93.67548973157277 -70.65049 3.035851 -84.1597
825 -69.08180423153847 -47.13964887667388 -93.84177811398764 -69.5564 3.014567 -84.05165
826 -68.00645205570493 -47.306749335665614 -93.99173266040358 -68.4631 2.993483 -83.94657
827 -66.92606574736192 -47.45319134602589 -94.13256999887456 -67.36871 2.973202 -83.84452
828 -65.8505756708657 -47.60397627216629 -94.32874882885108 -66.26978 2.959134 -83.74424
829 -64.7721503404346 -47.74743604557275 -94.49415045091008 -65.17361 2.945193 -83.64855
830 -63.68623886787903 -47.901156014167356 -94.63328173206722 -64.07225 2.930056 -83.55385
831 -62.62028140942914 -48.03348641696286 -94.80404981807867 -62.98846 2.914583 -83.46386
832 -61.5478746233017 -48.180377433483066 -94.99218525083516 -61.89385 2.894478 -83.37192
833 -60.48533168167549 -48.33874169886861 -95.21070424361427 -60.80165 2.873362 -83.27983
834 -59.433464522132034 -48.49328504308959 -95.4012765803134 -59.72532 2.851534 -83.19229
835 -58.3783301280103 -48.6555930462685 -95.53487844243148 -58.65323 2.82608 -83.10582
836 -57.3327989456481 -48.81756524408832 -95.67938837319996 -57.58891 2.801637 -83.02288
837 -56.28235287570852 -48.941536668629475 -95.9039536203815 -56.51193 2.779651 -82.92872
838 -55.23869433313368 -49.08303321083355 -96.12502341047242 -55.43924 2.756445 -82.84557
839 -54.1796123591486 -49.2189632894857 -96.28732208983386 -54.36293 2.73159 -82.75948
840 -53.12806176648859 -49.36810849133509 -96.47398752956676 -53.28795 2.707333 -82.67777
841 -52.07460595847674 -49.53850024222439 -96.6156794130462 -52.21491 2.68434 -82.59449
842 -51.03742095340698 -49.67063629105938 -96.83062388420494 -51.15105 2.663165 -82.50983
843 -50.00948004748772 -49.81205493454628 -97.00609003644296 -50.10238 2.644628 -82.42382
844 -48.97947814398549 -49.9582052818536 -97.1676233774123 -49.05334 2.626537 -82.33696
845 -47.95158900111614 -50.13222451584087 -97.31110879548251 -48.00472 2.609242 -82.25022
846 -46.92652139388741 -50.29907329628982 -97.44601290208072 -46.96133 2.59164 -82.16174
847 -45.89893248209478 -50.44209146782811 -97.61429132767256 -45.91385 2.573083 -82.07717
848 -44.862504154646615 -50.58757640124434 -97.80170065404629 -44.85398 2.560563 -81.99356
849 -43.83362297636895 -50.74118550424555 -98.01595707282087 -43.795 2.547118 -81.91307
850 -42.80125040438448 -50.883181940598085 -98.25005090656784 -42.72975 2.539457 -81.836
851 -41.76033595155958 -51.05193615127796 -98.39299567473739 -41.66873 2.528194 -81.75523
852 -40.71447883153797 -51.19603077218375 -98.54340117982976 -40.60585 2.51585 -81.66958
853 -39.68459189360507 -51.35506360202033 -98.72043039354696 -39.55165 2.50395 -81.5933
854 -38.653165459406 -51.50950493281595 -98.9006308433285 -38.49644 2.488082 -81.51302
855 -37.62365660972851 -51.6749026627881 -99.04737432182344 -37.44699 2.467897 -81.4292
856 -36.59323747995886 -51.832060208886546 -99.184695752307 -36.39931 2.449328 -81.34352
857 -35.57336829168192 -52.002020480603434 -99.32846788417629 -35.35893 2.430647 -81.26015
858 -34.55734116105947 -52.14986428446907 -99.48258193682118 -34.32413 2.409772 -81.17846
859 -33.54399083737387 -52.29929965245998 -99.64282053321946 -33.29069 2.388158 -81.09833
860 -32.54423249258301 -52.45068621182924 -99.83026946967783 -32.26565 2.364654 -81.01888
861 -31.52826829895188 -52.597575875700926 -99.96064358839811 -31.23423 2.341459 -80.93893
862 -30.517938028954106 -52.73179223504726 -100.1214084625281 -30.20542 2.319947 -80.86334
863 -29.510824824554835 -52.868316884658746 -100.2636322848262 -29.18198 2.301513 -80.79003
864 -28.514680986788527 -53.01661764683299 -100.42318305087805 -28.16485 2.28654 -80.7195
865 -27.525836588238146 -53.18078116378438 -100.56476858090734 -27.15493 2.273856 -80.65087
866 -26.53638319663022 -53.33635650391802 -100.72955184189541 -26.14248 2.258338 -80.5796
867 -25.550490091769447 -53.45640828543314 -100.93359688845871 -25.13087 2.24336 -80.51287
868 -24.563371791819435 -53.601519683955374 -101.07118276299425 -24.12616 2.224417 -80.44513
869 -23.58349877610895 -53.72641478025801 -101.25848220680278 -23.12314 2.200874 -80.38011
870 -22.619523528120137 -53.8635565555761 -101.47489290009565 -22.12814 2.179186 -80.31382
871 -21.64060938229662 -53.98273773933877 -101.60239710225203 -21.13624 2.158118 -80.2473
872 -20.688972917778095 -54.13516023473575 -101.77772115632511 -20.15914 2.136539 -80.18102
873 -19.742718607096336 -54.261179180915086 -101.85826410042965 -19.20344 2.115684 -80.11803
874 -18.834326386017924 -54.37991970109065 -102.06998895525936 -18.26545 2.094794 -80.05605
875 -17.930442822625178 -54.50200741682728 -102.22285792633797 -17.34296 2.076612 -79.99311
876 -17.055853819812224 -54.63964198112113 -102.41250317081904 -16.43997 2.056734 -79.92964
877 -16.19444249782978 -54.77354940672669 -102.56142864423491 -15.55805 2.038136 -79.86631
878 -15.358764333770685 -54.90099351536567 -102.71456199848546 -14.70187 2.021472 -79.79755
879 -14.533212429090648 -55.022266989863994 -102.82893446474488 -13.86242 2.006898 -79.73095
880 -13.743420907187959 -55.11673551710047 -103.0201141484495 -13.04799 1.982635 -79.65774
881 -12.972543638632928 -55.23737450535859 -103.19695708948247 -12.25209 1.955701 -79.58095
882 -12.199239536122015 -55.32511238382766 -103.30052739440879 -11.471 1.931372 -79.50525
883 -11.448034937588824 -55.44081855549705 -103.34224563306047 -10.71407 1.907256 -79.42836
884 -10.727996639554018 -55.5272569053314 -103.49147445745794 -9.978597 1.882125 -79.34685
885 -10.032238015886135 -55.58680535666514 -103.65521459512895 -9.267307 1.855018 -79.25871
886 -9.34501202006954 -55.70250214298758 -103.69607589884706 -8.577034 1.82462 -79.15904
887 -8.682436811347886 -55.79371682738507 -103.75004075350007 -7.915426 1.793514 -79.05159
888 -8.037440836351418 -55.89642502386986 -103.73644530123856 -7.272311 1.764992 -78.94049
889 -7.415869195280778 -55.94230484188425 -103.74191621155703 -6.660991 1.73223 -78.82344
890 -6.814005245525187 -56.003486267019106 -103.78321630066186 -6.068827 1.702411 -78.69639
891 -6.207833372219209 -56.10310650159882 -103.80279781306517 -5.472914 1.669583 -78.54955
892 -5.661300267905201 -56.17485662550444 -103.83019287381373 -4.940333 1.642761 -78.4073
893 -5.090023094335001 -56.27325751362451 -103.80049987134136 -4.382647 1.616116 -78.24856
894 -4.555833650200623 -56.348057856233346 -103.83009098269262 -3.86783 1.594797 -78.08627
895 -4.045801364991041 -56.440898960412255 -103.67454960148257 -3.358995 1.576012 -77.90275
896 -3.526066450832048 -56.531998716523745 -103.62205317399872 -2.864838 1.557809 -77.71129
897 -3.021801078379619 -56.637960672760215 -103.53545157328632 -2.385605 1.5388 -77.50396
898 -2.525659269287927 -56.72934847863062 -103.44565781986542 -1.921735 1.519288 -77.28713
899 -2.0307689007151235 -56.79376712191326 -103.34716321609191 -1.46975 1.500554 -77.05448
900 -1.5237810162366885 -56.84068636637028 -103.31708742355607 -1.027851 1.487556 -76.80012
901 -1.074162855084356 -56.881192478518976 -103.09887341093497 -0.6036779 1.472946 -76.53314
902 -0.5894990852634736 -56.9349963820654 -103.00965764470348 -0.2051226 1.455786 -76.23884
903 -0.1359715054267635 -57.00257359418764 -102.82152584183059 0.166806 1.434811 -75.91192
904 0.276327844699477 -57.08945598590661 -102.58281348811695 0.5205388 1.418536 -75.58157
905 0.7354759107099528 -57.138397750172196 -102.45136273339014 0.8592366 1.400138 -75.24181
906 1.1591873691834937 -57.20639889980943 -102.2292682510413 1.18203 1.376718 -74.88301
907 1.4909454088282534 -57.27604463941957 -101.89743097263332 1.473046 1.350348 -74.50932
908 1.8695151920153228 -57.37978945224178 -101.62649926058177 1.733786 1.324453 -74.11079
909 2.2181232012790493 -57.448519798688075 -101.31970620296059 1.977241 1.308518 -73.70973
910 2.494992224445141 -57.49171121050015 -100.93884353174992 2.211269 1.295259 -73.29908
911 2.820340574285842 -57.587534270276535 -100.59408882730627 2.4317 1.282661 -72.8688
912 3.1117061704943003 -57.681264592303684 -100.22744070015467 2.625592 1.26876 -72.43254
913 3.3671378633350733 -57.73609935359315 -99.81422271937475 2.77869 1.258343 -71.96837
914 3.60251053287224 -57.795571847863634 -99.40398662982608 2.915642 1.253995 -71.5118
915 3.8199445509836925 -57.87588826439542 -98.98749126030994 3.046312 1.25835 -71.05343
916 4.001958242677969 -57.96747290700322 -98.54461395021806 3.160868 1.257972 -70.57958
917 4.1852271686949525 -58.03703534941992 -98.09902525579729 3.257933 1.264619 -70.1026
918 4.324962729087313 -58.11078603326508 -97.62655257812882 3.33279 1.267119 -69.61007
919 4.426207788803352 -58.17167619093685 -97.14326178037369 3.394982 1.272526 -69.11648
920 4.536718649743239 -58.243927286972756 -96.65233202366207 3.452999 1.270676 -68.61143
921 4.646227210718482 -58.32372481857214 -96.15308368163099 3.505748 1.267062 -68.09683
922 4.771740900011198 -58.40470173241878 -95.65176776115368 3.551082 1.26175 -67.57573
923 4.89066965680206 -58.49445406898018 -95.14206867724737 3.59156 1.259481 -67.04625
924 5.008975439446118 -58.601051867448774 -94.6244007361745 3.623078 1.252875 -66.5056
925 5.1234238300146275 -58.69490427508549 -94.0885720494153 3.647772 1.243096 -65.95034
926 5.253773828313285 -58.78653348796764 -93.5375742056381 3.663801 1.234892 -65.37705
927 5.35887074943088 -58.872101327335486 -92.96626178514077 3.673887 1.227201 -64.79002
928 5.468599196828337 -58.95720072139536 -92.37736241885449 3.677308 1.218704 -64.18504
929 5.589846789178476 -59.0523464694016 -91.77502776452134 3.675967 1.209466 -63.56337
930 5.673892674141239 -59.172673691924494 -91.15401236417627 3.664022 1.199856 -62.92543
931 5.843844850054771 -59.27594636045585 -90.5304422231603 3.643049 1.189755 -62.27133
932 5.952909733728642 -59.38200071901217 -89.87839830644502 3.617203 1.179028 -61.60236
933 6.075297948290584 -59.49515374400648 -89.21167967413378 3.591227 1.168096 -60.9157
934 6.206557200390483 -59.609439655602365 -88.52630002600446 3.556391 1.152451 -60.2096
935 6.291403368773003 -59.732667196059026 -87.82493689511661 3.520319 1.139602 -59.49348
936 6.374746391110385 -59.82143415836801 -87.10110486603797 3.485568 1.128869 -58.76038
937 6.429775109201507 -59.92390184630659 -86.36160490725044 3.451301 1.117531 -58.01266
938 6.526882667538454 -60.046618723757874 -85.61953148240123 3.415287 1.106594 -57.2552
939 6.626275659850926 -60.1840525169623 -84.8760664524411 3.375737 1.094891 -56.49375
940 6.692807059797106 -60.310551859521716 -84.12411923966468 3.332427 1.084248 -55.72964
941 6.796607967482017 -60.443595718716026 -83.37712223423128 3.288581 1.074394 -54.96514
942 6.874991429396038 -60.55130227943681 -82.62580366768839 3.243097 1.064884 -54.20352
943 6.948748061514172 -60.67947367047621 -81.8729331270922 3.192353 1.056466 -53.43799
944 7.050619356762001 -60.80851966689685 -81.1236988908534 3.132861 1.04964 -52.67327
945 7.144060804155594 -60.91824285236476 -80.36864852375743 3.069795 1.042836 -51.90721
946 7.1991743042162435 -61.03056728675943 -79.61138967165797 3.005492 1.035311 -51.14242
947 7.269562480909183 -61.132897819713584 -78.85248327273703 2.937896 1.027891 -50.37643
948 7.377679704338126 -61.265357587955144 -78.10471932403036 2.871709 1.018952 -49.61228
949 7.459730062634001 -61.36131268721794 -77.34592392986538 2.80322 1.010036 -48.84616
950 7.590260665512114 -61.48540685645243 -76.60088042928341 2.741985 0.9980856 -48.0822
951 7.688975311534634 -61.59712530879737 -75.85012642902254 2.690256 0.9818285 -47.31871
952 7.8268582690494855 -61.72169583424639 -75.10791458769519 2.632847 0.9665624 -46.5559
953 7.925824969270104 -61.84266142443916 -74.36311866416926 2.573747 0.9515027 -45.79733
954 8.043174047910787 -61.96522214221557 -73.62224481112386 2.514617 0.9390078 -45.03968
955 8.129578295508813 -62.07776982029106 -72.8798879993668 2.455917 0.9260055 -44.28628
956 8.22983159301402 -62.196602432688394 -72.1428662377228 2.395278 0.9139468 -43.53558
957 8.31664279117037 -62.29978779545419 -71.40414062954169 2.336487 0.9025269 -42.78704
958 8.473038571161116 -62.433158721432015 -70.68746742496177 2.281395 0.8911355 -42.0436
959 8.620259196671993 -62.537499861887184 -69.96812972113297 2.229024 0.8765595 -41.30397
960 8.756488163091584 -62.662424722001475 -69.25991494346137 2.176053 0.8564019 -40.57423
961 8.85211417043149 -62.768004527835586 -68.55139209189677 2.128161 0.8397655 -39.85331
962 8.95747924371411 -62.88935560550953 -67.85647963912264 2.080478 0.8233957 -39.14184
963 9.073913966833816 -62.99728180416927 -67.17166215447631 2.023801 0.8103769 -38.44127
964 9.122661343657194 -63.10503268914791 -66.49248070184663 1.97541 0.7933529 -37.75378
965 9.225641738813913 -63.215797626961866 -65.8331805346077 1.93323 0.7801851 -37.0788
966 9.28416418291087 -63.327324713970505 -65.17973361474057 1.89552 0.7597285 -36.41471
967 9.394132814092776 -63.4420662857976 -64.54034215053409 1.851613 0.7422292 -35.75756
968 9.473555999969363 -63.566031760556974 -63.90368436248116 1.807991 0.7220826 -35.10587
969 9.619556252108374 -63.690995732400886 -63.28344209133767 1.766675 0.7015109 -34.45818
970 9.687760510285353 -63.80111906032799 -62.65066594913797 1.727417 0.6817103 -33.81378
971 9.740894689647563 -63.91448901477912 -62.02472475932598 1.687773 0.6642943 -33.17691
972 9.827897659340511 -64.03036416167554 -61.40746972297864 1.645582 0.6488052 -32.54447
973 9.88607836960772 -64.14085065724382 -60.79110653466606 1.602843 0.6337501 -31.91722
974 10.030320504629636 -64.23873295100162 -60.19047794147407 1.561553 0.6192475 -31.29334
975 10.15095987497568 -64.33200559395955 -59.58935554807736 1.524724 0.6035847 -30.67447
976 10.210267524800459 -64.45204055806275 -58.987449298643035 1.488055 0.5854894 -30.05921
977 10.357848384207676 -64.56085905272634 -58.404001944668764 1.45003 0.5615753 -29.44928
978 10.379611773155508 -64.66886278019443 -57.80356230083726 1.412389 0.5423823 -28.84028
979 10.409473245176402 -64.79755520432555 -57.211050082162565 1.378315 0.5196914 -28.2346
980 10.528163062765014 -64.91011704688643 -56.62800084900715 1.340783 0.4975266 -27.63061
981 10.552563411866851 -65.03027447417625 -56.03735012079268 1.305986 0.4776523 -27.0287
982 10.615254816147054 -65.13423704109614 -55.450300404149836 1.267692 0.4591265 -26.43074
983 10.666285953071855 -65.24700447238014 -54.86506205823489 1.229249 0.4405908 -25.83408
984 10.773324431479901 -65.36149200055691 -54.290080826197816 1.191105 0.4256449 -25.23953
985 10.82229157985415 -65.46854194145139 -53.707801132077485 1.152074 0.4124776 -24.6469
986 10.916706286099357 -65.57695599704815 -53.137680323377694 1.111448 0.4026685 -24.06042
987 10.995591202916884 -65.67610463124251 -52.56629963480457 1.067365 0.3920096 -23.47692
988 11.065403676364154 -65.7709524634671 -51.99810171857289 1.022814 0.381693 -22.89845
989 11.152158123036095 -65.86864593304526 -51.4394487099396 0.9777518 0.3707154 -22.3266
990 11.199171952743766 -65.95526692327053 -50.8852654157569 0.9345741 0.3612177 -21.76546
991 11.244559567611793 -66.04470108791969 -50.33945039147473 0.8867823 0.3506486 -21.21267
992 11.357020674844202 -66.1479285883992 -49.81741092201211 0.8446471 0.3428022 -20.67046
993 11.424822741561044 -66.24183260226783 -49.29821285292562 0.8029049 0.3330321 -20.14023
994 11.48807461405112 -66.34760876851388 -48.79142372035972 0.7667103 0.3282057 -19.61995
995 11.582659120901294 -66.4302283554731 -48.29758096268764 0.7322119 0.3216458 -19.1116
996 11.693777594233605 -66.52234571240875 -47.822221760462355 0.6995025 0.3170837 -18.61591
997 11.756628115934108 -66.61084982061251 -47.349508768678675 0.6673674 0.3108239 -18.132
998 11.818908275374925 -66.68822156352886 -46.88416046923385 0.6355362 0.3060331 -17.65726
999 11.883850141748953 -66.76818785038515 -46.433510690996414 0.6017668 0.2964822 -17.19632
1000 11.976859913720661 -66.85341650967906 -45.99803661159977 0.5679449 0.2867121 -16.74431
1001 12.048379702473063 -66.94232589140047 -45.57460481404067 0.5366303 0.2753636 -16.30704
1002 12.11715155540626 -67.0163361855578 -45.16447799336788 0.5073413 0.2644759 -15.88581
1003 12.153553575533131 -67.09442851102165 -44.75115199213837 0.4756959 0.2538892 -15.46492
1004 12.21108030977864 -67.16724656459583 -44.39179452499712 0.4466098 0.2450817 -15.09502
1005 12.268994065541984 -67.23385879783727 -44.03283917533572 0.4170347 0.2363433 -14.72666
1006 12.31898216613307 -67.29386221644225 -43.69929260884722 0.3916312 0.2279003 -14.38514
1007 12.349642427611426 -67.35286976953498 -43.38470481390964 0.3699658 0.2140665 -14.06463
1008 12.393287765620332 -67.40826647281412 -43.08819783955703 0.3512582 0.2032018 -13.76062
1009 12.44301119023193 -67.4613111052122 -42.81043124625637 0.3319222 0.1919107 -13.47437
1010 12.452739617286184 -67.51402444823502 -42.539699332554704 0.3139292 0.1822253 -13.19914
1011 12.498252961746061 -67.56520458355988 -42.27924437864635 0.299516 0.1737489 -12.93035
1012 12.549943452012888 -67.61525506743571 -42.02854578120829 0.2860852 0.1660659 -12.66999
1013 12.600286781286872 -67.66179081754562 -41.77836921945062 0.2755991 0.1593153 -12.41089
1014 12.653603037944304 -67.71380958381147 -41.53111009719836 0.2638684 0.1529288 -12.153
1015 12.667676898338543 -67.76247327917864 -41.27968288843179 0.2561202 0.1472591 -11.8967
1016 12.697352502810743 -67.81014769106552 -41.03264421783808 0.2503151 0.1411226 -11.6435
1017 12.74109433712861 -67.85775896245512 -40.78826744138996 0.2385751 0.1355226 -11.39105
1018 12.751863577002938 -67.90515368669273 -40.54172419763372 0.2255563 0.1287714 -11.14019
1019 12.78564607624797 -67.95476486325921 -40.3017996611918 0.2115382 0.1228655 -10.89334
1020 12.81025857545866 -68.00851678988788 -40.06010328456011 0.1981649 0.1204292 -10.64489
1021 12.825940961802191 -68.05128554001219 -39.81709841593551 0.1839541 0.1141874 -10.39814
1022 12.836778942144605 -68.09889566008478 -39.57557327601492 0.1693736 0.1079282 -10.15224
1023 12.901580946501127 -68.12898123709526 -39.34107391661816 0.151201 0.1010753 -9.907869
1024 12.93905273223695 -68.1723947674791 -39.10437001082515 0.132765 0.09648987 -9.665059
1025 12.963279584724923 -68.208806908183 -38.866975714714876 0.1131098 0.09200309 -9.424513
1026 13.006580047190493 -68.24830291659194 -38.632124410254754 0.09101141 0.08827309 -9.183499
1027 13.027915217775112 -68.29879184664627 -38.40127804240682 0.06543519 0.08241309 -8.94769
1028 13.033172297804796 -68.33962091093147 -38.16934079941506 0.04083069 0.07406821 -8.713565
1029 13.069156921514265 -68.36745667294055 -37.935604273493006 0.01685971 0.06895291 -8.476707
1030 13.119480277023264 -68.4099835603803 -37.709531454762754 -0.008130694 0.0653196 -8.242587
1031 13.141069687698844 -68.450653094249 -37.47855381671389 -0.0370814 0.06224212 -8.008871
1032 13.127565717012432 -68.47362650265136 -37.24709868904067 -0.07086213 0.05793854 -7.778389
1033 13.120552434897705 -68.50514767796132 -37.018155041547665 -0.1055715 0.0505747 -7.549918
1034 13.154469240707783 -68.55717178963206 -36.79642090751598 -0.1332081 0.04493818 -7.321385
1035 13.198712645373432 -68.58756872379705 -36.574019250806145 -0.1584155 0.04066731 -7.09403
1036 13.23410370847362 -68.61396210830671 -36.35064509371743 -0.1817262 0.03554511 -6.867589
1037 13.252226462455699 -68.65940622975558 -36.12483317049454 -0.2082007 0.02607704 -6.638255
1038 13.280232028489825 -68.69536119429615 -35.9021945216268 -0.2343012 0.01689914 -6.41269
1039 13.345165164191176 -68.75356665995656 -35.69410872733517 -0.2605138 0.006487083 -6.188841
1040 13.361501086787781 -68.78597953071667 -35.47256267859176 -0.2848702 -0.002995286 -5.965868
1041 13.352472157975473 -68.81700974800188 -35.249936040153116 -0.3079171 -0.01257988 -5.742297
1042 13.429520710227063 -68.85121420123944 -35.04239759831534 -0.3276403 -0.02120828 -5.519328
1043 13.429707202466759 -68.87173263081446 -34.81934250632744 -0.3442492 -0.02776683 -5.296044
1044 13.487688410859866 -68.91783216007391 -34.60401587269132 -0.3603525 -0.03365884 -5.068979
1045 13.534823154536333 -68.96927605360706 -34.378824372261015 -0.3761889 -0.0401751 -4.833849
1046 13.589933292575461 -68.99859671051227 -34.139526869217626 -0.3883831 -0.04408253 -4.586875
1047 13.672201287344407 -69.04308821744796 -33.89777872827325 -0.4015895 -0.04852264 -4.32804
1048 13.671408443307591 -69.08865539556432 -33.630919391757175 -0.4129028 -0.05184738 -4.057574
1049 13.672446027110619 -69.15076295870449 -33.35609927747528 -0.4240876 -0.05696394 -3.77609
1050 13.688937512481958 -69.19262518300506 -33.0665011761357 -0.4312891 -0.06308662 -3.48317
1051 13.71334059372569 -69.26021829244937 -32.77342767972323 -0.4408512 -0.06990187 -3.181643
1052 13.726622331962448 -69.31051859442393 -32.46859448529221 -0.454006 -0.07544684 -2.872732
1053 13.756065361284914 -69.3903621112938 -32.16317875764076 -0.4645429 -0.08065293 -2.5559
1054 13.775219293192084 -69.45005404927093 -31.84455099766956 -0.4725894 -0.08314586 -2.231273
1055 13.787448665504936 -69.50479154887718 -31.514892945469327 -0.4804756 -0.08733471 -1.896997
1056 13.911065379620256 -69.56868980783896 -31.203737141837983 -0.4879376 -0.0933525 -1.556277
1057 13.952836775548223 -69.63076586929792 -30.86234346996763 -0.4929063 -0.09990064 -1.206877
1058 14.078629491117692 -69.6957024798917 -30.53541683091854 -0.4949177 -0.1050763 -0.8506597
1059 14.147918201882732 -69.75594908687462 -30.18157411313764 -0.4997101 -0.1105933 -0.4851712
1060 14.21357546881974 -69.81385386833541 -29.815434290992016 -0.5088378 -0.1157865 -0.1088576
1061 14.263118752724505 -69.88571674195957 -29.437803098550834 -0.5209827 -0.1196282 0.2785206
1062 14.317323533241348 -69.92425669956833 -29.041911305533493 -0.5115556 -0.1105472 0.6797468
1063 14.497738590517955 -69.98177928267546 -28.676790549729766 -0.4737364 -0.09224491 1.0889
1064 14.605907011464875 -70.05781030514405 -28.293772765516014 -0.4339981 -0.08769902 1.492117
1065 14.654892129795673 -70.13413939114811 -27.903316687708774 -0.3883676 -0.0866064 1.890361
1066 14.788463929264081 -70.21861637825377 -27.54495313884597 -0.3696291 -0.09413486 2.281506
1067 14.843323802058558 -70.28959819978294 -27.16776184572298 -0.3685772 -0.09619576 2.669212
1068 14.918198922548616 -70.3544080848727 -26.798889465353167 -0.3877857 -0.09757224 3.05066
1069 14.968221260184206 -70.4221338776992 -26.429479807936787 -0.4147316 -0.0994854 3.428579
1070 14.982008019359768 -70.48109690815768 -26.058825477070865 -0.4428038 -0.1044886 3.803063
1071 15.008986756654688 -70.54825132393138 -25.69228056602112 -0.473375 -0.113 4.175334
1072 14.977628219793349 -70.62328119315416 -25.327510910091895 -0.5212578 -0.1244534 4.545801
1073 14.994440592508996 -70.7004276151485 -24.965774634701052 -0.5907949 -0.1371187 4.909245
1074 14.955660604225193 -70.76376229247006 -24.611095248735616 -0.6694622 -0.1454802 5.262875
1075 14.916563878696072 -70.82633548811741 -24.2627636301874 -0.754007 -0.1526452 5.608678
1076 14.810541189439705 -70.87067735596214 -23.928664344067638 -0.8389403 -0.1577788 5.951591
1077 14.804029352042093 -70.95391954084535 -23.586424553193435 -0.9296743 -0.162834 6.291946
1078 14.801123948933512 -71.02552925942796 -23.244021213525617 -1.032008 -0.1682553 6.626423
1079 14.744715484561286 -71.07438521642459 -22.90408469533347 -1.13596 -0.1742996 6.958512
1080 14.70173269886495 -71.1349751370448 -22.56838274409842 -1.22934 -0.1749966 7.289411
1081 14.676248444802688 -71.186462835244 -22.234605354471448 -1.312862 -0.176227 7.617634
1082 14.682971835923556 -71.25549878182983 -21.907747348475212 -1.383808 -0.178361 7.944145
1083 14.68139682713941 -71.31553899319094 -21.603495335191813 -1.438607 -0.1800396 8.249384
1084 14.665544941776991 -71.36065841657657 -21.331987207965362 -1.485319 -0.1784785 8.521081
1085 14.667012096165594 -71.39655545486838 -21.099977210683164 -1.531094 -0.1800686 8.751345
1086 14.62973185639545 -71.43285706526007 -20.908277156295952 -1.56547 -0.1843807 8.946937
1087 14.623937146058331 -71.46576613940795 -20.750316556030796 -1.589383 -0.1876084 9.10658
1088 14.638258385848292 -71.4856631292686 -20.626286739105133 -1.603789 -0.1880929 9.232185
1089 14.638258385848292 -71.4856631292686 -20.626286739105133 -1.615795 -0.188175 9.324632
1090 14.638258385848292 -71.4856631292686 -20.626286739105133 -1.626597 -0.1885721 9.380866
1091 14.638258385848292 -71.4856631292686 -20.626286739105133 -1.634967 -0.1888051 9.405472
1092 14.638258385848292 -71.4856631292686 -20.626286739105133 -1.635852 -0.1890361 9.404838
1093 14.638258385848292 -71.4856631292686 -20.626286739105133 -1.636807 -0.1924645 9.386956
1094 14.638258385848292 -71.4856631292686 -20.626286739105133 -1.637558 -0.1977199 9.378778
1095 14.638258385848292 -71.4856631292686 -20.626286739105133 -1.640332 -0.1993791 9.376167
1096 14.638258385848292 -71.4856631292686 -20.626286739105133 -1.641127 -0.1963128 9.372464
1097 14.638258385848292 -71.4856631292686 -20.626286739105133 -1.643107 -0.1932542 9.369584
1098 14.638258385848292 -71.4856631292686 -20.626286739105133 -1.64354 -0.1932834 9.37105
1099 14.638258385848292 -71.4856631292686 -20.626286739105133 -1.643726 -0.1924916 9.370281
1100 14.638258385848292 -71.4856631292686 -20.626286739105133 -1.643555 -0.191078 9.367453
